5.626386492404949e-04  6.347228145797317e-01
6.247929066443015e-04  6.742110715376839e-01
6.913638745030562e-04  7.144430362351386e-01
7.625031547444399e-04  7.553830771462344e-01
8.383623492961343e-04  7.969966553999939e-01
9.190930600858201e-04  8.392503512288840e-01
1.004846889041179e-03  8.821119426132782e-01
1.095775438089892e-03  9.255504254279003e-01
1.192030309159640e-03  9.695360957782668e-01
1.293763104178105e-03  1.014040585240764e+00
1.401125425072968e-03  1.059036915092065e+00
1.514268873771909e-03  1.104499553883443e+00
1.633345052202611e-03  1.150404465145357e+00
1.758505562292755e-03  1.196729158235939e+00
1.889902005970021e-03  1.243452741353735e+00
2.027685985162092e-03  1.290555970282298e+00
2.172009101796647e-03  1.338021297652745e+00
2.323022957801369e-03  1.385832917787639e+00
2.480879155103939e-03  1.433976819951567e+00
2.645729295632037e-03  1.482440825132358e+00
2.817724981313346e-03  1.531214638531537e+00
2.997017814075546e-03  1.580289882903344e+00
3.183759395846319e-03  1.629660145652224e+00
3.378101328553345e-03  1.679321014251855e+00
3.580195214124307e-03  1.729270107448656e+00
3.790192654486885e-03  1.779507115470210e+00
4.008245251568760e-03  1.830033826217573e+00
4.234504607297615e-03  1.880854152232359e+00
4.469122323601130e-03  1.931974155821990e+00
4.712250002406985e-03  1.983402071515002e+00
4.964039245642864e-03  2.035148319555105e+00
5.224641655236446e-03  2.087225523571419e+00
5.494208833115413e-03  2.139648518118065e+00
5.772892381207446e-03  2.192434354291208e+00
6.060843901440225e-03  2.245602300696646e+00
6.358214995741436e-03  2.299173841437209e+00
6.665157266038753e-03  2.353172666307273e+00
6.981822314259865e-03  2.407624657893507e+00
7.308361742332447e-03  2.462557874686127e+00
7.644927152184184e-03  2.518002526258329e+00
7.991670145742754e-03  2.573990944914954e+00
8.348742324935841e-03  2.630557550734466e+00
8.716295291691127e-03  2.687738810836549e+00
9.094480647936288e-03  2.745573194031294e+00
9.483449995599011e-03  2.804101118257222e+00
9.883354936606976e-03  2.863364891387505e+00
1.029434707288786e-02  2.923408647978590e+00
1.071657800636935e-02  2.984278277229578e+00
1.115019933897913e-02  3.046021346580346e+00
1.159536267264486e-02  3.108687017987677e+00
1.205221960929426e-02  3.172325958500210e+00
1.252092175085497e-02  3.236990244339040e+00
1.300162069925470e-02  3.302733258583316e+00
1.349446805642111e-02  3.369609583394094e+00
1.399961542428190e-02  3.437674885956767e+00
1.451721440476474e-02  3.506985798880351e+00
1.504741659979732e-02  3.577599795508490e+00
1.559037361130731e-02  3.649575059132417e+00
1.614623704122240e-02  3.722970348374247e+00
1.671515849147026e-02  3.797844857971768e+00
1.729728956397859e-02  3.874258074898762e+00
1.789278186067506e-02  3.952269631732520e+00
1.850178698348735e-02  4.031939156974659e+00
1.912445653434314e-02  4.113326122467015e+00
1.976094211517012e-02  4.196489690510589e+00
2.041139532789596e-02  4.281488558208594e+00
2.107596777444836e-02  4.368380803686819e+00
2.175481105675497e-02  4.457223731902218e+00
2.244807677674350e-02  4.548073722863137e+00
2.315591653634162e-02  4.640986082542668e+00
2.387848193747701e-02  4.736014897890868e+00
2.461592458207735e-02  4.833212896729265e+00
2.536839607207033e-02  4.932631314468608e+00
2.613604800938362e-02  5.034319768754131e+00
2.691903199594491e-02  5.138326142781011e+00
2.771749963368188e-02  5.244696479737286e+00
2.853160252452221e-02  5.353474889323934e+00
2.936149227039358e-02  5.464703468591779e+00
3.020732047322367e-02  5.578422237965015e+00
3.106923873494016e-02  5.694669094850497e+00
3.194739865747073e-02  5.813479786234780e+00
3.284195184274307e-02  5.934887902815831e+00
3.375304989268486e-02  6.058924895466703e+00
3.468084440922378e-02  6.185620117277608e+00
3.562548699428750e-02  6.315000891855561e+00
3.658712924980372e-02  6.447092611061635e+00
3.756592277770011e-02  6.581918863407282e+00
3.856201917990435e-02  6.719501595325369e+00
3.957557005834413e-02  6.859861307664346e+00
4.060672701494711e-02  7.003017288806063e+00
4.165564165164100e-02  7.148987886925511e+00
4.272246557035347e-02  7.297790823016044e+00
4.380735037301220e-02  7.449443546684279e+00
4.491044766154485e-02  7.603963636375397e+00
4.603190903787914e-02  7.761369245990522e+00
4.717188610394273e-02  7.921679599269282e+00
4.833053046166330e-02  8.084915533742787e+00
4.950799371296852e-02  8.251100095385254e+00
5.070442745978612e-02  8.420259185540999e+00
5.191998330404373e-02  8.592422260753210e+00
5.315481284766905e-02  8.767623086967888e+00
5.440906769258975e-02  8.945900548501186e+00
5.568289944073354e-02  9.127299512251739e+00
5.697645969402808e-02  9.311871747502209e+00
5.828990005440105e-02  9.499676901403632e+00
5.962337212378013e-02  9.690783529450755e+00
6.097702750409299e-02  9.885270180738075e+00
6.235101779726736e-02  1.008322653654966e+01
6.374549460523088e-02  1.028475460116522e+01
6.516060952991123e-02  1.048996994271272e+01
6.659651417323610e-02  1.069900298196433e+01
6.805336013713319e-02  1.091200032579832e+01
6.953129902353014e-02  1.112912614219636e+01
7.103048243435468e-02  1.135056357220742e+01
7.255106197153445e-02  1.157651617421573e+01
7.409318923699715e-02  1.180720939467403e+01
7.565701583267045e-02  1.204289205892451e+01
7.724269336048208e-02  1.228383787445466e+01
7.885037342235963e-02  1.253034693835104e+01
8.048020762023085e-02  1.278274723931520e+01
8.213234755602342e-02  1.304139614376413e+01
8.380694483166500e-02  1.330668185429010e+01
8.550415104908325e-02  1.357902482747397e+01
8.722411781020589e-02  1.385887913703004e+01
8.896699671696059e-02  1.414673376692940e+01
9.073293937127505e-02  1.444311381795183e+01
9.252209737507690e-02  1.474858161008683e+01
9.433462233029387e-02  1.506373766211925e+01
9.617066583885361e-02  1.538922152888574e+01
9.803037950268383e-02  1.572571247596090e+01
9.991391492371220e-02  1.607392997115994e+01
1.018214237038664e-01  1.643463397204187e+01
1.037530574450741e-01  1.680862498886847e+01
1.057089677492630e-01  1.719674390311366e+01
1.076893062183607e-01  1.759987152275676e+01
1.096942244542950e-01  1.801892785726125e+01
1.117238740589936e-01  1.845487109735097e+01
1.137784066343840e-01  1.890869628758151e+01
1.158579737823941e-01  1.938143368306203e+01
1.179627271049514e-01  1.987414678578398e+01
1.200928182039837e-01  2.038793006049389e+01
1.222483986814186e-01  2.092390633514185e+01
1.244296201391838e-01  2.148322389634234e+01
1.266366341792071e-01  2.206705329593342e+01
1.288695924034161e-01  2.267658389050894e+01
1.311286464137383e-01  2.331302014150037e+01
1.334139478121017e-01  2.397757770881890e+01
1.357256482004337e-01  2.467147937607911e+01
1.380638991806622e-01  2.539595084980306e+01
1.404288523547148e-01  2.615221647853093e+01
1.428206593245192e-01  2.694149494043131e+01
1.452394716920029e-01  2.776499494950167e+01
1.476854410590938e-01  2.862391103086350e+01
1.501587190277196e-01  2.951941941490782e+01
1.526594571998079e-01  3.045267409809901e+01
1.551878071772864e-01  3.142480311527163e+01
1.577439205620827e-01  3.243690506427185e+01
1.603279489561245e-01  3.349004591901178e+01
1.629400439613396e-01  3.458525616155418e+01
1.655803571796556e-01  3.572352825798453e+01
1.682490402130002e-01  3.690581449665308e+01
1.709462446633011e-01  3.813302520119839e+01
1.736721221324858e-01  3.940602732471791e+01
1.764268242224822e-01  4.072564342566125e+01
1.792105025352179e-01  4.209265102075733e+01
1.820233086726206e-01  4.350778230547223e+01
1.848653942366180e-01  4.497172422840117e+01
1.877369108291377e-01  4.648511890251120e+01
1.906380100521075e-01  4.804856433340694e+01
1.935688435074550e-01  4.966261544269764e+01
1.965295627971079e-01  5.132778536311582e+01
1.995203195229938e-01  5.304454698121503e+01
2.025412652870406e-01  5.481333470321056e+01
2.055925516911757e-01  5.663454641966564e+01
2.086743303373270e-01  5.850854564536610e+01
2.117867528274221e-01  6.043566381156859e+01
2.149299707633886e-01  6.241620268897930e+01
2.181041357471543e-01  6.445043692108993e+01
2.213093993806469e-01  6.653861664890928e+01
2.245459132657940e-01  6.868097020954019e+01
2.278138290045233e-01  7.087770689245190e+01
2.311132981987625e-01  7.312901973862859e+01
2.344444724504393e-01  7.543508836895558e+01
2.378075033614814e-01  7.779608182926449e+01
2.412025425338163e-01  8.021216144028347e+01
2.446297415693719e-01  8.268348364138865e+01
2.480892520700758e-01  8.521020281739538e+01
2.515812256378556e-01  8.779247409778191e+01
2.551058138746391e-01  9.043045611754610e+01
2.586631683823540e-01  9.312431372848164e+01
2.622534407629278e-01  9.587422064891757e+01
2.658767826182884e-01  9.868036203896872e+01
2.695333455503633e-01  1.015429369871138e+02
2.732232811610804e-01  1.044621608924178e+02
2.769467410523671e-01  1.074382677250746e+02
2.807038768261514e-01  1.104715121461618e+02
2.844948400843607e-01  1.135621714657120e+02
2.883197824289228e-01  1.167105474164080e+02
2.921788554617653e-01  1.199169677187103e+02
2.960722107848160e-01  1.231817874119138e+02
