0.118822  113.436  2.02848  16.8931 0.233561
0.120145  114.722  2.09906  16.7195 0.239579
0.121478  116.019  2.17245  16.5553 0.245782
0.122821  117.325  2.24875  16.4005 0.252174
0.124174  118.643  2.32805  16.2543 0.258759
0.125536  119.97  2.41044  16.1161 0.265541
0.126909  121.309  2.49601  15.9859 0.272525
0.128291  122.658  2.58484  15.8633 0.279713
0.129683  124.018  2.67704  15.7476 0.287108
0.131086  125.388  2.77269  15.6386 0.294715
0.132498  126.77  2.87188  15.5361 0.302534
0.133921  128.162  2.9747  15.4398 0.310569
0.135354  129.566  3.08125  15.3495 0.318821
0.136797  130.981  3.1916  15.2647 0.327292
0.13825  132.406  3.30585  15.1853 0.335983
0.139713  133.844  3.4241  15.1111 0.344894
0.141187  135.292  3.54641  15.0415 0.354027
0.142671  136.752  3.67289  14.9768 0.363381
0.144166  138.224  3.80361  14.9165 0.372956
0.14567  139.707  3.93866  14.8604 0.382751
0.147186  141.202  4.07813  14.8081 0.392765
0.148711  142.709  4.2221  14.76 0.402997
0.150247  144.227  4.37064  14.7154 0.413444
0.151794  145.758  4.52386  14.6741 0.424105
0.153352  147.3  4.68181  14.6363 0.434978
0.15492  148.855  4.84459  14.6014 0.446058
0.156498  150.422  5.01227  14.5695 0.457344
0.158087  152.002  5.18493  14.5406 0.468832
0.159687  153.593  5.36265  14.514 0.480517
0.161298  155.198  5.5455  14.4901 0.492396
0.16292  156.815  5.73356  14.4685 0.504465
0.164552  158.444  5.9269  14.449 0.516718
0.166196  160.087  6.12559  14.4316 0.529151
0.16785  161.742  6.32971  14.4163 0.541759
0.169515  163.41  6.53933  14.4027 0.554537
0.171191  165.092  6.75451  14.3909 0.567478
0.172878  166.787  6.97532  14.3808 0.580577
0.174576  168.494  7.20184  14.372 0.593828
0.176285  170.216  7.43412  14.3649 0.607225
0.178006  171.951  7.67223  14.3587 0.620762
0.179737  173.699  7.91625  14.3539 0.634432
0.18148  175.461  8.16621  14.3504 0.648229
0.183234  177.237  8.4222  14.3477 0.662146
0.184999  179.027  8.68427  14.346 0.676177
0.186776  180.831  8.95248  14.3454 0.690314
0.188564  182.649  9.22689  14.3454 0.704551
0.190363  184.481  9.50754  14.3463 0.718881
0.192173  186.327  9.79451  14.3474 0.733297
0.193995  188.188  10.0878  14.3495 0.747791
0.195829  190.064  10.3876  14.3522 0.762358
0.197674  191.954  10.6938  14.3554 0.776989
0.199531  193.858  11.0065  14.359 0.791679
0.201399  195.778  11.3258  14.3628 0.806419
0.203279  197.713  11.6517  14.3672 0.821203
0.20517  199.662  11.9842  14.3717 0.836024
0.207073  201.627  12.3234  14.3767 0.850875
0.208988  203.607  12.6694  14.3817 0.86575
0.210915  205.603  13.0221  14.387 0.880641
0.212854  207.614  13.3817  14.3923 0.895542
0.214804  209.64  13.7481  14.3976 0.910446
0.216766  211.683  14.1213  14.4033 0.925347
0.21874  213.741  14.5015  14.4089 0.940239
0.220726  215.815  14.8887  14.4145 0.955114
0.222724  217.905  15.2828  14.4201 0.969967
0.224734  220.011  15.6839  14.4257 0.984792
0.226757  222.134  16.0921  14.4313 0.999583
0.228791  224.273  16.5073  14.4366 1.01433
0.230837  226.429  16.9295  14.4419 1.02904
0.232896  228.601  17.3589  14.4473 1.04369
0.234966  230.789  17.7954  14.4523 1.05829
0.237049  232.995  18.2389  14.4573 1.07283
0.239145  235.218  18.6897  14.462 1.08729
0.241252  237.457  19.1476  14.4668 1.10169
0.243372  239.714  19.6126  14.4712 1.11601
0.245504  241.988  20.0848  14.4753 1.13025
0.247649  244.28  20.5642  14.4792 1.1444
0.249806  246.589  21.0508  14.483 1.15846
0.251976  248.916  21.5446  14.4865 1.17243
0.254158  251.26  22.0456  14.4898 1.1863
0.256353  253.622  22.5537  14.493 1.20006
0.25856  256.003  23.0691  14.4957 1.21373
0.26078  258.401  23.5917  14.4984 1.22728
0.263013  260.817  24.1215  14.5007 1.24072
0.265258  263.252  24.6585  14.5028 1.25404
0.267516  265.705  25.2027  14.5046 1.26725
0.269787  268.177  25.7541  14.506 1.28034
0.272071  270.668  26.3128  14.5072 1.2933
0.274367  273.177  26.8786  14.5081 1.30614
0.276677  275.705  27.4517  14.5087 1.31885
0.278999  278.252  28.0321  14.5093 1.33143
0.281335  280.818  28.6197  14.5093 1.34388
0.283683  283.403  29.2146  14.5093 1.3562
0.286044  286.008  29.8167  14.5087 1.36839
0.288419  288.632  30.4262  14.5081 1.38044
0.290806  291.276  31.0431  14.5072 1.39236
0.293207  293.939  31.6673  14.506 1.40415
0.295621  296.622  32.2989  14.5046 1.41579
0.298048  299.326  32.9381  14.5028 1.4273
0.300488  302.049  33.5847  14.5007 1.43868
0.302941  304.792  34.239  14.4984 1.44992
0.305408  307.555  34.9009  14.4957 1.46103
0.307889  310.339  35.5706  14.493 1.472
0.310382  313.143  36.2482  14.4898 1.48284
0.312889  315.968  36.9338  14.4865 1.49355
0.31541  318.814  37.6275  14.483 1.50413
0.317944  321.68  38.3294  14.4792 1.51457
0.320491  324.568  39.0398  14.475 1.5249
0.323052  327.476  39.7587  14.4706 1.53509
0.325627  330.406  40.4864  14.4662 1.54517
0.328216  333.357  41.2231  14.4611 1.55512
0.330818  336.33  41.9689  14.4561 1.56495
0.333433  339.324  42.7242  14.4508 1.57467
0.336063  342.34  43.4892  14.4452 1.58427
0.338706  345.378  44.2641  14.4396 1.59376
0.341363  348.438  45.0493  14.4334 1.60315
0.344034  351.52  45.8451  14.4272 1.61243
0.346719  354.624  46.6517  14.4207 1.6216
0.349418  357.75  47.4695  14.4139 1.63068
0.352131  360.9  48.299  14.4071 1.63966
0.354858  364.072  49.1403  14.3997 1.64854
0.357599  367.267  49.994  14.3923 1.65733
0.360354  370.484  50.8604  14.3847 1.66604
0.363123  373.725  51.74  14.3767 1.67465
0.365906  376.99  52.633  14.3687 1.68319
0.368703  380.278  53.54  14.3604 1.69164
0.371515  383.59  54.4613  14.3516 1.70001
0.374341  386.925  55.3974  14.343 1.70831
0.377181  390.285  56.3487  14.3339 1.71653
0.380035  393.668  57.3156  14.3244 1.72468
0.382904  397.076  58.2985  14.315 1.73276
0.385787  400.509  59.2978  14.3052 1.74077
0.388685  403.967  60.3139  14.2952 1.74871
0.391597  407.449  61.3472  14.2848 1.75658
0.394524  410.956  62.398  14.2745 1.76438
0.397465  414.489  63.4668  14.2639 1.77212
0.400421  418.048  64.5538  14.2529 1.77979
0.403391  421.632  65.6594  14.2417 1.7874
0.406376  425.242  66.7839  14.2305 1.79495
0.409376  428.878  67.9276  14.2187 1.80243
0.412391  432.541  69.0908  14.2069 1.80984
0.41542  436.23  70.2737  14.1948 1.81719
0.418464  439.946  71.4766  14.1826 1.82448
0.421523  443.688  72.6997  14.1702 1.8317
0.424597  447.458  73.9431  14.1575 1.83885
0.427685  451.256  75.2072  14.1446 1.84594
0.430789  455.081  76.4921  14.1316 1.85295
0.433907  458.934  77.7978  14.1183 1.85991
0.437041  462.815  79.1247  14.1047 1.86679
0.44019  466.724  80.4727  14.0911 1.8736
0.443353  470.662  81.842  14.0772 1.88034
0.446532  474.628  83.2327  14.0633 1.88702
0.449726  478.623  84.6449  14.0492 1.89361
0.452935  482.648  86.0786  14.0347 1.90014
0.45616  486.702  87.534  14.0202 1.90659
0.4594  490.785  89.011  14.0058 1.91297
0.462655  494.899  90.5097  13.991 1.91927
0.465925  499.042  92.0301  13.9759 1.92549
0.469211  503.216  93.5723  13.9609 1.93164
0.472512  507.42  95.1362  13.9455 1.93771
0.475828  511.655  96.7219  13.9301 1.9437
0.47916  515.921  98.3294  13.9148 1.94961
0.482508  520.218  99.9587  13.8991 1.95544
0.485871  524.546  101.61  13.8835 1.96119
0.48925  528.906  103.283  13.8675 1.96686
0.492644  533.298  104.977  13.8516 1.97244
0.496054  537.722  106.693  13.8356 1.97795
0.49948  542.178  108.431  13.8197 1.98337
0.502921  546.667  110.191  13.8035 1.98871
0.506379  551.189  111.972  13.7872 1.99396
0.509852  555.743  113.775  13.7707 1.99913
0.513341  560.331  115.6  13.7544 2.00422
0.516845  564.952  117.446  13.7379 2.00922
0.520366  569.607  119.313  13.7214 2.01414
0.523903  574.295  121.202  13.7045 2.01897
0.527455  579.018  123.113  13.688 2.02372
0.531024  583.775  125.045  13.6711 2.02839
0.534608  588.566  126.998  13.6543 2.03297
0.538209  593.393  128.973  13.6375 2.03746
0.541826  598.254  130.969  13.6206 2.04188
0.545459  603.15  132.986  13.6038 2.04621
0.549109  608.082  135.025  13.587 2.05045
0.552774  613.049  137.084  13.5699 2.05461
0.556456  618.053  139.166  13.553 2.05869
0.560154  623.092  141.268  13.5359 2.06269
0.563869  628.168  143.391  13.5191 2.0666
0.567599  633.28  145.536  13.5019 2.07044
0.571347  638.429  147.701  13.4848 2.07419
0.57511  643.614  149.888  13.4677 2.07786
0.578891  648.837  152.096  13.4505 2.08145
0.582687  654.098  154.325  13.4337 2.08496
0.586501  659.396  156.574  13.4166 2.08839
0.590331  664.731  158.845  13.3994 2.09174
0.594177  670.105  161.137  13.3823 2.09501
0.59804  675.517  163.45  13.3652 2.09821
0.60192  680.968  165.784  13.3481 2.10133
0.605817  686.457  168.138  13.3309 2.10437
0.609731  691.985  170.514  13.3141 2.10734
0.613661  697.553  172.911  13.297 2.11023
0.617608  703.159  175.328  13.2798 2.11305
0.621572  708.806  177.767  13.2627 2.11579
0.625553  714.492  180.226  13.2459 2.11846
0.629551  720.218  182.706  13.2288 2.12106
0.633566  725.984  185.207  13.2119 2.12359
0.637598  731.791  187.729  13.1948 2.12605
0.641647  737.638  190.272  13.178 2.12844
0.645713  743.526  192.836  13.1611 2.13076
0.649796  749.456  195.42  13.1443 2.13301
0.653897  755.427  198.026  13.1275 2.13519
0.658014  761.439  200.652  13.1106 2.13731
0.662149  767.493  203.3  13.0938 2.13936
0.666301  773.589  205.968  13.077 2.14134
0.670471  779.727  208.657  13.0601 2.14326
0.674658  785.907  211.368  13.0436 2.14512
0.678862  792.131  214.099  13.027 2.14692
0.683084  798.397  216.851  13.0102 2.14865
0.687323  804.706  219.624  12.9937 2.15032
0.69158  811.058  222.418  12.9771 2.15193
0.695854  817.454  225.233  12.9606 2.15348
0.700146  823.894  228.069  12.9441 2.15498
0.704455  830.377  230.926  12.9278 2.15641
0.708782  836.905  233.804  12.9113 2.15779
0.713127  843.477  236.703  12.895 2.15911
0.717489  850.094  239.624  12.8785 2.16038
0.721869  856.756  242.565  12.8623 2.16159
0.726267  863.462  245.528  12.846 2.16275
0.730683  870.214  248.511  12.8301 2.16385
0.735117  877.012  251.516  12.8138 2.1649
0.739568  883.855  254.543  12.7976 2.1659
0.744038  890.744  257.59  12.7816 2.16685
0.748525  897.679  260.659  12.7657 2.16775
0.753031  904.66  263.749  12.7497 2.1686
0.757554  911.688  266.86  12.7338 2.1694
0.762096  918.763  269.992  12.7178 2.17015
0.766656  925.885  273.146  12.7022 2.17085
0.771234  933.054  276.322  12.6862 2.17151
0.77583  940.271  279.519  12.6706 2.17212
0.780444  947.535  282.737  12.6549 2.17269
0.785077  954.847  285.977  12.6393 2.17321
0.789727  962.208  289.238  12.6236 2.17369
0.794397  969.616  292.521  12.6083 2.17413
0.799084  977.074  295.826  12.5926 2.17452
0.80379  984.58  299.152  12.5773 2.17487
0.808514  992.135  302.5  12.5619 2.17519
0.813257  999.739  305.87  12.5466 2.17546
0.818019  1007.39  309.261  12.5312 2.17569
0.822799  1015.1  312.675  12.5161 2.17588
0.827597  1022.85  316.11  12.5011 2.17603
0.832414  1030.65  319.567  12.4857 2.17615
0.83725  1038.51  323.046  12.4707 2.17623
0.842104  1046.41  326.547  12.4559 2.17627
0.846978  1054.37  330.07  12.4408 2.17627
0.85187  1062.37  333.615  12.4258 2.17624
0.85678  1070.43  337.182  12.411 2.17618
0.86171  1078.54  340.771  12.3962 2.17608
0.866659  1086.7  344.383  12.3815 2.17595
0.871626  1094.91  348.016  12.3667 2.17578
0.876612  1103.18  351.672  12.3522 2.17559
0.881618  1111.5  355.351  12.3375 2.17536
0.886642  1119.87  359.051  12.323 2.1751
0.891685  1128.29  362.774  12.3085 2.1748
0.896748  1136.77  366.52  12.2941 2.17448
0.901829  1145.3  370.288  12.2799 2.17413
0.90693  1153.88  374.079  12.2654 2.17375
0.91205  1162.52  377.892  12.2512 2.17334
0.917189  1171.21  381.728  12.2371 2.1729
0.922348  1179.95  385.587  12.2229 2.17244
0.927525  1188.75  389.468  12.2087 2.17195
0.932723  1197.6  393.373  12.1948 2.17143
0.937939  1206.51  397.3  12.1806 2.17088
0.943175  1215.48  401.25  12.1668 2.17031
0.94843  1224.5  405.223  12.1529 2.16972
0.953705  1233.57  409.219  12.139 2.16909
0.958999  1242.7  413.239  12.1251 2.16845
0.964313  1251.89  417.281  12.1115 2.16778
0.969647  1261.13  421.347  12.098 2.16709
