5.626386492404949e-04  4.222311634534854e-01  4.059710344555201e-01
6.247929066443015e-04  4.575496726049023e-01  4.401155018359232e-01
6.913638745030562e-04  4.946148647032667e-01  4.759660949440249e-01
7.625031547444399e-04  5.334637329330899e-01  5.135598809062458e-01
8.383623492961343e-04  5.741336020635028e-01  5.529342398518218e-01
9.190930600858201e-04  6.166621003628854e-01  5.941268731365676e-01
1.004846889041179e-03  6.610871929991931e-01  6.371758111100418e-01
1.095775438089892e-03  7.074471522505765e-01  6.821194203757843e-01
1.192030309159640e-03  7.557806181936302e-01  7.289964104902629e-01
1.293763104178105e-03  8.061265619469713e-01  7.778458400428354e-01
1.401125425072968e-03  8.585243065999442e-01  8.287071220552260e-01
1.514268873771909e-03  9.130135341141282e-01  8.816200286350451e-01
1.633345052202611e-03  9.696342818716395e-01  9.366246948137058e-01
1.758505562292755e-03  1.028426949475095e+00  9.937616214959049e-01
1.889902005970021e-03  1.089432306815163e+00  1.053071677442562e+00
2.027685985162092e-03  1.152691491673441e+00  1.114596100206027e+00
2.172009101796647e-03  1.218246001050806e+00  1.178376495931140e+00
2.323022957801369e-03  1.286137696838120e+00  1.244454837932253e+00
2.480879155103939e-03  1.356408811869204e+00  1.312873463951616e+00
2.645729295632037e-03  1.429101931464873e+00  1.383675071999720e+00
2.817724981313346e-03  1.504260004235215e+00  1.456902714674693e+00
2.997017814075546e-03  1.581926307415521e+00  1.532599791852537e+00
3.183759395846319e-03  1.662144481325998e+00  1.610810041636044e+00
3.378101328553345e-03  1.744958484388978e+00  1.691577529445735e+00
3.580195214124307e-03  1.830412586395955e+00  1.774946635131628e+00
3.790192654486885e-03  1.918551370798338e+00  1.860962037979924e+00
4.008245251568760e-03  2.009419706160756e+00  1.949668699485660e+00
4.234504607297615e-03  2.103062724997125e+00  2.041111843756676e+00
4.469122323601130e-03  2.199525815855931e+00  2.135336935410667e+00
4.712250002406985e-03  2.298854590353710e+00  2.232389654823791e+00
4.964039245642864e-03  2.401094858659547e+00  2.332315870584458e+00
5.224641655236446e-03  2.506292602875091e+00  2.435161609002720e+00
5.494208833115413e-03  2.614493950591274e+00  2.540973020522439e+00
5.772892381207446e-03  2.725745129694730e+00  2.649796342879982e+00
6.060843901440225e-03  2.840092443526632e+00  2.761677860849860e+00
6.358214995741436e-03  2.957582220881594e+00  2.876663862417003e+00
6.665157266038753e-03  3.078260776342388e+00  2.994800591210809e+00
6.981822314259865e-03  3.202174366194683e+00  3.116134195034171e+00
7.308361742332447e-03  3.329369130581972e+00  3.240710670324196e+00
7.644927152184184e-03  3.459891047071976e+00  3.368575802373000e+00
7.991670145742754e-03  3.593785865658718e+00  3.499775101142658e+00
8.348742324935841e-03  3.731099053937416e+00  3.634353732506959e+00
8.716295291691127e-03  3.871875723203114e+00  3.772356444751859e+00
9.094480647936288e-03  4.016160564975091e+00  3.913827490172796e+00
9.483449995599011e-03  4.163997776500837e+00  4.058810541604725e+00
9.883354936606976e-03  4.315430979516068e+00  4.207348603726672e+00
1.029434707288786e-02  4.470503140969203e+00  4.359483918989534e+00
1.071657800636935e-02  4.629256485144206e+00  4.515257868016780e+00
1.115019933897913e-02  4.791732404308506e+00  4.674710864338948e+00
1.159536267264486e-02  4.957971365159229e+00  4.837882243326435e+00
1.205221960929426e-02  5.128012808179917e+00  5.004810145201956e+00
1.252092175085497e-02  5.301895046166194e+00  5.175531392112820e+00
1.300162069925470e-02  5.479655158200091e+00  5.350081358488401e+00
1.349446805642111e-02  5.661328878049325e+00  5.528493836603067e+00
1.399961542428190e-02  5.846950483548881e+00  5.710800894002364e+00
1.451721440476474e-02  6.036552675124021e+00  5.897032725985813e+00
1.504741659979732e-02  6.230166459937406e+00  6.087217500679962e+00
1.559037361130731e-02  6.427821026338830e+00  6.281381199273270e+00
1.614623704122240e-02  6.629543620323134e+00  6.479547447835468e+00
1.671515849147026e-02  6.835359414940289e+00  6.681737344381794e+00
1.729728956397859e-02  7.045291385355161e+00  6.887969279044420e+00
1.789278186067506e-02  7.259360175029244e+00  7.098258748199278e+00
1.850178698348735e-02  7.477583966583186e+00  7.312618162576854e+00
1.912445653434314e-02  7.699978349950474e+00  7.531056649535746e+00
1.976094211517012e-02  7.926556193170326e+00  7.753579849713276e+00
2.041139532789596e-02  8.157327512574923e+00  7.980189708311929e+00
2.107596777444836e-02  8.392299345599829e+00  8.210884261333018e+00
2.175481105675497e-02  8.631475628891437e+00  8.445657417113054e+00
2.244807677674350e-02  8.874857076573022e+00  8.684498733571960e+00
2.315591653634162e-02  9.122441066970865e+00  8.927393191649916e+00
2.387848193747701e-02  9.374221533277694e+00  9.174320965454321e+00
2.461592458207735e-02  9.630188861924312e+00  9.425257189720519e+00
2.536839607207033e-02  9.890329800218996e+00  9.680171725241941e+00
2.613604800938362e-02  1.015462737229316e+01  9.939028923012053e+00
2.691903199594491e-02  1.042306080775929e+01  1.020178738788630e+01
2.771749963368188e-02  1.069560548125406e+01  1.046839974265484e+01
2.853160252452221e-02  1.097223286702851e+01  1.073881239350422e+01
2.936149227039358e-02  1.125291050914844e+01  1.101296529792100e+01
3.020732047322367e-02  1.153760200846259e+01  1.129079173620067e+01
3.106923873494016e-02  1.182626702906634e+01  1.157221808779286e+01
3.194739865747073e-02  1.211886132455003e+01  1.185716361383547e+01
3.284195184274307e-02  1.241533678784767e+01  1.214554024730766e+01
3.375304989268486e-02  1.271564152458246e+01  1.243725239235231e+01
3.468084440922378e-02  1.301971995284763e+01  1.273219673441165e+01
3.562548699428750e-02  1.332751293089578e+01  1.303026206292024e+01
3.658712924980372e-02  1.363895791511880e+01  1.333132910842919e+01
3.756592277770011e-02  1.395398914981295e+01  1.363527039611656e+01
3.856201917990435e-02  1.427253789055733e+01  1.394195011776886e+01
3.957557005834413e-02  1.459453266361288e+01  1.425122402441186e+01
4.060672701494711e-02  1.491989956281064e+01  1.456293934189043e+01
4.165564165164100e-02  1.524856258640220e+01  1.487693471179411e+01
4.272246557035347e-02  1.558044401412436e+01  1.519304016023153e+01
4.380735037301220e-02  1.591546482931623e+01  1.551107709705683e+01
4.491044766154485e-02  1.625354518389540e+01  1.583085834704373e+01
4.603190903787914e-02  1.659460491072091e+01  1.615218822274579e+01
4.717188610394273e-02  1.693856408402359e+01  1.647486262530325e+01
4.833053046166330e-02  1.728534362896571e+01  1.679866919740208e+01
4.950799371296852e-02  1.763486598150880e+01  1.712338751612412e+01
5.070442745978612e-02  1.798705580113312e+01  1.744878933466097e+01
5.191998330404373e-02  1.834184073468892e+01  1.777463887510300e+01
5.315481284766905e-02  1.869915223524758e+01  1.810069317550313e+01
5.440906769258975e-02  1.905892643415264e+01  1.842670249441167e+01
5.568289944073354e-02  1.942110506790809e+01  1.875241077615903e+01
5.697645969402808e-02  1.978563645929749e+01  1.907755618008935e+01
5.828990005440105e-02  2.015247655329449e+01  1.940187167698929e+01
5.962337212378013e-02  2.052159000589845e+01  1.972508571590897e+01
6.097702750409299e-02  2.089295132721841e+01  2.004692296451250e+01
6.235101779726736e-02  2.126654607515147e+01  2.036710512603712e+01
6.374549460523088e-02  2.164237210002382e+01  2.068535183585826e+01
6.516060952991123e-02  2.202044083668157e+01  2.100138164053118e+01
6.659651417323610e-02  2.240077864253679e+01  2.131491306206027e+01
6.805336013713319e-02  2.278342817739259e+01  2.162566575000686e+01
6.953129902353014e-02  2.316844982221809e+01  2.193336172382472e+01
7.103048243435468e-02  2.355592313193716e+01  2.223772670765847e+01
7.255106197153445e-02  2.394594831690191e+01  2.253849155959954e+01
7.409318923699715e-02  2.433864774775486e+01  2.283539379710848e+01
7.565701583267045e-02  2.473416747628240e+01  2.312817922008715e+01
7.724269336048208e-02  2.513267876487982e+01  2.341660363273922e+01
7.885037342235963e-02  2.553437961562819e+01  2.370043466503579e+01
8.048020762023085e-02  2.593949628953640e+01  2.397945369425418e+01
8.213234755602342e-02  2.634828480487514e+01  2.425345786664508e+01
8.380694483166500e-02  2.676103240256088e+01  2.452226221889335e+01
8.550415104908325e-02  2.717805896534012e+01  2.478570189856481e+01
8.722411781020589e-02  2.759971837652507e+01  2.504363448228456e+01
8.896699671696059e-02  2.802639980230182e+01  2.529594238984032e+01
9.073293937127505e-02  2.845852888090137e+01  2.554253539191703e+01
9.252209737507690e-02  2.889656880066689e+01  2.578335320855327e+01
9.433462233029387e-02  2.934102124795954e+01  2.601836819481325e+01
9.617066583885361e-02  2.979242720486117e+01  2.624758810952987e+01
9.803037950268383e-02  3.025136757627034e+01  2.647105896226850e+01
9.991391492371220e-02  3.071846362518670e+01  2.668886793295040e+01
1.018214237038664e-01  3.119437719498797e+01  2.690114635776489e+01
1.037530574450741e-01  3.167981069773307e+01  2.710807277421073e+01
1.057089677492630e-01  3.217550684817694e+01  2.730987601716561e+01
1.076893062183607e-01  3.268224812416506e+01  2.750683835698756e+01
1.096942244542950e-01  3.320085593597304e+01  2.769929866958998e+01
1.117238740589936e-01  3.373218948931162e+01  2.788765562734115e+01
1.137784066343840e-01  3.427714432915104e+01  2.807237089848735e+01
1.158579737823941e-01  3.483665055579010e+01  2.825397234147765e+01
1.179627271049514e-01  3.541167070772177e+01  2.843305717922976e+01
1.200928182039837e-01  3.600319731104799e+01  2.861029513685966e+01
1.222483986814186e-01  3.661225009976166e+01  2.878643152478841e+01
1.244296201391838e-01  3.723987291717613e+01  2.896229024740983e+01
1.266366341792071e-01  3.788713031385309e+01  2.913877671559769e+01
1.288695924034161e-01  3.855510386375387e+01  2.931688063928011e+01
1.311286464137383e-01  3.924488822557871e+01  2.949767867413526e+01
1.334139478121017e-01  3.995758698199067e+01  2.968233689408176e+01
1.357256482004337e-01  4.069430829452317e+01  2.987211305868971e+01
1.380638991806622e-01  4.145616041607116e+01  3.006835864195743e+01
1.404288523547148e-01  4.224424710678538e+01  3.027252058599100e+01
1.428206593245192e-01  4.305966300171117e+01  3.048614274015068e+01
1.452394716920029e-01  4.390348898012086e+01  3.071086694299944e+01
1.476854410590938e-01  4.477678758699676e+01  3.094843370114887e+01
1.501587190277196e-01  4.568059855646570e+01  3.120068241573071e+01
1.526594571998079e-01  4.661593448510617e+01  3.146955110380219e+01
1.551878071772864e-01  4.758377670021783e+01  3.175707555868382e+01
1.577439205620827e-01  4.858507136426046e+01  3.206538788989056e+01
1.603279489561245e-01  4.962072585209002e+01  3.239671438032974e+01
1.629400439613396e-01  5.069160543223921e+01  3.275337259563059e+01
1.655803571796556e-01  5.179853027794512e+01  3.313776767819536e+01
1.682490402130002e-01  5.294227282747510e+01  3.355238775684475e+01
1.709462446633011e-01  5.412355550755226e+01  3.399979840203216e+01
1.736721221324858e-01  5.534304882770643e+01  3.448263605664283e+01
1.764268242224822e-01  5.660136984796475e+01  3.500360037374199e+01
1.792105025352179e-01  5.789908101729143e+01  3.556544539534488e+01
1.820233086726206e-01  5.923668937562790e+01  3.617096951085824e+01
1.848653942366180e-01  6.061464610871012e+01  3.682300414031485e+01
1.877369108291377e-01  6.203334644162203e+01  3.752440109643993e+01
1.906380100521075e-01  6.349312985473669e+01  3.827801859098179e+01
1.935688435074550e-01  6.499428060388819e+01  3.908670586510704e+01
1.965295627971079e-01  6.653702852571148e+01  3.995328644107229e+01
1.995203195229938e-01  6.812155010851623e+01  4.088054001310138e+01
2.025412652870406e-01  6.974796980930101e+01  4.187118301954411e+01
2.055925516911757e-01  7.141636159795820e+01  4.292784796594790e+01
2.086743303373270e-01  7.312675071081048e+01  4.405306159956237e+01
2.117867528274221e-01  7.487911559669067e+01  4.524922206977084e+01
2.149299707633886e-01  7.667339004036057e+01  4.651857524557485e+01
2.181041357471543e-01  7.850946544948185e+01  4.786319039992625e+01
2.213093993806469e-01  8.038719329302762e+01  4.928493551059742e+01
2.245459132657940e-01  8.230638768045941e+01  5.078545246734950e+01
2.278138290045233e-01  8.426682807247711e+01  5.236613251409639e+01
2.311132981987625e-01  8.626826211529597e+01  5.402809229117426e+01
2.344444724504393e-01  8.831040859144368e+01  5.577215087496290e+01
2.378075033614814e-01  9.039296048068869e+01  5.759880823826967e+01
2.412025425338163e-01  9.251558812509224e+01  5.950822554763758e+01
2.446297415693719e-01  9.467794249212426e+01  6.150020787607525e+01
2.480892520700758e-01  9.687965852930789e+01  6.357418949808203e+01
2.515812256378556e-01  9.912035860305458e+01  6.572922253224922e+01
2.551058138746391e-01  1.013996560129859e+02  6.796396910708910e+01
2.586631683823540e-01  1.037171585713691e+02  7.027669749092911e+01
2.622534407629278e-01  1.060724722351193e+02  7.266528247246495e+01
2.658767826182884e-01  1.084652047753349e+02  7.512721021874478e+01
2.695333455503633e-01  1.108949694664542e+02  7.765958775225744e+01
2.732232811610804e-01  1.133613887740351e+02  8.025915709326685e+01
2.769467410523671e-01  1.158640980168069e+02  8.292231401041371e+01
2.807038768261514e-01  1.184027489752821e+02  8.564513121519681e+01
2.844948400843607e-01  1.209770134158558e+02  8.842338572824849e+01
2.883197824289228e-01  1.235865864960994e+02  9.125259004131232e+01
2.921788554617653e-01  1.262311900142011e+02  9.412802660281275e+01
2.960722107848160e-01  1.289105754631156e+02  9.704478507077678e+01
