0.121478  116.026  2.00505  17.4105 0.210032
0.122821  117.331  2.07141  17.1793 0.215674
0.124174  118.646  2.14031  16.9631 0.221467
0.125536  119.972  2.21186  16.7611 0.227413
0.126909  121.308  2.28612  16.5721 0.233516
0.128291  122.655  2.3632  16.3949 0.239781
0.129683  124.012  2.44316  16.229 0.24621
0.131086  125.38  2.52611  16.0733 0.252808
0.132498  126.759  2.61212  15.9274 0.259578
0.133921  128.149  2.7013  15.7904 0.266522
0.135354  129.549  2.79372  15.6622 0.273644
0.136797  130.96  2.88947  15.5417 0.280946
0.13825  132.383  2.98866  15.4286 0.288432
0.139713  133.816  3.09136  15.3229 0.296103
0.141187  135.261  3.19768  15.2234 0.303962
0.142671  136.717  3.3077  15.1306 0.312011
0.144166  138.184  3.42152  15.0435 0.320251
0.14567  139.663  3.53922  14.962 0.328684
0.147186  141.153  3.66092  14.8855 0.337311
0.148711  142.655  3.78669  14.8143 0.346134
0.150247  144.168  3.91664  14.7479 0.355153
0.151794  145.693  4.05085  14.6859 0.364368
0.153352  147.23  4.18943  14.628 0.37378
0.15492  148.779  4.33247  14.574 0.383389
0.156498  150.34  4.48006  14.524 0.393195
0.158087  151.913  4.6323  14.4777 0.403197
0.159687  153.498  4.78929  14.4346 0.413394
0.161298  155.096  4.95111  14.3947 0.423785
0.16292  156.706  5.11788  14.3581 0.43437
0.164552  158.328  5.28968  14.3241 0.445146
0.166196  159.963  5.4666  14.2931 0.456111
0.16785  161.61  5.64875  14.2645 0.467264
0.169515  163.271  5.83622  14.2385 0.478603
0.171191  164.944  6.0291  14.2145 0.490124
0.172878  166.629  6.22749  14.193 0.501824
0.174576  168.328  6.43148  14.1735 0.513702
0.176285  170.04  6.64117  14.1558 0.525753
0.178006  171.766  6.85665  14.1398 0.537974
0.179737  173.504  7.07801  14.1259 0.550361
0.18148  175.256  7.30535  14.1135 0.562911
0.183234  177.022  7.53876  14.1023 0.575619
0.184999  178.801  7.77832  14.0929 0.58848
0.186776  180.594  8.02413  14.0849 0.601491
0.188564  182.4  8.27628  14.0778 0.614647
0.190363  184.221  8.53486  14.0722 0.627942
0.192173  186.056  8.79995  14.0675 0.641371
0.193995  187.905  9.07164  14.0636 0.65493
0.195829  189.768  9.35002  14.061 0.668613
0.197674  191.645  9.63517  14.0592 0.682414
0.199531  193.537  9.92718  14.058 0.696328
0.201399  195.443  10.2261  14.0577 0.71035
0.203279  197.364  10.5321  14.058 0.724472
0.20517  199.3  10.8451  14.0592 0.73869
0.207073  201.251  11.1654  14.0607 0.752997
0.208988  203.217  11.4929  14.0627 0.767387
0.210915  205.198  11.8277  14.0651 0.781854
0.212854  207.194  12.1699  14.0681 0.796392
0.214804  209.206  12.5196  14.0716 0.810994
0.216766  211.233  12.8768  14.0752 0.825654
0.21874  213.275  13.2416  14.0793 0.840366
0.220726  215.334  13.6141  14.0834 0.855123
0.222724  217.408  13.9943  14.0879 0.869918
0.224734  219.498  14.3823  14.0926 0.884746
0.226757  221.604  14.7782  14.0973 0.899601
0.228791  223.727  15.182  14.102 0.914474
0.230837  225.865  15.5937  14.107 0.929361
0.232896  228.021  16.0135  14.1121 0.944256
0.234966  230.192  16.4413  14.1174 0.95915
0.237049  232.381  16.8773  14.1224 0.97404
0.239145  234.586  17.3214  14.1274 0.988917
0.241252  236.808  17.7736  14.1324 1.00378
0.243372  239.047  18.2342  14.1375 1.01861
0.245504  241.303  18.703  14.1425 1.03342
0.247649  243.576  19.1801  14.1472 1.04819
0.249806  245.867  19.6655  14.1519 1.06292
0.251976  248.176  20.1593  14.1567 1.0776
0.254158  250.502  20.6615  14.1611 1.09223
0.256353  252.845  21.1721  14.1655 1.10681
0.25856  255.207  21.6912  14.1697 1.12132
0.26078  257.587  22.2187  14.1735 1.13576
0.263013  259.985  22.7547  14.1773 1.15013
0.265258  262.401  23.2991  14.1809 1.16442
0.267516  264.835  23.8521  14.1841 1.17863
0.269787  267.288  24.4136  14.1874 1.19275
0.272071  269.76  24.9836  14.1903 1.20678
0.274367  272.25  25.5621  14.193 1.22071
0.276677  274.759  26.1492  14.1956 1.23455
0.278999  277.287  26.7448  14.1977 1.24828
0.281335  279.835  27.349  14.1998 1.26191
0.283683  282.401  27.9617  14.2016 1.27542
0.286044  284.987  28.5829  14.203 1.28883
0.288419  287.593  29.2128  14.2042 1.30211
0.290806  290.218  29.8512  14.2051 1.31528
0.293207  292.863  30.4982  14.206 1.32833
0.295621  295.528  31.1538  14.2063 1.34125
0.298048  298.212  31.818  14.2066 1.35405
0.300488  300.917  32.4908  14.2063 1.36672
0.302941  303.642  33.1723  14.206 1.37926
0.305408  306.388  33.8625  14.2054 1.39167
0.307889  309.154  34.5614  14.2045 1.40394
0.310382  311.941  35.2691  14.2036 1.41609
0.312889  314.748  35.9856  14.2021 1.4281
0.31541  317.576  36.711  14.2004 1.43998
0.317944  320.426  37.4453  14.1986 1.45172
0.320491  323.296  38.1886  14.1962 1.46333
0.323052  326.188  38.941  14.1939 1.4748
0.325627  329.101  39.7026  14.1912 1.48614
0.328216  332.036  40.4736  14.1883 1.49735
0.330818  334.992  41.254  14.185 1.50843
0.333433  337.97  42.044  14.1818 1.51937
0.336063  340.97  42.8437  14.1779 1.53019
0.338706  343.992  43.6533  14.1741 1.54087
0.341363  347.036  44.4731  14.17 1.55143
0.344034  350.103  45.3031  14.1655 1.56187
0.346719  353.192  46.1437  14.1608 1.57218
0.349418  356.304  46.995  14.1561 1.58237
0.352131  359.438  47.8573  14.1508 1.59244
0.354858  362.596  48.731  14.1454 1.60239
0.357599  365.776  49.6161  14.1398 1.61223
0.360354  368.98  50.5132  14.1339 1.62195
0.363123  372.207  51.4224  14.128 1.63157
0.365906  375.457  52.3441  14.1215 1.64108
0.368703  378.731  53.2787  14.115 1.65048
0.371515  382.029  54.2264  14.1082 1.65978
0.374341  385.351  55.1876  14.1014 1.66898
0.377181  388.697  56.1627  14.0941 1.67807
0.380035  392.068  57.1521  14.0867 1.68708
0.382904  395.463  58.1561  14.079 1.69598
0.385787  398.882  59.1751  14.071 1.7048
0.388685  402.326  60.2094  14.063 1.71352
0.391597  405.796  61.2595  14.0548 1.72215
0.394524  409.29  62.3256  14.0462 1.7307
0.397465  412.81  63.4082  14.0374 1.73915
0.400421  416.356  64.5075  14.0285 1.74752
0.403391  419.927  65.624  14.019 1.75581
0.406376  423.524  66.758  14.0096 1.76401
0.409376  427.148  67.9097  14.0001 1.77213
0.412391  430.797  69.0795  13.9901 1.78017
0.41542  434.474  70.2677  13.9801 1.78812
0.418464  438.177  71.4745  13.9697 1.796
0.421523  441.907  72.7002  13.9591 1.80379
0.424597  445.664  73.9451  13.9485 1.8115
0.427685  449.448  75.2094  13.9375 1.81912
0.430789  453.26  76.4933  13.9266 1.82667
0.433907  457.1  77.797  13.9151 1.83413
0.437041  460.967  79.1208  13.9036 1.84152
0.44019  464.863  80.4647  13.8921 1.84882
0.443353  468.787  81.8289  13.8802 1.85603
0.446532  472.74  83.2137  13.8681 1.86317
0.449726  476.722  84.619  13.8557 1.87022
0.452935  480.733  86.0451  13.8433 1.87719
0.45616  484.773  87.4921  13.8309 1.88407
0.4594  488.842  88.9599  13.8179 1.89087
0.462655  492.941  90.4488  13.8052 1.89758
0.465925  497.07  91.9588  13.7919 1.9042
0.469211  501.23  93.4899  13.7789 1.91074
0.472512  505.419  95.0422  13.7654 1.91719
0.475828  509.639  96.6158  13.7518 1.92356
0.47916  513.89  98.2107  13.7382 1.92983
0.482508  518.172  99.8269  13.7243 1.93602
0.485871  522.486  101.464  13.7104 1.94212
0.48925  526.83  103.123  13.6965 1.94813
0.492644  531.207  104.804  13.6824 1.95405
0.496054  535.615  106.505  13.6679 1.95988
0.49948  540.055  108.228  13.6534 1.96562
0.502921  544.528  109.973  13.639 1.97128
0.506379  549.033  111.739  13.6245 1.97684
0.509852  553.571  113.526  13.6097 1.98231
0.513341  558.142  115.335  13.595 1.98769
0.516845  562.747  117.165  13.5799 1.99298
0.520366  567.384  119.016  13.5651 1.99818
0.523903  572.056  120.888  13.5501 2.00329
0.527455  576.761  122.782  13.5347 2.00831
0.531024  581.5  124.698  13.5196 2.01324
0.534608  586.274  126.634  13.5043 2.01808
0.538209  591.082  128.592  13.4889 2.02284
0.541826  595.925  130.571  13.4736 2.0275
0.545459  600.803  132.571  13.4582 2.03207
0.549109  605.717  134.592  13.4426 2.03656
0.552774  610.665  136.635  13.4269 2.04095
0.556456  615.65  138.699  13.4113 2.04526
0.560154  620.67  140.783  13.3956 2.04948
0.563869  625.726  142.889  13.38 2.05362
0.567599  630.819  145.016  13.3643 2.05767
0.571347  635.948  147.164  13.3484 2.06163
0.57511  641.114  149.333  13.3327 2.06551
0.578891  646.317  151.524  13.3168 2.0693
0.582687  651.557  153.735  13.3011 2.07301
0.586501  656.834  155.967  13.2852 2.07664
0.590331  662.149  158.22  13.2692 2.08018
0.594177  667.502  160.494  13.2533 2.08365
0.59804  672.893  162.789  13.2373 2.08703
0.60192  678.322  165.105  13.2214 2.09033
0.605817  683.79  167.442  13.2054 2.09355
0.609731  689.296  169.8  13.1892 2.09669
0.613661  694.841  172.179  13.1732 2.09975
0.617608  700.426  174.579  13.1573 2.10274
0.621572  706.05  176.999  13.1413 2.10565
0.625553  711.713  179.441  13.1254 2.10848
0.629551  717.416  181.903  13.1094 2.11124
0.633566  723.16  184.387  13.0932 2.11392
0.637598  728.943  186.891  13.0773 2.11653
0.641647  734.767  189.416  13.0613 2.11907
0.645713  740.632  191.962  13.0454 2.12153
0.649796  746.537  194.529  13.0294 2.12393
0.653897  752.484  197.117  13.0135 2.12625
0.658014  758.472  199.726  12.9975 2.1285
0.662149  764.501  202.355  12.9816 2.13069
0.666301  770.572  205.006  12.9656 2.13281
0.670471  776.686  207.678  12.9497 2.13486
0.674658  782.841  210.37  12.934 2.13685
0.678862  789.039  213.084  12.9181 2.13877
0.683084  795.279  215.818  12.9021 2.14062
0.687323  801.563  218.573  12.8865 2.14242
0.69158  807.889  221.35  12.8705 2.14415
0.695854  814.259  224.147  12.8549 2.14581
0.700146  820.672  226.965  12.8392 2.14742
0.704455  827.129  229.805  12.8233 2.14897
0.708782  833.63  232.665  12.8076 2.15046
0.713127  840.175  235.547  12.792 2.15189
0.717489  846.764  238.45  12.7763 2.15326
0.721869  853.398  241.373  12.761 2.15457
0.726267  860.077  244.318  12.7453 2.15583
0.730683  866.801  247.284  12.7297 2.15704
0.735117  873.57  250.272  12.7143 2.15819
0.739568  880.385  253.28  12.6986 2.15928
0.744038  887.245  256.31  12.6833 2.16033
0.748525  894.151  259.361  12.6679 2.16132
0.753031  901.104  262.433  12.6526 2.16226
0.757554  908.102  265.527  12.6372 2.16315
0.762096  915.148  268.641  12.6219 2.16399
0.766656  922.24  271.778  12.6068 2.16478
0.771234  929.379  274.935  12.5914 2.16553
0.77583  936.565  278.114  12.5764 2.16622
0.780444  943.799  281.315  12.561 2.16687
0.785077  951.081  284.537  12.546 2.16748
0.789727  958.41  287.781  12.5309 2.16804
0.794397  965.788  291.046  12.5161 2.16855
0.799084  973.214  294.333  12.5011 2.16902
0.80379  980.688  297.641  12.486 2.16945
0.808514  988.212  300.971  12.4712 2.16983
0.813257  995.784  304.323  12.4565 2.17018
0.818019  1003.41  307.697  12.4417 2.17048
0.822799  1011.08  311.092  12.4269 2.17074
0.827597  1018.8  314.509  12.4122 2.17096
0.832414  1026.57  317.948  12.3974 2.17115
0.83725  1034.39  321.409  12.3829 2.17129
0.842104  1042.26  324.892  12.3682 2.1714
0.846978  1050.18  328.397  12.3537 2.17147
0.85187  1058.15  331.924  12.3392 2.1715
0.85678  1066.18  335.473  12.3248 2.1715
0.86171  1074.25  339.044  12.3103 2.17146
0.866659  1082.38  342.637  12.2961 2.17139
0.871626  1090.56  346.253  12.2819 2.17129
0.876612  1098.79  349.89  12.2675 2.17115
0.881618  1107.07  353.55  12.2533 2.17098
0.886642  1115.4  357.233  12.2391 2.17077
0.891685  1123.79  360.938  12.2252 2.17054
0.896748  1132.23  364.665  12.2111 2.17027
0.901829  1140.72  368.415  12.1969 2.16997
0.90693  1149.27  372.187  12.183 2.16964
0.91205  1157.87  375.982  12.1691 2.16929
0.917189  1166.52  379.799  12.1552 2.1689
0.922348  1175.23  383.639  12.1414 2.16848
0.927525  1183.99  387.502  12.1278 2.16804
0.932723  1192.81  391.388  12.1139 2.16757
0.937939  1201.68  395.296  12.1003 2.16707
0.943175  1210.61  399.228  12.0867 2.16655
0.94843  1219.59  403.182  12.0731 2.166
0.953705  1228.62  407.159  12.0596 2.16542
0.958999  1237.72  411.16  12.046 2.16482
0.964313  1246.86  415.183  12.0327 2.1642
0.969647  1256.07  419.23  12.0194 2.16355
