       0.000   0.649460667e-01
       0.050   0.649386904e-01
       0.100   0.649166144e-01
       0.150   0.648799973e-01
       0.200   0.648291024e-01
       0.250   0.647642956e-01
       0.300   0.646860431e-01
       0.350   0.645949084e-01
       0.400   0.644915480e-01
       0.450   0.643767073e-01
       0.500   0.642512148e-01
       0.550   0.641159769e-01
       0.600   0.639719704e-01
       0.650   0.638202362e-01
       0.700   0.636618710e-01
       0.750   0.634980190e-01
       0.800   0.633298635e-01
       0.850   0.631586168e-01
       0.900   0.629855113e-01
       0.950   0.628117892e-01
       1.000   0.626386923e-01
       1.050   0.624674516e-01
       1.100   0.622992768e-01
       1.150   0.621353462e-01
       1.200   0.619767962e-01
       1.250   0.618247116e-01
       1.300   0.616801155e-01
       1.350   0.615439609e-01
       1.400   0.614171217e-01
       1.450   0.613003848e-01
       1.500   0.611944434e-01
       1.550   0.610998909e-01
       1.600   0.610172155e-01
       1.650   0.609467962e-01
       1.700   0.608889002e-01
       1.750   0.608436806e-01
       1.800   0.608111766e-01
       1.850   0.607913137e-01
       1.900   0.607839059e-01
       1.950   0.607886589e-01
       2.000   0.608051750e-01
       2.050   0.608329580e-01
       2.100   0.608714210e-01
       2.150   0.609198935e-01
       2.200   0.609776306e-01
       2.250   0.610438226e-01
       2.300   0.611176054e-01
       2.350   0.611980718e-01
       2.400   0.612842825e-01
       2.450   0.613752784e-01
       2.500   0.614700922e-01
       2.550   0.615677603e-01
       2.600   0.616673347e-01
       2.650   0.617678941e-01
       2.700   0.618685551e-01
       2.750   0.619684816e-01
       2.800   0.620668947e-01
       2.850   0.621630804e-01
       2.900   0.622563971e-01
       2.950   0.623462808e-01
       3.000   0.624322499e-01
       3.050   0.625139080e-01
       3.100   0.625909450e-01
       3.150   0.626631370e-01
       3.200   0.627303442e-01
       3.250   0.627925075e-01
       3.300   0.628496431e-01
       3.350   0.629018358e-01
       3.400   0.629492306e-01
       3.450   0.629920230e-01
       3.500   0.630304483e-01
       3.550   0.630647688e-01
       3.600   0.630952614e-01
       3.650   0.631222030e-01
       3.700   0.631458565e-01
       3.750   0.631664558e-01
       3.800   0.631841905e-01
       3.850   0.631991915e-01
       3.900   0.632115159e-01
       3.950   0.632211335e-01
       4.000   0.632279134e-01
       4.050   0.632316122e-01
       4.100   0.632318631e-01
       4.150   0.632281667e-01
       4.200   0.632198839e-01
       4.250   0.632062296e-01
       4.300   0.631862701e-01
       4.350   0.631589210e-01
       4.400   0.631229485e-01
       4.450   0.630769724e-01
       4.500   0.630194721e-01
       4.550   0.629487941e-01
       4.600   0.628631625e-01
       4.650   0.627606913e-01
       4.700   0.626393995e-01
       4.750   0.624972270e-01
       4.800   0.623320536e-01
       4.850   0.621417188e-01
       4.900   0.619240432e-01
       4.950   0.616768511e-01
       5.000   0.613979939e-01
       5.050   0.610853741e-01
       5.100   0.607369696e-01
       5.150   0.603508579e-01
       5.200   0.599252404e-01
       5.250   0.594584649e-01
       5.300   0.589490489e-01
       5.350   0.583957000e-01
       5.400   0.577973363e-01
       5.450   0.571531033e-01
       5.500   0.564623907e-01
       5.550   0.557248455e-01
       5.600   0.549403835e-01
       5.650   0.541091976e-01
       5.700   0.532317643e-01
       5.750   0.523088465e-01
       5.800   0.513414940e-01
       5.850   0.503310408e-01
       5.900   0.492790998e-01
       5.950   0.481875546e-01
       6.000   0.470585484e-01
       6.050   0.458944707e-01
       6.100   0.446979409e-01
       6.150   0.434717902e-01
       6.200   0.422190410e-01
       6.250   0.409428848e-01
       6.300   0.396466582e-01
       6.350   0.383338176e-01
       6.400   0.370079131e-01
       6.450   0.356725614e-01
       6.500   0.343314180e-01
       6.550   0.329881503e-01
       6.600   0.316464094e-01
       6.650   0.303098035e-01
       6.700   0.289818715e-01
       6.750   0.276660579e-01
       6.800   0.263656888e-01
       6.850   0.250839495e-01
       6.900   0.238238640e-01
       6.950   0.225882762e-01
       7.000   0.213798333e-01
       7.050   0.202009714e-01
       7.100   0.190539040e-01
       7.150   0.179406118e-01
       7.200   0.168628361e-01
       7.250   0.158220739e-01
       7.300   0.148195761e-01
       7.350   0.138563474e-01
       7.400   0.129331492e-01
       7.450   0.120505040e-01
       7.500   0.112087025e-01
       7.550   0.104078126e-01
       7.600   0.964768933e-02
       7.650   0.892798753e-02
       7.700   0.824817489e-02
       7.750   0.760754665e-02
       7.800   0.700524108e-02
       7.850   0.644025564e-02
       7.900   0.591146363e-02
       7.950   0.541763112e-02
       8.000   0.495743388e-02
       8.050   0.452947420e-02
       8.100   0.413229733e-02
       8.150   0.376440748e-02
       8.200   0.342428300e-02
       8.250   0.311039089e-02
       8.300   0.282120027e-02
       8.350   0.255519481e-02
       8.400   0.231088410e-02
       8.450   0.208681370e-02
       8.500   0.188157405e-02
       8.550   0.169380805e-02
       8.600   0.152221739e-02
       8.650   0.136556756e-02
       8.700   0.122269175e-02
       8.750   0.109249335e-02
       8.800   0.973947533e-03
       8.850   0.866101574e-03
       8.900   0.768074317e-03
       8.950   0.679054682e-03
       9.000   0.598299380e-03
       9.050   0.525129942e-03
       9.100   0.458929160e-03
       9.150   0.399137046e-03
       9.200   0.345246435e-03
       9.250   0.296798329e-03
       9.300   0.253377093e-03
       9.350   0.214605618e-03
       9.400   0.180140530e-03
       9.450   0.149667547e-03
       9.500   0.122897064e-03
       9.550   0.995600423e-04
       9.600   0.794042549e-04
       9.650   0.621909483e-04
       9.700   0.476919569e-04
       9.750   0.356872952e-04
       9.800   0.259632441e-04
       9.850   0.183109323e-04
       9.900   0.125254035e-04
       9.950   0.840514766e-05
      10.000   0.575206494e-05
      10.050   0.437182028e-05
      10.100   0.407453902e-05
      10.150   0.467578654e-05
      10.200   0.599776960e-05
      10.250   0.787069336e-05
      10.300   0.101342061e-04
      10.350   0.126388637e-04
      10.400   0.152475468e-04
      10.450   0.178367691e-04
      10.500   0.202978176e-04
      10.550   0.225376750e-04
      10.600   0.244796808e-04
      10.650   0.260638976e-04
      10.700   0.272471589e-04
      10.750   0.280027868e-04
      10.800   0.283199751e-04
      10.850   0.282028504e-04
      10.900   0.276692278e-04
      10.950   0.267490924e-04
      11.000   0.254828448e-04
      11.050   0.239193565e-04
      11.100   0.221138872e-04
      11.150   0.201259216e-04
      11.200   0.180169849e-04
      11.250   0.158484963e-04
      11.300   0.136797218e-04
      11.350   0.115658808e-04
      11.400   0.955645797e-05
      11.450   0.769376733e-05
      11.500   0.601180352e-05
      11.550   0.453541013e-05
      11.600   0.327978309e-05
      11.650   0.225031705e-05
      11.700   0.144279241e-05
      11.750   0.843889730e-06
      11.800   0.432008471e-06
      11.850   0.178357460e-06
      11.900   0.482764972e-07
      11.950   0.274145984e-08
      12.000   0.596928486e-17
      12.050  -0.271870921e-08
