0.000   0.867168843e-01
0.050   0.867026934e-01
0.100   0.866602613e-01
0.150   0.865900071e-01
0.200   0.864926225e-01
0.250   0.863690601e-01
0.300   0.862205193e-01
0.350   0.860484268e-01
0.400   0.858544147e-01
0.450   0.856402943e-01
0.500   0.854080282e-01
0.550   0.851596985e-01
0.600   0.848974744e-01
0.650   0.846235776e-01
0.700   0.843402464e-01
0.750   0.840497002e-01
0.800   0.837541033e-01
0.850   0.834555294e-01
0.900   0.831559272e-01
0.950   0.828570876e-01
1.000   0.825606128e-01
1.050   0.822678875e-01
1.100   0.819800533e-01
1.150   0.816979858e-01
1.200   0.814222753e-01
1.250   0.811532109e-01
1.300   0.808907688e-01
1.350   0.806346037e-01
1.400   0.803840453e-01
1.450   0.801380982e-01
1.500   0.798954458e-01
1.550   0.796544584e-01
1.600   0.794132057e-01
1.650   0.791694720e-01
1.700   0.789207758e-01
1.750   0.786643930e-01
1.800   0.783973824e-01
1.850   0.781166152e-01
1.900   0.778188060e-01
1.950   0.775005477e-01
2.000   0.771583464e-01
2.050   0.767886599e-01
2.100   0.763879364e-01
2.150   0.759526541e-01
2.200   0.754793621e-01
2.250   0.749647207e-01
2.300   0.744055414e-01
2.350   0.737988269e-01
2.400   0.731418091e-01
2.450   0.724319856e-01
2.500   0.716671551e-01
2.550   0.708454489e-01
2.600   0.699653603e-01
2.650   0.690257711e-01
2.700   0.680259734e-01
2.750   0.669656881e-01
2.800   0.658450788e-01
2.850   0.646647616e-01
2.900   0.634258089e-01
2.950   0.621297497e-01
3.000   0.607785635e-01
3.050   0.593746703e-01
3.100   0.579209143e-01
3.150   0.564205435e-01
3.200   0.548771846e-01
3.250   0.532948123e-01
3.300   0.516777162e-01
3.350   0.500304618e-01
3.400   0.483578502e-01
3.450   0.466648737e-01
3.500   0.449566698e-01
3.550   0.432384734e-01
3.600   0.415155681e-01
3.650   0.397932373e-01
3.700   0.380767160e-01
3.750   0.363711428e-01
3.800   0.346815150e-01
3.850   0.330126450e-01
3.900   0.313691199e-01
3.950   0.297552653e-01
4.000   0.281751122e-01
4.050   0.266323687e-01
4.100   0.251303969e-01
4.150   0.236721934e-01
4.200   0.222603766e-01
4.250   0.208971780e-01
4.300   0.195844389e-01
4.350   0.183236121e-01
4.400   0.171157687e-01
4.450   0.159616089e-01
4.500   0.148614771e-01
4.550   0.138153806e-01
4.600   0.128230118e-01
4.650   0.118837723e-01
4.700   0.109968003e-01
4.750   0.101609980e-01
4.800   0.937506131e-02
4.850   0.863750916e-02
4.900   0.794671286e-02
4.950   0.730092485e-02
5.000   0.669830627e-02
5.050   0.613695305e-02
5.100   0.561492014e-02
5.150   0.513024365e-02
5.200   0.468096062e-02
5.250   0.426512642e-02
5.300   0.388082957e-02
5.350   0.352620414e-02
5.400   0.319943966e-02
5.450   0.289878882e-02
5.500   0.262257296e-02
5.550   0.236918567e-02
5.600   0.213709474e-02
5.650   0.192484261e-02
5.700   0.173104572e-02
5.750   0.155439287e-02
5.800   0.139364299e-02
5.850   0.124762237e-02
5.900   0.111522177e-02
5.950   0.995393342e-03
6.000   0.887147733e-03
6.050   0.789551307e-03
6.100   0.701723662e-03
6.150   0.622835435e-03
6.200   0.552106421e-03
6.250   0.488804000e-03
6.300   0.432241814e-03
6.350   0.381778666e-03
6.400   0.336817561e-03
6.450   0.296804827e-03
6.500   0.261229241e-03
6.550   0.229621098e-03
6.600   0.201551165e-03
6.650   0.176629463e-03
6.700   0.154503862e-03
6.750   0.134858439e-03
6.800   0.117411628e-03
6.850   0.101914137e-03
6.900   0.881466778e-04
6.950   0.759175324e-04
7.000   0.650599909e-04
7.050   0.554297196e-04
7.100   0.469021019e-04
7.150   0.393696081e-04
7.200   0.327392405e-04
7.250   0.269301028e-04
7.300   0.218711321e-04
7.350   0.174990274e-04
7.400   0.137563999e-04
7.450   0.105901620e-04
7.500   0.795016345e-05
7.550   0.578807632e-05
7.600   0.405652178e-05
7.650   0.270842698e-05
7.700   0.169659438e-05
7.750   0.973462372e-06
7.800   0.491033228e-06
7.850   0.200942349e-06
7.900   0.546422124e-07
7.950   0.367395874e-08
8.000   0.786873606e-17
8.050  -0.362831958e-08
