       0.000   0.798468441e-01
       0.050   0.798339796e-01
       0.100   0.797955195e-01
       0.150   0.797318626e-01
       0.200   0.796436678e-01
       0.250   0.795318464e-01
       0.300   0.793975503e-01
       0.350   0.792421578e-01
       0.400   0.790672562e-01
       0.450   0.788746215e-01
       0.500   0.786661957e-01
       0.550   0.784440616e-01
       0.600   0.782104155e-01
       0.650   0.779675377e-01
       0.700   0.777177621e-01
       0.750   0.774634434e-01
       0.800   0.772069245e-01
       0.850   0.769505026e-01
       0.900   0.766963954e-01
       0.950   0.764467066e-01
       1.000   0.762033938e-01
       1.050   0.759682349e-01
       1.100   0.757427984e-01
       1.150   0.755284133e-01
       1.200   0.753261423e-01
       1.250   0.751367579e-01
       1.300   0.749607198e-01
       1.350   0.747981579e-01
       1.400   0.746488563e-01
       1.450   0.745122437e-01
       1.500   0.743873858e-01
       1.550   0.742729831e-01
       1.600   0.741673735e-01
       1.650   0.740685382e-01
       1.700   0.739741133e-01
       1.750   0.738814059e-01
       1.800   0.737874141e-01
       1.850   0.736888520e-01
       1.900   0.735821787e-01
       1.950   0.734636314e-01
       2.000   0.733292617e-01
       2.050   0.731749757e-01
       2.100   0.729965767e-01
       2.150   0.727898103e-01
       2.200   0.725504111e-01
       2.250   0.722741513e-01
       2.300   0.719568895e-01
       2.350   0.715946195e-01
       2.400   0.711835192e-01
       2.450   0.707199978e-01
       2.500   0.702007416e-01
       2.550   0.696227571e-01
       2.600   0.689834112e-01
       2.650   0.682804685e-01
       2.700   0.675121235e-01
       2.750   0.666770295e-01
       2.800   0.657743216e-01
       2.850   0.648036350e-01
       2.900   0.637651180e-01
       2.950   0.626594385e-01
       3.000   0.614877856e-01
       3.050   0.602518648e-01
       3.100   0.589538873e-01
       3.150   0.575965540e-01
       3.200   0.561830338e-01
       3.250   0.547169363e-01
       3.300   0.532022803e-01
       3.350   0.516434574e-01
       3.400   0.500451916e-01
       3.450   0.484124955e-01
       3.500   0.467506237e-01
       3.550   0.450650241e-01
       3.600   0.433612867e-01
       3.650   0.416450928e-01
       3.700   0.399221625e-01
       3.750   0.381982035e-01
       3.800   0.364788606e-01
       3.850   0.347696666e-01
       3.900   0.330759955e-01
       3.950   0.314030190e-01
       4.000   0.297556653e-01
       4.050   0.281385822e-01
       4.100   0.265561046e-01
       4.150   0.250122254e-01
       4.200   0.235105722e-01
       4.250   0.220543879e-01
       4.300   0.206465167e-01
       4.350   0.192893952e-01
       4.400   0.179850477e-01
       4.450   0.167350870e-01
       4.500   0.155407196e-01
       4.550   0.144027548e-01
       4.600   0.133216186e-01
       4.650   0.122973703e-01
       4.700   0.113297235e-01
       4.750   0.104180693e-01
       4.800   0.956150138e-02
       4.850   0.875884437e-02
       4.900   0.800868237e-02
       4.950   0.730938910e-02
       5.000   0.665915826e-02
       5.050   0.605603406e-02
       5.100   0.549794116e-02
       5.150   0.498271393e-02
       5.200   0.450812440e-02
       5.250   0.407190877e-02
       5.300   0.367179202e-02
       5.350   0.330551055e-02
       5.400   0.297083255e-02
       5.450   0.266557597e-02
       5.500   0.238762410e-02
       5.550   0.213493864e-02
       5.600   0.190557024e-02
       5.650   0.169766672e-02
       5.700   0.150947889e-02
       5.750   0.133936424e-02
       5.800   0.118578860e-02
       5.850   0.104732597e-02
       5.900   0.922656769e-03
       5.950   0.810564668e-03
       6.000   0.709932305e-03
       6.050   0.619736087e-03
       6.100   0.539040301e-03
       6.150   0.466990790e-03
       6.200   0.402808369e-03
       6.250   0.345782201e-03
       6.300   0.295263277e-03
       6.350   0.250658161e-03
       6.400   0.211423119e-03
       6.450   0.177058710e-03
       6.500   0.147104915e-03
       6.550   0.121136846e-03
       6.600   0.987610323e-04
       6.650   0.796122973e-04
       6.700   0.633511787e-04
       6.750   0.496618618e-04
       6.800   0.382505620e-04
       6.850   0.288442943e-04
       6.900   0.211899563e-04
       6.950   0.150536560e-04
       7.000   0.102202087e-04
       7.050   0.649274090e-05
       7.100   0.369233849e-05
       7.150   0.165768907e-05
       7.200   0.244677166e-06
       7.250  -0.674098920e-06
