       0.000   0.999999273e+00
       0.010   0.999801522e+00
       0.020   0.999206284e+00
       0.030   0.998214870e+00
       0.040   0.996828250e+00
       0.050   0.995047784e+00
       0.060   0.992875216e+00
       0.070   0.990312672e+00
       0.080   0.987362657e+00
       0.090   0.984028051e+00
       0.100   0.980312108e+00
       0.110   0.976218448e+00
       0.120   0.971751052e+00
       0.130   0.966914257e+00
       0.140   0.961712751e+00
       0.150   0.956151566e+00
       0.160   0.950236067e+00
       0.170   0.943971952e+00
       0.180   0.937365235e+00
       0.190   0.930422246e+00
       0.200   0.923149616e+00
       0.210   0.915554269e+00
       0.220   0.907643416e+00
       0.230   0.899424539e+00
       0.240   0.890905387e+00
       0.250   0.882093959e+00
       0.260   0.872998497e+00
       0.270   0.863627475e+00
       0.280   0.853989582e+00
       0.290   0.844093719e+00
       0.300   0.833948978e+00
       0.310   0.823564636e+00
       0.320   0.812950138e+00
       0.330   0.802115088e+00
       0.340   0.791069235e+00
       0.350   0.779822458e+00
       0.360   0.768384755e+00
       0.370   0.756766231e+00
       0.380   0.744977080e+00
       0.390   0.733027577e+00
       0.400   0.720928063e+00
       0.410   0.708688931e+00
       0.420   0.696320613e+00
       0.430   0.683833567e+00
       0.440   0.671238264e+00
       0.450   0.658545175e+00
       0.460   0.645764757e+00
       0.470   0.632907444e+00
       0.480   0.619983628e+00
       0.490   0.607003653e+00
       0.500   0.593977799e+00
       0.510   0.580916270e+00
       0.520   0.567829185e+00
       0.530   0.554726563e+00
       0.540   0.541618314e+00
       0.550   0.528514226e+00
       0.560   0.515423957e+00
       0.570   0.502357022e+00
       0.580   0.489322785e+00
       0.590   0.476330447e+00
       0.600   0.463389038e+00
       0.610   0.450507408e+00
       0.620   0.437694218e+00
       0.630   0.424957932e+00
       0.640   0.412306808e+00
       0.650   0.399748892e+00
       0.660   0.387292009e+00
       0.670   0.374943760e+00
       0.680   0.362711510e+00
       0.690   0.350602387e+00
       0.700   0.338623277e+00
       0.710   0.326780812e+00
       0.720   0.315081375e+00
       0.730   0.303531090e+00
       0.740   0.292135818e+00
       0.750   0.280901158e+00
       0.760   0.269832440e+00
       0.770   0.258934724e+00
       0.780   0.248212800e+00
       0.790   0.237671184e+00
       0.800   0.227314118e+00
       0.810   0.217145569e+00
       0.820   0.207169229e+00
       0.830   0.197388515e+00
       0.840   0.187806571e+00
       0.850   0.178426266e+00
       0.860   0.169250199e+00
       0.870   0.160280699e+00
       0.880   0.151519825e+00
       0.890   0.142969372e+00
       0.900   0.134630874e+00
       0.910   0.126505603e+00
       0.920   0.118594578e+00
       0.930   0.110898564e+00
       0.940   0.103418079e+00
       0.950   0.961533975e-01
       0.960   0.891045567e-01
       0.970   0.822713593e-01
       0.980   0.756533797e-01
       0.990   0.692499701e-01
       1.000   0.630602654e-01
       1.010   0.570831895e-01
       1.020   0.513174615e-01
       1.030   0.457616019e-01
       1.040   0.404139390e-01
       1.050   0.352726159e-01
       1.060   0.303355970e-01
       1.070   0.256006750e-01
       1.080   0.210654779e-01
       1.090   0.167274762e-01
       1.100   0.125839901e-01
       1.110   0.863219670e-02
       1.120   0.486913744e-02
       1.130   0.129172540e-02
       1.140  -0.210324723e-02
       1.150  -0.531910180e-02
       1.160  -0.835926574e-02
       1.170  -0.112272652e-01
       1.180  -0.139267176e-01
       1.190  -0.164613244e-01
       1.200  -0.188348637e-01
       1.210  -0.210511831e-01
       1.220  -0.231141924e-01
       1.230  -0.250278568e-01
       1.240  -0.267961896e-01
       1.250  -0.284232456e-01
       1.260  -0.299131142e-01
       1.270  -0.312699128e-01
       1.280  -0.324977803e-01
       1.290  -0.336008706e-01
       1.300  -0.345833466e-01
       1.310  -0.354493743e-01
       1.320  -0.362031163e-01
       1.330  -0.368487266e-01
       1.340  -0.373903449e-01
       1.350  -0.378320911e-01
       1.360  -0.381780604e-01
       1.370  -0.384323180e-01
       1.380  -0.385988943e-01
       1.390  -0.386817808e-01
       1.400  -0.386849247e-01
       1.410  -0.386122259e-01
       1.420  -0.384675321e-01
       1.430  -0.382546351e-01
       1.440  -0.379772677e-01
       1.450  -0.376390999e-01
       1.460  -0.372437358e-01
       1.470  -0.367947106e-01
       1.480  -0.362954881e-01
       1.490  -0.357494578e-01
       1.500  -0.351599326e-01
       1.510  -0.345301468e-01
       1.520  -0.338632542e-01
       1.530  -0.331623260e-01
       1.540  -0.324303497e-01
       1.550  -0.316702272e-01
       1.560  -0.308847741e-01
       1.570  -0.300767186e-01
       1.580  -0.292487003e-01
       1.590  -0.284032701e-01
       1.600  -0.275428895e-01
       1.610  -0.266699301e-01
       1.620  -0.257866738e-01
       1.630  -0.248953126e-01
       1.640  -0.239979488e-01
       1.650  -0.230965954e-01
       1.660  -0.221931765e-01
       1.670  -0.212895280e-01
       1.680  -0.203873979e-01
       1.690  -0.194884477e-01
       1.700  -0.185942531e-01
       1.710  -0.177063050e-01
       1.720  -0.168260108e-01
       1.730  -0.159546956e-01
       1.740  -0.150936037e-01
       1.750  -0.142438999e-01
       1.760  -0.134066711e-01
       1.770  -0.125829280e-01
       1.780  -0.117736065e-01
       1.790  -0.109795698e-01
       1.800  -0.102016101e-01
       1.810  -0.944045029e-02
       1.820  -0.869674601e-02
       1.830  -0.797108757e-02
       1.840  -0.726400194e-02
       1.850  -0.657595469e-02
       1.860  -0.590735212e-02
       1.870  -0.525854325e-02
       1.880  -0.462982193e-02
       1.890  -0.402142888e-02
       1.900  -0.343355383e-02
       1.910  -0.286633759e-02
       1.920  -0.231987412e-02
       1.930  -0.179421264e-02
       1.940  -0.128935967e-02
       1.950  -0.805281137e-03
       1.960  -0.341904361e-03
       1.970   0.100879894e-03
       1.980   0.523215434e-03
       1.990   0.925278665e-03
       2.000   0.130727665e-02
       2.010   0.166944523e-02
       2.020   0.201204709e-02
       2.030   0.233537000e-02
       2.040   0.263972497e-02
       2.050   0.292544451e-02
       2.060   0.319288093e-02
       2.070   0.344240464e-02
       2.080   0.367440257e-02
       2.090   0.388927657e-02
       2.100   0.408744187e-02
       2.110   0.426932563e-02
       2.120   0.443536551e-02
       2.130   0.458600824e-02
       2.140   0.472170838e-02
       2.150   0.484292696e-02
       2.160   0.495013030e-02
       2.170   0.504378880e-02
       2.180   0.512437586e-02
       2.190   0.519236676e-02
       2.200   0.524823766e-02
       2.210   0.529246464e-02
       2.220   0.532552274e-02
       2.230   0.534788511e-02
       2.240   0.536002218e-02
       2.250   0.536240086e-02
       2.260   0.535548387e-02
       2.270   0.533972895e-02
       2.280   0.531558834e-02
       2.290   0.528350808e-02
       2.300   0.524392752e-02
       2.310   0.519727878e-02
       2.320   0.514398627e-02
       2.330   0.508446629e-02
       2.340   0.501912662e-02
       2.350   0.494836616e-02
       2.360   0.487257459e-02
       2.370   0.479213214e-02
       2.380   0.470740928e-02
       2.390   0.461876652e-02
       2.400   0.452655424e-02
       2.410   0.443111250e-02
       2.420   0.433277091e-02
       2.430   0.423184856e-02
       2.440   0.412865390e-02
       2.450   0.402348468e-02
       2.460   0.391662798e-02
       2.470   0.380836013e-02
       2.480   0.369894674e-02
       2.490   0.358864277e-02
       2.500   0.347769251e-02
       2.510   0.336632972e-02
       2.520   0.325477766e-02
       2.530   0.314324919e-02
       2.540   0.303194692e-02
       2.550   0.292106330e-02
       2.560   0.281078078e-02
       2.570   0.270127192e-02
       2.580   0.259269960e-02
       2.590   0.248521716e-02
       2.600   0.237896856e-02
       2.610   0.227408863e-02
       2.620   0.217070317e-02
       2.630   0.206892924e-02
       2.640   0.196887527e-02
       2.650   0.187064137e-02
       2.660   0.177431947e-02
       2.670   0.167999356e-02
       2.680   0.158773991e-02
       2.690   0.149762731e-02
       2.700   0.140971725e-02
       2.710   0.132406421e-02
       2.720   0.124071583e-02
       2.730   0.115971318e-02
       2.740   0.108109097e-02
       2.750   0.100487776e-02
       2.760   0.931096258e-03
       2.770   0.859763461e-03
       2.780   0.790890944e-03
       2.790   0.724485062e-03
       2.800   0.660547179e-03
       2.810   0.599073892e-03
       2.820   0.540057251e-03
       2.830   0.483484977e-03
       2.840   0.429340681e-03
       2.850   0.377604073e-03
       2.860   0.328251179e-03
       2.870   0.281254544e-03
       2.880   0.236583439e-03
       2.890   0.194204061e-03
       2.900   0.154079734e-03
       2.910   0.116171102e-03
       2.920   0.804363185e-04
       2.930   0.468312371e-04
       2.940   0.153095929e-04
       2.950  -0.141768171e-04
       2.960  -0.416779586e-04
       2.970  -0.672453881e-04
       2.980  -0.909320858e-04
       2.990  -0.112792292e-03
       3.000  -0.132881349e-03
       3.010  -0.151255544e-03
       3.020  -0.167971962e-03
       3.030  -0.183088339e-03
       3.040  -0.196662920e-03
       3.050  -0.208754320e-03
       3.060  -0.219421398e-03
       3.070  -0.228723123e-03
       3.080  -0.236718454e-03
       3.090  -0.243466222e-03
       3.100  -0.249025013e-03
       3.110  -0.253453066e-03
       3.120  -0.256808160e-03
       3.130  -0.259147521e-03
       3.140  -0.260527724e-03
       3.150  -0.261004604e-03
       3.160  -0.260633173e-03
       3.170  -0.259467533e-03
       3.180  -0.257560808e-03
       3.190  -0.254965067e-03
       3.200  -0.251731262e-03
       3.210  -0.247909162e-03
       3.220  -0.243547299e-03
       3.230  -0.238692916e-03
       3.240  -0.233391915e-03
       3.250  -0.227688819e-03
       3.260  -0.221626729e-03
       3.270  -0.215247293e-03
       3.280  -0.208590671e-03
       3.290  -0.201695516e-03
       3.300  -0.194598945e-03
       3.310  -0.187336527e-03
       3.320  -0.179942269e-03
       3.330  -0.172448604e-03
       3.340  -0.164886387e-03
       3.350  -0.157284894e-03
       3.360  -0.149671822e-03
       3.370  -0.142073297e-03
       3.380  -0.134513880e-03
       3.390  -0.127016583e-03
       3.400  -0.119602880e-03
       3.410  -0.112292728e-03
       3.420  -0.105104590e-03
       3.430  -0.980554562e-04
       3.440  -0.911608713e-04
       3.450  -0.844349661e-04
       3.460  -0.778904878e-04
       3.470  -0.715388340e-04
       3.480  -0.653900891e-04
       3.490  -0.594530623e-04
       3.500  -0.537353273e-04
       3.510  -0.482432639e-04
       3.520  -0.429821007e-04
       3.530  -0.379559594e-04
       3.540  -0.331679000e-04
       3.550  -0.286199671e-04
       3.560  -0.243132374e-04
       3.570  -0.202478670e-04
       3.580  -0.164231404e-04
       3.590  -0.128375188e-04
       3.600  -0.948868931e-05
       3.610  -0.637361419e-05
       3.620  -0.348857982e-05
       3.630  -0.829245637e-06
       3.640   0.160930719e-05
       3.650   0.383252762e-05
       3.660   0.584634706e-05
       3.670   0.765713245e-05
       3.680   0.927164004e-05
       3.690   0.106969701e-04
       3.700   0.119405228e-04
       3.710   0.130099548e-04
       3.720   0.139131372e-04
       3.730   0.146581151e-04
       3.740   0.152530681e-04
       3.750   0.157062720e-04
       3.760   0.160260628e-04
       3.770   0.162208015e-04
       3.780   0.162988407e-04
       3.790   0.162684930e-04
       3.800   0.161380010e-04
       3.810   0.159155089e-04
       3.820   0.156090357e-04
       3.830   0.152264510e-04
       3.840   0.147754512e-04
       3.850   0.142635388e-04
       3.860   0.136980026e-04
       3.870   0.130858998e-04
       3.880   0.124340407e-04
       3.890   0.117489736e-04
       3.900   0.110369730e-04
       3.910   0.103040283e-04
       3.920   0.955583495e-05
       3.930   0.879778680e-05
       3.940   0.803497011e-05
       3.950   0.727215918e-05
       3.960   0.651381342e-05
       3.970   0.576407582e-05
       3.980   0.502677284e-05
       3.990   0.430541559e-05
       4.000   0.360320229e-05
       4.010   0.292302187e-05
       4.020   0.226745873e-05
       4.030   0.163879854e-05
       4.040   0.103903503e-05
       4.050   0.469877692e-06
       4.060  -0.672397340e-07
       4.070  -0.571149915e-06
       4.080  -0.104094195e-05
       4.090  -0.147595079e-05
       4.100  -0.187574601e-05
       4.110  -0.224012025e-05
       4.120  -0.256907715e-05
       4.130  -0.286281897e-05
       4.140  -0.312173396e-05
       4.150  -0.334638350e-05
       4.160  -0.353748917e-05
       4.170  -0.369591967e-05
       4.180  -0.382267779e-05
       4.190  -0.391888738e-05
       4.200  -0.398578046e-05
       4.210  -0.402468446e-05
       4.220  -0.403700971e-05
       4.230  -0.402423710e-05
       4.240  -0.398790616e-05
       4.250  -0.392960334e-05
       4.260  -0.385095082e-05
       4.270  -0.375359556e-05
       4.280  -0.363919898e-05
       4.290  -0.350942694e-05
       4.300  -0.336594034e-05
       4.310  -0.321038618e-05
       4.320  -0.304438918e-05
       4.330  -0.286954393e-05
       4.340  -0.268740763e-05
       4.350  -0.249949338e-05
       4.360  -0.230726406e-05
       4.370  -0.211212681e-05
       4.380  -0.191542804e-05
       4.390  -0.171844911e-05
       4.400  -0.152240243e-05
       4.410  -0.132842833e-05
       4.420  -0.113759229e-05
       4.430  -0.950882859e-06
       4.440  -0.769209997e-06
       4.450  -0.593404011e-06
       4.460  -0.424214928e-06
       4.470  -0.262312369e-06
       4.480  -0.108285862e-06
       4.490   0.373544039e-07
       4.500   0.174176433e-06
       4.510   0.301824887e-06
       4.520   0.420019200e-06
       4.530   0.528551364e-06
       4.540   0.627283415e-06
       4.550   0.716144646e-06
       4.560   0.795128576e-06
       4.570   0.864289696e-06
       4.580   0.923740033e-06
       4.590   0.973645548e-06
       4.600   0.101422240e-05
       4.610   0.104573309e-05
       4.620   0.106848255e-05
       4.630   0.108281416e-05
       4.640   0.108910570e-05
       4.650   0.108776539e-05
       4.660   0.107922780e-05
       4.670   0.106394995e-05
       4.680   0.104240737e-05
       4.690   0.101509023e-05
       4.700   0.982499664e-06
       4.710   0.945144086e-06
       4.720   0.903535716e-06
       4.730   0.858187212e-06
       4.740   0.809608472e-06
       4.750   0.758303592e-06
       4.760   0.704768011e-06
       4.770   0.649485837e-06
       4.780   0.592927365e-06
       4.790   0.535546795e-06
       4.800   0.477780159e-06
       4.810   0.420043446e-06
       4.820   0.362730939e-06
       4.830   0.306213767e-06
       4.840   0.250838659e-06
       4.850   0.196926907e-06
       4.860   0.144773534e-06
       4.870   0.946466674e-07
       4.880   0.467870972e-07
       4.890   0.140803444e-08
       4.900  -0.413049528e-07
       4.910  -0.811938255e-07
       4.920  -0.118127793e-06
       4.930  -0.152002873e-06
       4.940  -0.182741302e-06
       4.950  -0.210290810e-06
       4.960  -0.234623759e-06
       4.970  -0.255736168e-06
       4.980  -0.273646631e-06
       4.990  -0.288395136e-06
       5.000  -0.300041801e-06
