5.626386492404949e-04  4.713746792297647e-01  4.550789539866722e-01
6.247929066443015e-04  5.120825643609030e-01  4.946060486669827e-01
6.913638745030562e-04  5.549128271419813e-01  5.362139857017197e-01
7.625031547444399e-04  5.999143078491364e-01  5.799515656864915e-01
8.383623492961343e-04  6.471360417875844e-01  6.258677761880781e-01
9.190930600858201e-04  6.966272316763693e-01  6.740117930649433e-01
1.004846889041179e-03  7.484373029549839e-01  7.244329808943980e-01
1.095775438089892e-03  8.026158501867694e-01  7.771808924150795e-01
1.192030309159640e-03  8.592126697534203e-01  8.323052668876952e-01
1.293763104178105e-03  9.182777285975563e-01  8.898560272705057e-01
1.401125425072968e-03  9.798612015432573e-01  9.498832761001947e-01
1.514268873771909e-03  1.044013410718205e+00  1.012437289961880e+00
1.633345052202611e-03  1.110784876823820e+00  1.077568512425789e+00
1.758505562292755e-03  1.180226257533860e+00  1.145327545321310e+00
1.889902005970021e-03  1.252388370868414e+00  1.215765138212456e+00
2.027685985162092e-03  1.327322180073949e+00  1.288932175931867e+00
2.172009101796647e-03  1.405078764403736e+00  1.364879664023545e+00
2.323022957801369e-03  1.485709316078931e+00  1.443658711937752e+00
2.480879155103939e-03  1.569265108230234e+00  1.525320513814371e+00
2.645729295632037e-03  1.655797486598915e+00  1.609916326684255e+00
2.817724981313346e-03  1.745357840269301e+00  1.697497445911084e+00
2.997017814075546e-03  1.837997570649326e+00  1.788115177689775e+00
3.183759395846319e-03  1.933768060477371e+00  1.881820808410413e+00
3.378101328553345e-03  2.032720653937015e+00  1.978665570690788e+00
3.580195214124307e-03  2.134906604273207e+00  2.078700605874062e+00
3.790192654486885e-03  2.240377032884414e+00  2.181976922782217e+00
4.008245251568760e-03  2.349182899045818e+00  2.288545352510707e+00
4.234504607297615e-03  2.461374936515032e+00  2.398456499044368e+00
4.469122323601130e-03  2.577003608806910e+00  2.511760685470144e+00
4.712250002406985e-03  2.696119047648041e+00  2.628507895558347e+00
4.964039245642864e-03  2.818770995048293e+00  2.748747710480772e+00
5.224641655236446e-03  2.945008732368704e+00  2.872529240431575e+00
5.494208833115413e-03  3.074881009065816e+00  2.999901050915124e+00
5.772892381207446e-03  3.208435967895380e+00  3.130911083464829e+00
6.060843901440225e-03  3.345721058324536e+00  3.265606570557011e+00
6.358214995741436e-03  3.486782951364437e+00  3.404033944486462e+00
6.665157266038753e-03  3.631667444345124e+00  3.546238739972590e+00
6.981822314259865e-03  3.780419359885633e+00  3.692265490271427e+00
7.308361742332447e-03  3.933082438569972e+00  3.842157616573737e+00
7.644927152184184e-03  4.089699229249590e+00  3.995957310479473e+00
7.991670145742754e-03  4.250310969301836e+00  4.153705409348312e+00
8.348742324935841e-03  4.414957455507392e+00  4.315441264339710e+00
8.716295291691127e-03  4.583676916683856e+00  4.481202600970857e+00
9.094480647936288e-03  4.756505873801845e+00  4.651025372039320e+00
9.483449995599011e-03  4.933478992988109e+00  4.824943602777511e+00
9.883354936606976e-03  5.114628935934274e+00  5.002989228284137e+00
1.029434707288786e-02  5.299986203454475e+00  5.185191922107462e+00
1.071657800636935e-02  5.489578965063192e+00  5.371578918953734e+00
1.115019933897913e-02  5.683432895522618e+00  5.562174826716060e+00
1.159536267264486e-02  5.881570995334298e+00  5.757001432276577e+00
1.205221960929426e-02  6.084013406876225e+00  5.956077498893192e+00
1.252092175085497e-02  6.290777228845442e+00  6.159418555313520e+00
1.300162069925470e-02  6.501876325618659e+00  6.367036678547048e+00
1.349446805642111e-02  6.717321127050377e+00  6.578940267383919e+00
1.399961542428190e-02  6.937118428960562e+00  6.795133810175058e+00
1.451721440476474e-02  7.161271190172485e+00  7.015617645236147e+00
1.504741659979732e-02  7.389778323935838e+00  7.240387714970780e+00
1.559037361130731e-02  7.622634489665958e+00  7.469435314114239e+00
1.614623704122240e-02  7.859829883764372e+00  7.702746832677974e+00
1.671515849147026e-02  8.101350028806465e+00  7.940303494263452e+00
1.729728956397859e-02  8.347175564875670e+00  8.182081090505164e+00
1.789278186067506e-02  8.597282041948970e+00  8.428049712502807e+00
1.850178698348735e-02  8.851639716058848e+00  8.678173480201004e+00
1.912445653434314e-02  9.110213349380668e+00  8.932410270787571e+00
1.976094211517012e-02  9.372962015924527e+00  9.190711447286048e+00
2.041139532789596e-02  9.639838914348367e+00  9.453021588639496e+00
2.107596777444836e-02  9.910791190243904e+00  9.719278222697225e+00
2.175481105675497e-02  1.018575976597716e+01  9.989411563637631e+00
2.244807677674350e-02  1.046467918565142e+01  1.026334425548433e+01
2.315591653634162e-02  1.074747746989648e+01  1.054099112349643e+01
2.387848193747701e-02  1.103407598812995e+01  1.082225893533639e+01
2.461592458207735e-02  1.132438934620599e+01  1.110704617404435e+01
2.536839607207033e-02  1.161832529281159e+01  1.139524282496811e+01
2.613604800938362e-02  1.191578464584816e+01  1.168673017891255e+01
2.691903199594491e-02  1.221666124062332e+01  1.198138065389067e+01
2.771749963368188e-02  1.252084190198615e+01  1.227905763795790e+01
2.853160252452221e-02  1.282820644031675e+01  1.257961535571591e+01
2.936149227039358e-02  1.313862767614335e+01  1.288289876115341e+01
3.020732047322367e-02  1.345197149169937e+01  1.318874345957518e+01
3.106923873494016e-02  1.376809691270563e+01  1.349697566142734e+01
3.194739865747073e-02  1.408685622094589e+01  1.380741217087883e+01
3.284195184274307e-02  1.440809509999663e+01  1.411986041204495e+01
3.375304989268486e-02  1.473165281343020e+01  1.443411849575504e+01
3.468084440922378e-02  1.505736241792602e+01  1.474997532974856e+01
3.562548699428750e-02  1.538505101194411e+01  1.506721077515595e+01
3.658712924980372e-02  1.571454001984635e+01  1.538559585205772e+01
3.756592277770011e-02  1.604564551216504e+01  1.570489299683025e+01
3.856201917990435e-02  1.637817856383955e+01  1.602485637387502e+01
3.957557005834413e-02  1.671194564700851e+01  1.634523224417977e+01
4.060672701494711e-02  1.704674906317626e+01  1.666575939298963e+01
4.165564165164100e-02  1.738238740914932e+01  1.698616961866118e+01
4.272246557035347e-02  1.771865608081480e+01  1.730618828453230e+01
4.380735037301220e-02  1.805534781108318e+01  1.762553493406480e+01
4.491044766154485e-02  1.839225324224933e+01  1.794392397804151e+01
4.603190903787914e-02  1.872916153185799e+01  1.826106543673606e+01
4.717188610394273e-02  1.906586099013046e+01  1.857666576071305e+01
4.833053046166330e-02  1.940213974796184e+01  1.889042871378120e+01
4.950799371296852e-02  1.973778645375296e+01  1.920205632430404e+01
5.070442745978612e-02  2.007259099746766e+01  1.951124990317297e+01
5.191998330404373e-02  2.040634525923423e+01  1.981771112732803e+01
5.315481284766905e-02  2.073884388163986e+01  2.012114318724597e+01
5.440906769258975e-02  2.106988506227330e+01  2.042125199632633e+01
5.568289944073354e-02  2.139927136502369e+01  2.071774745962944e+01
5.697645969402808e-02  2.172681054758728e+01  2.101034479891553e+01
5.828990005440105e-02  2.205231640205989e+01  2.129876593046703e+01
5.962337212378013e-02  2.237560960687930e+01  2.158274089167454e+01
6.097702750409299e-02  2.269651858717424e+01  2.186200931192731e+01
6.235101779726736e-02  2.301488038009926e+01  2.213632192288576e+01
6.374549460523088e-02  2.333054150354709e+01  2.240544210280380e+01
6.516060952991123e-02  2.364335882460780e+01  2.266914744917608e+01
6.659651417323610e-02  2.395320042490440e+01  2.292723137363364e+01
6.805336013713319e-02  2.425994646040222e+01  2.317950471269140e+01
6.953129902353014e-02  2.456349001215803e+01  2.342579734768173e+01
7.103048243435468e-02  2.486373792533625e+01  2.366595982698242e+01
7.255106197153445e-02  2.516061163320375e+01  2.389986498346778e+01
7.409318923699715e-02  2.545404796323181e+01  2.412740953998431e+01
7.565701583267045e-02  2.574399992185690e+01  2.434851569557325e+01
7.724269336048208e-02  2.603043745487446e+01  2.456313268513617e+01
7.885037342235963e-02  2.631334817978115e+01  2.477123830525664e+01
8.048020762023085e-02  2.659273808705811e+01  2.497284039895536e+01
8.213234755602342e-02  2.686863220659021e+01  2.516797829226302e+01
8.380694483166500e-02  2.714107523554689e+01  2.535672417562963e+01
8.550415104908325e-02  2.741013212394850e+01  2.553918442336666e+01
8.722411781020589e-02  2.767588861414648e+01  2.571550084450227e+01
8.896699671696059e-02  2.793845172987809e+01  2.588585185863511e+01
9.073293937127505e-02  2.819795021083600e+01  2.605045359058327e+01
9.252209737507690e-02  2.845453488820575e+01  2.620956087782491e+01
9.433462233029387e-02  2.870837899657084e+01  2.636346818491209e+01
9.617066583885361e-02  2.895967841759555e+01  2.651251041919684e+01
9.803037950268383e-02  2.920865185034864e+01  2.665706364232845e+01
9.991391492371220e-02  2.945554090314078e+01  2.679754567204939e+01
1.018214237038664e-01  2.970061010203355e+01  2.693441656882220e+01
1.037530574450741e-01  2.994414681018092e+01  2.706817900175719e+01
1.057089677492630e-01  3.018646105296972e+01  2.719937848816576e+01
1.076893062183607e-01  3.042788524334124e+01  2.732860350082855e+01
1.096942244542950e-01  3.066877380193102e+01  2.745648543673331e+01
1.117238740589936e-01  3.090950266669086e+01  2.758369844060801e+01
1.137784066343840e-01  3.115046868688835e+01  2.771095907603430e+01
1.158579737823941e-01  3.139208889644176e+01  2.783902583628462e+01
1.179627271049514e-01  3.163479966219736e+01  2.796869848628672e+01
1.200928182039837e-01  3.187905570293574e+01  2.810081722627429e+01
1.222483986814186e-01  3.212532897568799e+01  2.823626166677815e+01
1.244296201391838e-01  3.237410742648184e+01  2.837594960361488e+01
1.266366341792071e-01  3.262589360376982e+01  2.852083558051485e+01
1.288695924034161e-01  3.288120313338067e+01  2.867190922598799e+01
1.311286464137383e-01  3.314056305540370e+01  2.883019335001060e+01
1.334139478121017e-01  3.340451002446876e+01  2.899674178517029e+01
1.357256482004337e-01  3.367358837636343e+01  2.917263695607534e+01
1.380638991806622e-01  3.394834806551559e+01  2.935898716019052e+01
1.404288523547148e-01  3.422934247966831e+01  2.955692354285972e+01
1.428206593245192e-01  3.451712613965613e+01  2.976759674922262e+01
1.452394716920029e-01  3.481225229426411e+01  2.999217323608055e+01
1.476854410590938e-01  3.511527042201396e+01  3.023183122764231e+01
1.501587190277196e-01  3.542672365371462e+01  3.048775630057907e+01
1.526594571998079e-01  3.574714613147109e+01  3.076113658603015e+01
1.551878071772864e-01  3.607706032191516e+01  3.105315757925674e+01
1.577439205620827e-01  3.641697430303053e+01  3.136499655163479e+01
1.603279489561245e-01  3.676737904578488e+01  3.169781656469102e+01
1.629400439613396e-01  3.712874571316677e+01  3.205276009203244e+01
1.655803571796556e-01  3.750152300048290e+01  3.243094226230151e+01
1.682490402130002e-01  3.788613454188908e+01  3.283344374479644e+01
1.709462446633011e-01  3.828297640861283e+01  3.326130330903766e+01
1.736721221324858e-01  3.869241472486500e+01  3.371551010032638e+01
1.764268242224822e-01  3.911478342725925e+01  3.419699568506228e+01
1.792105025352179e-01  3.955038219318790e+01  3.470662593206987e+01
1.820233086726206e-01  3.999947456272033e+01  3.524519280914571e+01
1.848653942366180e-01  4.046228627727408e+01  3.581340618713604e+01
1.877369108291377e-01  4.093900385659122e+01  3.641188574357469e+01
1.906380100521075e-01  4.142977343338643e+01  3.704115314898606e+01
1.935688435074550e-01  4.193469986238800e+01  3.770162451740678e+01
1.965295627971079e-01  4.245384611760699e+01  3.839360343129127e+01
1.995203195229938e-01  4.298723298821576e+01  3.911727456320548e+01
2.025412652870406e-01  4.353483907986727e+01  3.987269808175451e+01
2.055925516911757e-01  4.409660112430974e+01  4.065980497717525e+01
2.086743303373270e-01  4.467241459611406e+01  4.147839344283651e+01
2.117867528274221e-01  4.526213463109455e+01  4.232812643826211e+01
2.149299707633886e-01  4.586557723684704e+01  4.320853054382374e+01
2.181041357471543e-01  4.648252078160039e+01  4.411899619703980e+01
2.213093993806469e-01  4.711270774371135e+01  4.505877937577430e+01
2.245459132657940e-01  4.775584670032502e+01  4.602700476514452e+01
2.278138290045233e-01  4.841161453043563e+01  4.702267041345762e+01
2.311132981987625e-01  4.907965880468250e+01  4.804465384902571e+01
2.344444724504393e-01  4.975960033180474e+01  4.909171959550349e+01
2.378075033614814e-01  5.045103582996298e+01  5.016252798975921e+01
2.412025425338163e-01  5.115354068994581e+01  5.125564517460580e+01
2.446297415693719e-01  5.186667179685096e+01  5.236955411029741e+01
2.480892520700758e-01  5.258997037700915e+01  5.350266642473140e+01
2.515812256378556e-01  5.332296483779955e+01  5.465333490377301e+01
2.551058138746391e-01  5.406517356947291e+01  5.581986639509300e+01
2.586631683823540e-01  5.481610768016860e+01  5.700053498274088e+01
2.622534407629278e-01  5.557527363780816e+01  5.819359505954243e+01
2.658767826182884e-01  5.634217579550839e+01  5.939729426987925e+01
2.695333455503633e-01  5.711631878036408e+01  6.060988600591622e+01
2.732232811610804e-01  5.789720972890255e+01  6.182964132277006e+01
2.769467410523671e-01  5.868436035598423e+01  6.305486011022896e+01
2.807038768261514e-01  5.947728884749858e+01  6.428388139044714e+01
2.844948400843607e-01  6.027552157057622e+01  6.551509263813494e+01
2.883197824289228e-01  6.107859459828339e+01  6.674693804761115e+01
2.921788554617653e-01  6.188605504880908e+01  6.797792569863140e+01
2.960722107848160e-01  6.269746224177674e+01  6.920663359923651e+01
