5.626386492404949e-04  5.928424936915917e-01
6.247929066443015e-04  6.276131598942811e-01
6.913638745030562e-04  6.627752428913709e-01
7.625031547444399e-04  6.982785410805263e-01
8.383623492961344e-04  7.340736706161124e-01
9.190930600858202e-04  7.701121072461774e-01
1.004846889041179e-03  8.063462313954233e-01
1.095775438089892e-03  8.427293721189244e-01
1.192030309159640e-03  8.792158531542782e-01
1.293763104178105e-03  9.157610388338071e-01
1.401125425072968e-03  9.523213809374056e-01
1.514268873771909e-03  9.888544661963579e-01
1.633345052202612e-03  1.025319064211203e+00
1.758505562292755e-03  1.061675176657218e+00
1.889902005970021e-03  1.097884085401006e+00
2.027685985162092e-03  1.133908402723250e+00
2.172009101796647e-03  1.169712120833424e+00
2.323022957801369e-03  1.205260662322189e+00
2.480879155103938e-03  1.240520930674734e+00
2.645729295632037e-03  1.275461360908366e+00
2.817724981313345e-03  1.310051970545828e+00
2.997017814075546e-03  1.344264410758115e+00
3.183759395846319e-03  1.378072017375416e+00
3.378101328553345e-03  1.411449862041422e+00
3.580195214124307e-03  1.444374803177539e+00
3.790192654486885e-03  1.476825536908564e+00
4.008245251568760e-03  1.508782647708017e+00
4.234504607297615e-03  1.540228658673755e+00
4.469122323601130e-03  1.571148081834281e+00
4.712250002406985e-03  1.601527467628557e+00
4.964039245642864e-03  1.631355453894002e+00
5.224641655236446e-03  1.660622814534463e+00
5.494208833115413e-03  1.689322507640100e+00
5.772892381207445e-03  1.717449722113429e+00
6.060843901440226e-03  1.745001924661551e+00
6.358214995741436e-03  1.771978904781008e+00
6.665157266038753e-03  1.798382819477411e+00
6.981822314259865e-03  1.824218236800903e+00
7.308361742332447e-03  1.849492177961110e+00
7.644927152184184e-03  1.874214158660720e+00
7.991670145742756e-03  1.898396228780484e+00
8.348742324935841e-03  1.922053010845275e+00
8.716295291691127e-03  1.945201737034608e+00
9.094480647936290e-03  1.967862284625312e+00
9.483449995599011e-03  1.990057209802103e+00
9.883354936606976e-03  2.011811779703862e+00
1.029434707288786e-02  2.033154002811671e+00
1.071657800636935e-02  2.054114657415198e+00
1.115019933897913e-02  2.074727318069790e+00
1.159536267264486e-02  2.095028380109966e+00
1.205221960929425e-02  2.115057081974896e+00
1.252092175085497e-02  2.134855525560283e+00
1.300162069925469e-02  2.154468694027628e+00
1.349446805642111e-02  2.173944467584192e+00
1.399961542428190e-02  2.193333636695911e+00
1.451721440476474e-02  2.212689912972223e+00
1.504741659979732e-02  2.232069937390861e+00
1.559037361130731e-02  2.251533286227982e+00
1.614623704122240e-02  2.271142474080193e+00
1.671515849147027e-02  2.290962954387737e+00
1.729728956397859e-02  2.311063117203958e+00
1.789278186067506e-02  2.331514284230821e+00
1.850178698348735e-02  2.352390701029435e+00
1.912445653434315e-02  2.373769526407159e+00
1.976094211517012e-02  2.395730819032565e+00
2.041139532789596e-02  2.418357521098073e+00
2.107596777444836e-02  2.441735439085733e+00
2.175481105675497e-02  2.465953221785753e+00
2.244807677674350e-02  2.491102335234132e+00
2.315591653634162e-02  2.517277034952372e+00
2.387848193747701e-02  2.544574335165748e+00
2.461592458207735e-02  2.573093975265465e+00
2.536839607207033e-02  2.602938383472974e+00
2.613604800938362e-02  2.634212637638257e+00
2.691903199594491e-02  2.667024423397947e+00
2.771749963368188e-02  2.701483989622147e+00
2.853160252452221e-02  2.737704101295094e+00
2.936149227039358e-02  2.775799989807069e+00
3.020732047322367e-02  2.815889300910840e+00
3.106923873494016e-02  2.858092040226893e+00
3.194739865747073e-02  2.902530516613638e+00
3.284195184274308e-02  2.949329283396082e+00
3.375304989268487e-02  2.998615077599311e+00
3.468084440922378e-02  3.050516757378887e+00
3.562548699428750e-02  3.105165237765505e+00
3.658712924980372e-02  3.162693424896474e+00
3.756592277770011e-02  3.223236148912520e+00
3.856201917990435e-02  3.286930095727371e+00
3.957557005834413e-02  3.353913737837729e+00
4.060672701494712e-02  3.424327264412682e+00
4.165564165164101e-02  3.498312510906203e+00
4.272246557035346e-02  3.576012888378159e+00
4.380735037301220e-02  3.657573312795876e+00
4.491044766154486e-02  3.743140134610371e+00
4.603190903787914e-02  3.832861068799616e+00
4.717188610394273e-02  3.926885125732838e+00
4.833053046166330e-02  4.025362543093365e+00
4.950799371296854e-02  4.128444719161621e+00
5.070442745978612e-02  4.236284147775450e+00
5.191998330404373e-02  4.349034355273488e+00
5.315481284766905e-02  4.466849839700672e+00
5.440906769258976e-02  4.589886012651732e+00
5.568289944073354e-02  4.718299144009393e+00
5.697645969402808e-02  4.852246309949010e+00
5.828990005440104e-02  4.991885344490356e+00
5.962337212378013e-02  5.137374794950119e+00
6.097702750409301e-02  5.288873881576478e+00
6.235101779726736e-02  5.446542461708191e+00
6.374549460523088e-02  5.610540998735360e+00
6.516060952991123e-02  5.781030536171897e+00
6.659651417323610e-02  5.958172677109928e+00
6.805336013713319e-02  6.142129569354324e+00
6.953129902353014e-02  6.333063896438944e+00
7.103048243435468e-02  6.531138874836529e+00
7.255106197153445e-02  6.736518257506987e+00
7.409318923699715e-02  6.949366344039959e+00
7.565701583267045e-02  7.169847997511283e+00
7.724269336048206e-02  7.398128668267077e+00
7.885037342235963e-02  7.634374424678526e+00
8.048020762023085e-02  7.878751991018135e+00
8.213234755602340e-02  8.131428792476981e+00
8.380694483166498e-02  8.392573007355168e+00
8.550415104908325e-02  8.662353626420099e+00
8.722411781020591e-02  8.940940519352125e+00
8.896699671696059e-02  9.228504508216020e+00
9.073293937127505e-02  9.525217447793239e+00
9.252209737507691e-02  9.831252312610332e+00
9.433462233029388e-02  1.014678329044159e+01
9.617066583885363e-02  1.047198588199581e+01
9.803037950268383e-02  1.080703700649156e+01
9.991391492371220e-02  1.115211511274185e+01
1.018214237038664e-01  1.150740029532619e+01
1.037530574450741e-01  1.187307441540952e+01
1.057089677492630e-01  1.224932122566315e+01
1.076893062183607e-01  1.263632649874683e+01
1.096942244542950e-01  1.303427815873295e+01
1.117238740589936e-01  1.344336641480220e+01
1.137784066343840e-01  1.386378389651986e+01
1.158579737823941e-01  1.429572578991713e+01
1.179627271049514e-01  1.473938997359141e+01
1.200928182039837e-01  1.519497715397677e+01
1.222483986814186e-01  1.566269099889291e+01
1.244296201391839e-01  1.614273826846215e+01
1.266366341792071e-01  1.663532894242394e+01
1.288695924034161e-01  1.714067634285584e+01
1.311286464137383e-01  1.765899725128838e+01
1.334139478121017e-01  1.819051201916125e+01
1.357256482004338e-01  1.873544467055763e+01
1.380638991806623e-01  1.929402299614117e+01
1.404288523547148e-01  1.986647863719952e+01
1.428206593245192e-01  2.045304715871100e+01
1.452394716920029e-01  2.105396811033711e+01
1.476854410590938e-01  2.166948507426821e+01
1.501587190277197e-01  2.229984569885960e+01
1.526594571998079e-01  2.294530171701660e+01
1.551878071772864e-01  2.360610894833621e+01
1.577439205620827e-01  2.428252728403447e+01
1.603279489561246e-01  2.497482065375732e+01
1.629400439613397e-01  2.568325697341766e+01
1.655803571796556e-01  2.640810807328410e+01
1.682490402130002e-01  2.714964960562270e+01
1.709462446633010e-01  2.790816093126455e+01
1.736721221324858e-01  2.868392498459605e+01
1.764268242224822e-01  2.947722811655854e+01
1.792105025352179e-01  3.028835991536391e+01
1.820233086726207e-01  3.111761300475519e+01
1.848653942366180e-01  3.196528281977032e+01
1.877369108291377e-01  3.283166736011663e+01
1.906380100521075e-01  3.371706692139935e+01
1.935688435074550e-01  3.462178380459136e+01
1.965295627971079e-01  3.554612200429779e+01
1.995203195229938e-01  3.649038687651728e+01
2.025412652870405e-01  3.745488478676100e+01
2.055925516911757e-01  3.843992273953984e+01
2.086743303373270e-01  3.944580799039488e+01
2.117867528274221e-01  4.047284764178153e+01
2.149299707633886e-01  4.152134822427377e+01
2.181041357471544e-01  4.259161526468824e+01
2.213093993806469e-01  4.368395284283520e+01
2.245459132657940e-01  4.479866313875266e+01
2.278138290045233e-01  4.593604597234332e+01
2.311132981987626e-01  4.709639833745155e+01
2.344444724504393e-01  4.828001393246802e+01
2.378075033614814e-01  4.948718268961215e+01
2.412025425338163e-01  5.071819030507731e+01
2.446297415693719e-01  5.197331777224065e+01
2.480892520700758e-01  5.325284092013271e+01
2.515812256378556e-01  5.455702995934485e+01
2.551058138746391e-01  5.588614903750977e+01
2.586631683823540e-01  5.724045580643030e+01
2.622534407629278e-01  5.862020100284872e+01
2.658767826182884e-01  6.002562804476622e+01
2.695333455503634e-01  6.145697264508647e+01
2.732232811610804e-01  6.291446244426902e+01
2.769467410523672e-01  6.439831666348709e+01
2.807038768261513e-01  6.590874577969259e+01
2.844948400843607e-01  6.744595122377461e+01
2.883197824289227e-01  6.901012510288331e+01
2.921788554617653e-01  7.060144994777613e+01
2.960722107848160e-01  7.222009848589357e+01
