5.626386492404949e-04  7.898737687041830e-01
6.247929066443015e-04  8.464429749714100e-01
6.913638745030562e-04  9.049583509676040e-01
7.625031547444399e-04  9.654236780206702e-01
8.383623492961343e-04  1.027843528275071e+00
9.190930600858201e-04  1.092223308299936e+00
1.004846889041179e-03  1.158569241752161e+00
1.095775438089892e-03  1.226888406510852e+00
1.192030309159640e-03  1.297188736146722e+00
1.293763104178105e-03  1.369479020053632e+00
1.401125425072968e-03  1.443768888742625e+00
1.514268873771909e-03  1.520068827254477e+00
1.633345052202611e-03  1.598390136690682e+00
1.758505562292755e-03  1.678744919481346e+00
1.889902005970021e-03  1.761146046564249e+00
2.027685985162092e-03  1.845607114016730e+00
2.172009101796647e-03  1.932142398269775e+00
2.323022957801369e-03  2.020766780613030e+00
2.480879155103939e-03  2.111495695019585e+00
2.645729295632037e-03  2.204345031870957e+00
2.817724981313346e-03  2.299331046733073e+00
2.997017814075546e-03  2.396470254812129e+00
3.183759395846319e-03  2.495779307134057e+00
3.378101328553345e-03  2.597274857563093e+00
3.580195214124307e-03  2.700973415038334e+00
3.790192654486885e-03  2.806891178404612e+00
4.008245251568760e-03  2.915043858671652e+00
4.234504607297615e-03  3.025446484536474e+00
4.469122323601130e-03  3.138113194409016e+00
4.712250002406985e-03  3.253057011214310e+00
4.964039245642864e-03  3.370289602012576e+00
5.224641655236446e-03  3.489821021873126e+00
5.494208833115413e-03  3.611659444469069e+00
5.772892381207446e-03  3.735810880279246e+00
6.060843901440225e-03  3.862278872836896e+00
6.358214995741436e-03  3.991064195449667e+00
6.665157266038753e-03  4.122164525556855e+00
6.981822314259865e-03  4.255574114357387e+00
7.308361742332447e-03  4.391283449947650e+00
7.644927152184184e-03  4.529278909862342e+00
7.991670145742754e-03  4.669542414702732e+00
8.348742324935841e-03  4.812051075480667e+00
8.716295291691127e-03  4.956776846328125e+00
9.094480647936288e-03  5.103686180763361e+00
9.483449995599011e-03  5.252739693493481e+00
9.883354936606976e-03  5.403891834656292e+00
1.029434707288786e-02  5.557090578440466e+00
1.071657800636935e-02  5.712277129877407e+00
1.115019933897913e-02  5.869385652724077e+00
1.159536267264486e-02  6.028343022999366e+00
1.205221960929426e-02  6.189068614651774e+00
1.252092175085497e-02  6.351474112949745e+00
1.300162069925470e-02  6.515463371102328e+00
1.349446805642111e-02  6.680932302469387e+00
1.399961542428190e-02  6.847768819230055e+00
1.451721440476474e-02  7.015852815715789e+00
1.504741659979732e-02  7.185056202214810e+00
1.559037361130731e-02  7.355242989485873e+00
1.614623704122240e-02  7.526269425726127e+00
1.671515849147026e-02  7.697984190079410e+00
1.729728956397859e-02  7.870228638370122e+00
1.789278186067506e-02  8.042837106291699e+00
1.850178698348735e-02  8.215637266401473e+00
1.912445653434314e-02  8.388450539941346e+00
1.976094211517012e-02  8.561092560647012e+00
2.041139532789596e-02  8.733373689613813e+00
2.107596777444836e-02  8.905099578531463e+00
2.175481105675497e-02  9.076071777797097e+00
2.244807677674350e-02  9.246088387552049e+00
2.315591653634162e-02  9.414944746341575e+00
2.387848193747701e-02  9.582434155236228e+00
2.461592458207735e-02  9.748348631925751e+00
2.536839607207033e-02  9.912479691729914e+00
2.613604800938362e-02  1.007461914976852e+01
2.691903199594491e-02  1.023455994138283e+01
2.771749963368188e-02  1.039209695582451e+01
2.853160252452221e-02  1.054702787890244e+01
2.936149227039358e-02  1.069915404045219e+01
3.020732047322367e-02  1.084828126357468e+01
3.106923873494016e-02  1.099422071042204e+01
3.194739865747073e-02  1.113678972268679e+01
3.284195184274307e-02  1.127581265255367e+01
3.375304989268486e-02  1.141112168150528e+01
3.468084440922378e-02  1.154255762418700e+01
3.562548699428750e-02  1.166997071520814e+01
3.658712924980372e-02  1.179322137639826e+01
3.756592277770011e-02  1.191218096243017e+01
3.856201917990435e-02  1.202673248328733e+01
3.957557005834413e-02  1.213677130218844e+01
4.060672701494711e-02  1.224220580635824e+01
4.165564165164100e-02  1.234295805071099e+01
4.272246557035347e-02  1.243896437146270e+01
4.380735037301220e-02  1.253017596981124e+01
4.491044766154485e-02  1.261655946255519e+01
4.603190903787914e-02  1.269809739959339e+01
4.717188610394273e-02  1.277478874541373e+01
4.833053046166330e-02  1.284664932324665e+01
4.950799371296852e-02  1.291371221962493e+01
5.070442745978612e-02  1.297602814707000e+01
5.191998330404373e-02  1.303366576200017e+01
5.315481284766905e-02  1.308671193541306e+01
5.440906769258975e-02  1.313527197289568e+01
5.568289944073354e-02  1.317946978080977e+01
5.697645969402808e-02  1.321944797489971e+01
5.828990005440105e-02  1.325536792787807e+01
5.962337212378013e-02  1.328740975207086e+01
6.097702750409299e-02  1.331577221334419e+01
6.235101779726736e-02  1.334067257288962e+01
6.374549460523088e-02  1.336234635332676e+01
6.516060952991123e-02  1.338104702630790e+01
6.659651417323610e-02  1.339704561934900e+01
6.805336013713319e-02  1.341063024013181e+01
6.953129902353014e-02  1.342210551777941e+01
7.103048243435468e-02  1.343179196152482e+01
7.255106197153445e-02  1.344002523842664e+01
7.409318923699715e-02  1.344715537344916e+01
7.565701583267045e-02  1.345354587636018e+01
7.724269336048208e-02  1.345957280191146e+01
7.885037342235963e-02  1.346562375102155e+01
8.048020762023085e-02  1.347209682249741e+01
8.213234755602342e-02  1.347939952619208e+01
8.380694483166500e-02  1.348794766968342e+01
8.550415104908325e-02  1.349816423195489e+01
8.722411781020589e-02  1.351047823794181e+01
8.896699671696059e-02  1.352532364858394e+01
9.073293937127505e-02  1.354313828094996e+01
9.252209737507690e-02  1.356436277266903e+01
9.433462233029387e-02  1.358943960455133e+01
9.617066583885361e-02  1.361881219366944e+01
9.803037950268383e-02  1.365292406852336e+01
9.991391492371220e-02  1.369221813570380e+01
1.018214237038664e-01  1.373713604598538e+01
1.037530574450741e-01  1.378811766560909e+01
1.057089677492630e-01  1.384560065651135e+01
1.076893062183607e-01  1.391002016733364e+01
1.096942244542950e-01  1.398180863470748e+01
1.117238740589936e-01  1.406139569275854e+01
1.137784066343840e-01  1.414920818685528e+01
1.158579737823941e-01  1.424567028611898e+01
1.179627271049514e-01  1.435120368789455e+01
1.200928182039837e-01  1.446622790631056e+01
1.222483986814186e-01  1.459116063609281e+01
1.244296201391838e-01  1.472641818225929e+01
1.266366341792071e-01  1.487241594576278e+01
1.288695924034161e-01  1.502956895490433e+01
1.311286464137383e-01  1.519829243226968e+01
1.334139478121017e-01  1.537900238685074e+01
1.357256482004337e-01  1.557211622128852e+01
1.380638991806622e-01  1.577805334425159e+01
1.404288523547148e-01  1.599723577834925e+01
1.428206593245192e-01  1.623008875427388e+01
1.452394716920029e-01  1.647704128229009e+01
1.476854410590938e-01  1.673852669253790e+01
1.501587190277196e-01  1.701498313616253e+01
1.526594571998079e-01  1.730685403963355e+01
1.551878071772864e-01  1.761458850515294e+01
1.577439205620827e-01  1.793864165058926e+01
1.603279489561245e-01  1.827947488281177e+01
1.629400439613396e-01  1.863755609892542e+01
1.655803571796556e-01  1.901335981046577e+01
1.682490402130002e-01  1.940736718625135e+01
1.709462446633011e-01  1.982006601022488e+01
1.736721221324858e-01  2.025195055135703e+01
1.764268242224822e-01  2.070352134341863e+01
1.792105025352179e-01  2.117528487326013e+01
1.820233086726206e-01  2.166775317703184e+01
1.848653942366180e-01  2.218144334471845e+01
1.877369108291377e-01  2.271687693426077e+01
1.906380100521075e-01  2.327457929748459e+01
1.935688435074550e-01  2.385507882103252e+01
1.965295627971079e-01  2.445890608645595e+01
1.995203195229938e-01  2.508659295458312e+01
2.025412652870406e-01  2.573867158019209e+01
2.055925516911757e-01  2.641567336392075e+01
2.086743303373270e-01  2.711812784913013e+01
2.117867528274221e-01  2.784656157219854e+01
2.149299707633886e-01  2.860149687532430e+01
2.181041357471543e-01  2.938345069146419e+01
2.213093993806469e-01  3.019293331139897e+01
2.245459132657940e-01  3.103044714318082e+01
2.278138290045233e-01  3.189648547431216e+01
2.311132981987625e-01  3.279153124697837e+01
2.344444724504393e-01  3.371605585642749e+01
2.378075033614814e-01  3.467051798229136e+01
2.412025425338163e-01  3.565536246211946e+01
2.446297415693719e-01  3.667101921582571e+01
2.480892520700758e-01  3.771790222899267e+01
2.515812256378556e-01  3.879640860218819e+01
2.551058138746391e-01  3.990691767252156e+01
2.586631683823540e-01  4.104979021274198e+01
2.622534407629278e-01  4.222536771215130e+01
2.658767826182884e-01  4.343397174261645e+01
2.695333455503633e-01  4.467590341193784e+01
2.732232811610804e-01  4.595144290585324e+01
2.769467410523671e-01  4.726084911898295e+01
2.807038768261514e-01  4.860435937413683e+01
2.844948400843607e-01  4.998218922856267e+01
2.883197824289228e-01  5.139453236493466e+01
2.921788554617653e-01  5.284156056423728e+01
2.960722107848160e-01  5.432342375705844e+01
