0.14567  138.617  1.94461  19.2297 0.140713
0.147186  140.08  2.06727  18.2357 0.148274
0.148711  141.554  2.1966  17.3978 0.156387
0.150247  143.04  2.33281  16.6891 0.165058
0.151794  144.537  2.47612  16.0875 0.17429
0.153352  146.046  2.62673  15.5751 0.184089
0.15492  147.567  2.78485  15.1383 0.194456
0.156498  149.1  2.95069  14.765 0.205394
0.158087  150.645  3.12445  14.4461 0.216904
0.159687  152.202  3.30631  14.1735 0.228985
0.161298  153.772  3.49647  13.9408 0.241638
0.16292  155.354  3.69512  13.7423 0.254858
0.164552  156.949  3.90243  13.574 0.268643
0.166196  158.556  4.11859  13.4313 0.282987
0.16785  160.176  4.34375  13.3111 0.297884
0.169515  161.81  4.57809  13.211 0.313327
0.171191  163.456  4.82177  13.128 0.329307
0.172878  165.116  5.07493  13.0604 0.345813
0.174576  166.789  5.33771  13.0061 0.362834
0.176285  168.475  5.61026  12.9636 0.380357
0.178006  170.175  5.89271  12.9314 0.398367
0.179737  171.89  6.18519  12.908 0.416851
0.18148  173.618  6.4878  12.8933 0.435792
0.183234  175.36  6.80066  12.8853 0.455172
0.184999  177.116  7.12388  12.8838 0.474975
0.186776  178.887  7.45755  12.8877 0.495179
0.188564  180.672  7.80176  12.8965 0.515767
0.190363  182.472  8.15661  12.9095 0.536717
0.192173  184.287  8.52215  12.926 0.558009
0.193995  186.117  8.89848  12.9461 0.579621
0.195829  187.962  9.28565  12.9689 0.601532
0.197674  189.822  9.68371  12.994 0.623719
0.199531  191.698  10.0927  13.0211 0.64616
0.201399  193.59  10.5128  13.0501 0.668834
0.203279  195.497  10.9438  13.0805 0.691716
0.20517  197.42  11.386  13.1124 0.714786
0.207073  199.359  11.8392  13.1449 0.73802
0.208988  201.314  12.3036  13.1785 0.761397
0.210915  203.285  12.7792  13.2125 0.784894
0.212854  205.273  13.2659  13.2471 0.808491
0.214804  207.278  13.7639  13.2816 0.832166
0.216766  209.3  14.273  13.3168 0.855898
0.21874  211.338  14.7933  13.3516 0.879668
0.220726  213.394  15.3249  13.3865 0.903455
0.222724  215.466  15.8676  13.421 0.92724
0.224734  217.557  16.4216  13.4556 0.951005
0.226757  219.665  16.9867  13.4895 0.974732
0.228791  221.79  17.563  13.5232 0.998404
0.230837  223.934  18.1505  13.5563 1.022
0.232896  226.095  18.7491  13.589 1.04552
0.234966  228.275  19.3588  13.6209 1.06892
0.237049  230.473  19.9796  13.6525 1.09221
0.239145  232.689  20.6115  13.6833 1.11537
0.241252  234.924  21.2545  13.7134 1.13839
0.243372  237.178  21.9084  13.7426 1.16124
0.245504  239.451  22.5734  13.7713 1.18393
0.247649  241.743  23.2493  13.7993 1.20644
0.249806  244.054  23.9362  13.8262 1.22876
0.251976  246.385  24.6339  13.8528 1.25087
0.254158  248.735  25.3426  13.8782 1.27278
0.256353  251.105  26.062  13.903 1.29447
0.25856  253.495  26.7922  13.9269 1.31594
0.26078  255.904  27.5332  13.9499 1.33717
0.263013  258.334  28.2849  13.9724 1.35816
0.265258  260.784  29.0473  13.9939 1.37891
0.267516  263.255  29.8203  14.0146 1.3994
0.269787  265.746  30.604  14.0344 1.41965
0.272071  268.258  31.3982  14.0536 1.43963
0.274367  270.791  32.203  14.0719 1.45935
0.276677  273.345  33.0183  14.0893 1.4788
0.278999  275.919  33.8441  14.1062 1.49798
0.281335  278.516  34.6803  14.1224 1.51689
0.283683  281.134  35.5271  14.1375 1.53553
0.286044  283.773  36.3842  14.1522 1.55389
0.288419  286.434  37.2517  14.1661 1.57198
0.290806  289.117  38.1297  14.1791 1.58978
0.293207  291.822  39.018  14.1915 1.60732
0.295621  294.55  39.9167  14.2033 1.62457
0.298048  297.299  40.8257  14.2142 1.64155
0.300488  300.071  41.7452  14.2246 1.65825
0.302941  302.866  42.675  14.2343 1.67467
0.305408  305.684  43.6152  14.2435 1.69083
0.307889  308.524  44.5659  14.2521 1.70671
0.310382  311.388  45.527  14.2597 1.72232
0.312889  314.275  46.4986  14.2671 1.73766
0.31541  317.185  47.4808  14.2736 1.75273
0.317944  320.119  48.4735  14.2798 1.76754
0.320491  323.076  49.4769  14.2854 1.78209
0.323052  326.057  50.4909  14.2904 1.79638
0.325627  329.063  51.5158  14.2949 1.81042
0.328216  332.092  52.5515  14.2987 1.8242
0.330818  335.145  53.5982  14.3023 1.83773
0.333433  338.223  54.6559  14.3049 1.85102
0.336063  341.326  55.7248  14.3076 1.86407
0.338706  344.453  56.805  14.3093 1.87687
0.341363  347.605  57.8965  14.3108 1.88944
0.344034  350.782  58.9997  14.312 1.90178
0.346719  353.985  60.1144  14.3126 1.91389
0.349418  357.213  61.2411  14.3129 1.92577
0.352131  360.466  62.3797  14.3126 1.93743
0.354858  363.745  63.5304  14.312 1.94888
0.357599  367.049  64.6934  14.3108 1.96011
0.360354  370.38  65.869  14.3093 1.97113
0.363123  373.737  67.0571  14.3076 1.98194
0.365906  377.12  68.2581  14.3052 1.99255
0.368703  380.529  69.4722  14.3028 2.00296
0.371515  383.966  70.6994  14.2999 2.01317
0.374341  387.429  71.94  14.2963 2.02319
0.377181  390.919  73.1942  14.2928 2.03301
0.380035  394.436  74.4622  14.289 2.04265
0.382904  397.98  75.744  14.2845 2.05211
0.385787  401.552  77.0401  14.2798 2.06138
0.388685  405.152  78.3504  14.2751 2.07047
0.391597  408.779  79.6753  14.2698 2.07939
0.394524  412.435  81.0148  14.2642 2.08814
0.397465  416.119  82.3691  14.2583 2.09671
0.400421  419.831  83.7385  14.2523 2.10511
0.403391  423.571  85.123  14.2458 2.11335
0.406376  427.341  86.5228  14.2391 2.12143
0.409376  431.139  87.9382  14.2323 2.12934
0.412391  434.967  89.3691  14.2249 2.1371
0.41542  438.824  90.8158  14.2175 2.1447
0.418464  442.71  92.2784  14.2098 2.15214
0.421523  446.626  93.757  14.2018 2.15943
0.424597  450.572  95.2518  14.1936 2.16657
0.427685  454.548  96.7628  14.185 2.17357
0.430789  458.554  98.2902  14.1764 2.18041
0.433907  462.591  99.834  14.1676 2.18711
0.437041  466.658  101.394  14.1584 2.19367
0.44019  470.756  102.971  14.1493 2.20008
0.443353  474.886  104.565  14.1395 2.20636
0.446532  479.046  106.176  14.1301 2.2125
0.449726  483.238  107.803  14.12 2.2185
0.452935  487.461  109.448  14.11 2.22437
0.45616  491.717  111.109  14.0997 2.2301
0.4594  496.004  112.788  14.089 2.23571
0.462655  500.323  114.483  14.0784 2.24118
0.465925  504.675  116.196  14.0678 2.24653
0.469211  509.06  117.926  14.0568 2.25175
0.472512  513.477  119.673  14.0456 2.25684
0.475828  517.927  121.438  14.0344 2.26182
0.47916  522.411  123.22  14.0229 2.26667
0.482508  526.928  125.019  14.0114 2.2714
0.485871  531.478  126.836  13.9995 2.27601
0.48925  536.062  128.67  13.9877 2.2805
0.492644  540.681  130.522  13.9756 2.28488
0.496054  545.333  132.391  13.9635 2.28915
0.49948  550.02  134.278  13.9514 2.2933
0.502921  554.741  136.182  13.939 2.29735
0.506379  559.497  138.104  13.9266 2.30128
0.509852  564.289  140.044  13.9139 2.30511
0.513341  569.115  142.001  13.9012 2.30883
0.516845  573.977  143.975  13.8885 2.31244
0.520366  578.874  145.968  13.8755 2.31595
0.523903  583.807  147.978  13.8625 2.31936
0.527455  588.776  150.005  13.8495 2.32267
0.531024  593.782  152.051  13.8365 2.32588
0.534608  598.823  154.114  13.8232 2.329
0.538209  603.902  156.195  13.81 2.33201
0.541826  609.017  158.293  13.7967 2.33494
0.545459  614.169  160.41  13.7831 2.33776
0.549109  619.358  162.544  13.7695 2.3405
0.552774  624.585  164.696  13.7559 2.34315
0.556456  629.849  166.866  13.7423 2.34571
0.560154  635.151  169.053  13.7287 2.34818
0.563869  640.491  171.259  13.7149 2.35056
0.567599  645.87  173.482  13.701 2.35286
0.571347  651.286  175.723  13.6871 2.35508
0.57511  656.742  177.983  13.6732 2.35721
0.578891  662.236  180.26  13.6593 2.35927
0.582687  667.769  182.555  13.6452 2.36124
0.586501  673.341  184.868  13.6313 2.36314
0.590331  678.953  187.199  13.6171 2.36496
0.594177  684.605  189.548  13.6029 2.3667
0.59804  690.296  191.916  13.5888 2.36837
0.60192  696.027  194.301  13.5746 2.36996
0.605817  701.799  196.704  13.5604 2.37149
0.609731  707.611  199.126  13.5462 2.37294
0.613661  713.463  201.565  13.5321 2.37432
0.617608  719.357  204.023  13.5179 2.37563
0.621572  725.291  206.499  13.5034 2.37688
0.625553  731.267  208.993  13.4892 2.37806
0.629551  737.284  211.506  13.4748 2.37918
0.633566  743.343  214.037  13.4606 2.38023
0.637598  749.444  216.586  13.4461 2.38122
0.641647  755.587  219.153  13.4319 2.38215
0.645713  761.772  221.739  13.4175 2.38301
0.649796  767.999  224.344  13.403 2.38382
0.653897  774.27  226.966  13.3888 2.38457
0.658014  780.583  229.607  13.3743 2.38526
0.662149  786.939  232.267  13.3599 2.38589
0.666301  793.339  234.945  13.3457 2.38647
0.670471  799.782  237.642  13.3312 2.387
0.674658  806.269  240.358  13.3168 2.38747
0.678862  812.8  243.092  13.3026 2.38789
0.683084  819.374  245.845  13.2881 2.38825
0.687323  825.994  248.616  13.2736 2.38857
0.69158  832.657  251.406  13.2595 2.38884
0.695854  839.366  254.216  13.245 2.38905
0.700146  846.12  257.043  13.2308 2.38922
0.704455  852.918  259.89  13.2163 2.38935
0.708782  859.762  262.756  13.2022 2.38942
0.713127  866.652  265.641  13.188 2.38946
0.717489  873.588  268.544  13.1735 2.38944
0.721869  880.569  271.467  13.1594 2.38939
0.726267  887.597  274.409  13.1452 2.38929
0.730683  894.671  277.37  13.131 2.38914
0.735117  901.792  280.35  13.1168 2.38896
0.739568  908.959  283.35  13.1026 2.38874
0.744038  916.174  286.368  13.0885 2.38847
0.748525  923.436  289.406  13.0743 2.38817
0.753031  930.745  292.464  13.0601 2.38783
0.757554  938.103  295.54  13.0462 2.38745
0.762096  945.508  298.637  13.0321 2.38704
0.766656  952.961  301.752  13.0179 2.38659
0.771234  960.462  304.888  13.004 2.3861
0.77583  968.012  308.042  12.9901 2.38558
0.780444  975.611  311.217  12.976 2.38503
0.785077  983.259  314.411  12.9621 2.38444
0.789727  990.956  317.625  12.9482 2.38382
0.794397  998.702  320.859  12.9343 2.38316
0.799084  1006.5  324.112  12.9207 2.38248
0.80379  1014.34  327.386  12.9068 2.38177
0.808514  1022.24  330.679  12.893 2.38102
0.813257  1030.19  333.993  12.8794 2.38024
0.818019  1038.18  337.326  12.8655 2.37944
0.822799  1046.23  340.68  12.8519 2.37861
0.827597  1054.33  344.054  12.8383 2.37775
0.832414  1062.48  347.448  12.8247 2.37686
0.83725  1070.68  350.862  12.8112 2.37595
0.842104  1078.93  354.297  12.7976 2.37501
0.846978  1087.23  357.751  12.784 2.37404
0.85187  1095.59  361.227  12.7707 2.37305
0.85678  1104  364.723  12.7571 2.37203
0.86171  1112.46  368.239  12.7438 2.37099
0.866659  1120.97  371.776  12.7305 2.36993
0.871626  1129.54  375.334  12.7173 2.36884
0.876612  1138.16  378.912  12.704 2.36773
0.881618  1146.83  382.512  12.6907 2.3666
0.886642  1155.56  386.132  12.6774 2.36545
0.891685  1164.34  389.773  12.6641 2.36427
0.896748  1173.17  393.435  12.6511 2.36308
0.901829  1182.06  397.117  12.6381 2.36186
0.90693  1191  400.821  12.6251 2.36062
0.91205  1200  404.547  12.6118 2.35937
0.917189  1209.05  408.293  12.5991 2.3581
0.922348  1218.16  412.06  12.5861 2.3568
0.927525  1227.32  415.849  12.5731 2.35549
0.932723  1236.53  419.659  12.5604 2.35416
0.937939  1245.81  423.491  12.5474 2.35281
0.943175  1255.14  427.344  12.5347 2.35145
0.94843  1264.52  431.219  12.522 2.35007
0.953705  1273.97  435.115  12.5093 2.34867
0.958999  1283.46  439.033  12.4966 2.34726
0.964313  1293.02  442.973  12.4842 2.34583
0.969647  1302.63  446.935  12.4715 2.34439
