5.626386492404949e-04  6.893848706987455e-01
6.247929066443015e-04  7.348364565858674e-01
6.913638745030562e-04  7.814415181851473e-01
7.625031547444399e-04  8.291764271566535e-01
8.383623492961344e-04  8.780183943786142e-01
9.190930600858202e-04  9.279455081517654e-01
1.004846889041179e-03  9.789367709698809e-01
1.095775438089892e-03  1.030972134467902e+00
1.192030309159640e-03  1.084032534324820e+00
1.293763104178105e-03  1.138099924119956e+00
1.401125425072968e-03  1.193157306782609e+00
1.514268873771909e-03  1.249188764177688e+00
1.633345052202612e-03  1.306179486514907e+00
1.758505562292755e-03  1.364115798135344e+00
1.889902005970021e-03  1.422985180499950e+00
2.027685985162092e-03  1.482776293785264e+00
2.172009101796647e-03  1.543478994285806e+00
2.323022957801369e-03  1.605084349158915e+00
2.480879155103938e-03  1.667584647730564e+00
2.645729295632037e-03  1.730973407663896e+00
2.817724981313345e-03  1.795245378552522e+00
2.997017814075546e-03  1.860396539830845e+00
3.183759395846319e-03  1.926424094257072e+00
3.378101328553345e-03  1.993326455761689e+00
3.580195214124307e-03  2.061103232573032e+00
3.790192654486885e-03  2.129755203808031e+00
4.008245251568760e-03  2.199284290050741e+00
4.234504607297615e-03  2.269693517642622e+00
4.469122323601130e-03  2.340986976307818e+00
4.712250002406985e-03  2.413169769095134e+00
4.964039245642864e-03  2.486247955949921e+00
5.224641655236446e-03  2.560228489007727e+00
5.494208833115413e-03  2.635119140343022e+00
5.772892381207445e-03  2.710928421961512e+00
6.060843901440226e-03  2.787665497250373e+00
6.358214995741436e-03  2.865340084658555e+00
6.665157266038753e-03  2.943962352836593e+00
6.981822314259865e-03  3.023542807454874e+00
7.308361742332447e-03  3.104092169880346e+00
7.644927152184184e-03  3.185621247769859e+00
7.991670145742756e-03  3.268140797150750e+00
8.348742324935841e-03  3.351661377554819e+00
8.716295291691127e-03  3.436193199141258e+00
9.094480647936290e-03  3.521745962982550e+00
9.483449995599011e-03  3.608328694889678e+00
9.883354936606976e-03  3.695949573350958e+00
1.029434707288786e-02  3.784615752129980e+00
1.071657800636935e-02  3.874333178557208e+00
1.115019933897913e-02  3.965106408376982e+00
1.159536267264486e-02  4.056938417906395e+00
1.205221960929425e-02  4.149830415021029e+00
1.252092175085497e-02  4.243781649847051e+00
1.300162069925469e-02  4.338789226639506e+00
1.349446805642111e-02  4.434847918370451e+00
1.399961542428190e-02  4.531949985252481e+00
1.451721440476474e-02  4.630084999079600e+00
1.504741659979732e-02  4.729239674901692e+00
1.559037361130731e-02  4.829397711798151e+00
1.614623704122240e-02  4.930539644556347e+00
1.671515849147027e-02  5.032642707994455e+00
1.729728956397859e-02  5.135680715899298e+00
1.789278186067506e-02  5.239623956189234e+00
1.850178698348735e-02  5.344439104340836e+00
1.912445653434315e-02  5.450089156604349e+00
1.976094211517012e-02  5.556533384896511e+00
2.041139532789596e-02  5.663727314753260e+00
2.107596777444836e-02  5.771622728069246e+00
2.175481105675497e-02  5.880167691763177e+00
2.244807677674350e-02  5.989306613631243e+00
2.315591653634162e-02  6.098980326492892e+00
2.387848193747701e-02  6.209126201321851e+00
2.461592458207735e-02  6.319678290039406e+00
2.536839607207033e-02  6.430567498405821e+00
2.613604800938362e-02  6.541721789064582e+00
2.691903199594491e-02  6.653066414770365e+00
2.771749963368188e-02  6.764524181424349e+00
2.853160252452221e-02  6.876015740311345e+00
2.936149227039358e-02  6.987459908793880e+00
3.020732047322367e-02  7.098774018392191e+00
3.106923873494016e-02  7.209874288925676e+00
3.194739865747073e-02  7.320676227231274e+00
3.284195184274308e-02  7.431095048858310e+00
3.375304989268487e-02  7.541046120648275e+00
3.468084440922378e-02  7.650445422359212e+00
3.562548699428750e-02  7.759210024958747e+00
3.658712924980372e-02  7.867258583366151e+00
3.756592277770011e-02  7.974511841141293e+00
3.856201917990435e-02  8.080893144618244e+00
3.957557005834413e-02  8.186328963892834e+00
4.060672701494712e-02  8.290749418032533e+00
4.165564165164101e-02  8.394088801852604e+00
4.272246557035346e-02  8.496286111587096e+00
4.380735037301220e-02  8.597285566824098e+00
4.491044766154486e-02  8.697037126044734e+00
4.603190903787914e-02  8.795496993216716e+00
4.717188610394273e-02  8.892628112854936e+00
4.833053046166330e-02  8.988400651105167e+00
4.950799371296854e-02  9.082792460421047e+00
5.070442745978612e-02  9.175789525492178e+00
5.191998330404373e-02  9.267386388176647e+00
5.315481284766905e-02  9.357586549241091e+00
5.440906769258976e-02  9.446402844866498e+00
5.568289944073354e-02  9.533857795900303e+00
5.697645969402808e-02  9.619983928002398e+00
5.828990005440104e-02  9.704824060908550e+00
5.962337212378013e-02  9.788431565161659e+00
6.097702750409301e-02  9.870870584795057e+00
6.235101779726736e-02  9.952216224580866e+00
6.374549460523088e-02  1.003255470063755e+01
6.516060952991123e-02  1.011198345330968e+01
6.659651417323610e-02  1.019061122145774e+01
6.805336013713319e-02  1.026855807749268e+01
6.953129902353014e-02  1.034595542268892e+01
7.103048243435468e-02  1.042294594258044e+01
7.255106197153445e-02  1.049968352250210e+01
7.409318923699715e-02  1.057633312358757e+01
7.565701583267045e-02  1.065307061990609e+01
7.724269336048206e-02  1.073008259768358e+01
7.885037342235963e-02  1.080756611789707e+01
8.048020762023085e-02  1.088572844392172e+01
8.213234755602340e-02  1.096478673619367e+01
8.380694483166498e-02  1.104496771625770e+01
8.550415104908325e-02  1.112650730287658e+01
8.722411781020591e-02  1.120965022322775e+01
8.896699671696059e-02  1.129464960250777e+01
9.073293937127505e-02  1.138176653553433e+01
9.252209737507691e-02  1.147126964419056e+01
9.433462233029388e-02  1.156343462472569e+01
9.617066583885363e-02  1.165854378906340e+01
9.803037950268383e-02  1.175688560436788e+01
9.991391492371220e-02  1.185875423510640e+01
1.018214237038664e-01  1.196444909180457e+01
1.037530574450741e-01  1.207427439058006e+01
1.057089677492630e-01  1.218853872732382e+01
1.076893062183607e-01  1.230755467018685e+01
1.096942244542950e-01  1.243163837369354e+01
1.117238740589936e-01  1.256110921741299e+01
1.137784066343840e-01  1.269628947178012e+01
1.158579737823941e-01  1.283750399309747e+01
1.179627271049514e-01  1.298507994937938e+01
1.200928182039837e-01  1.313934657809830e+01
1.222483986814186e-01  1.330063497645290e+01
1.244296201391839e-01  1.346927792421957e+01
1.266366341792071e-01  1.364560973877542e+01
1.288695924034161e-01  1.382996616137439e+01
1.311286464137383e-01  1.402268427331887e+01
1.334139478121017e-01  1.422410244023274e+01
1.357256482004338e-01  1.443456028225614e+01
1.380638991806623e-01  1.465439866765030e+01
1.404288523547148e-01  1.488395972698311e+01
1.428206593245192e-01  1.512358688483937e+01
1.452394716920029e-01  1.537362490578857e+01
1.476854410590938e-01  1.563441995118114e+01
1.501587190277197e-01  1.590631964327713e+01
1.526594571998079e-01  1.618967313310873e+01
1.551878071772864e-01  1.648483116849911e+01
1.577439205620827e-01  1.679214615869569e+01
1.603279489561246e-01  1.711197223211627e+01
1.629400439613397e-01  1.744466528384896e+01
1.655803571796556e-01  1.779058300967040e+01
1.682490402130002e-01  1.815008492353411e+01
1.709462446633010e-01  1.852353235566909e+01
1.736721221324858e-01  1.891128842867943e+01
1.764268242224822e-01  1.931371800926638e+01
1.792105025352179e-01  1.973118763349487e+01
1.820233086726207e-01  2.016406540378637e+01
1.848653942366180e-01  2.061272085616099e+01
1.877369108291377e-01  2.107752479654573e+01
1.906380100521075e-01  2.155884910532006e+01
1.935688435074550e-01  2.205706650958666e+01
1.965295627971079e-01  2.257255032301919e+01
1.995203195229938e-01  2.310567415347111e+01
2.025412652870405e-01  2.365681157888650e+01
2.055925516911757e-01  2.422633579238368e+01
2.086743303373270e-01  2.481461921772302e+01
2.117867528274221e-01  2.542203309669071e+01
2.149299707633886e-01  2.604894705023901e+01
2.181041357471544e-01  2.669572861551489e+01
2.213093993806469e-01  2.736274276117979e+01
2.245459132657940e-01  2.805035138365849e+01
2.278138290045233e-01  2.875891278718666e+01
2.311132981987626e-01  2.948878115071409e+01
2.344444724504393e-01  3.024030598485672e+01
2.378075033614814e-01  3.101383158223518e+01
2.412025425338163e-01  3.180969646460107e+01
2.446297415693719e-01  3.262823283021885e+01
2.480892520700758e-01  3.346976600496350e+01
2.515812256378556e-01  3.433461390056470e+01
2.551058138746391e-01  3.522308648338367e+01
2.586631683823540e-01  3.613548525697627e+01
2.622534407629278e-01  3.707210276158798e+01
2.658767826182884e-01  3.803322209353871e+01
2.695333455503634e-01  3.901911644726442e+01
2.732232811610804e-01  4.003004868258211e+01
2.769467410523672e-01  4.106627091945450e+01
2.807038768261513e-01  4.212802416232137e+01
2.844948400843607e-01  4.321553795575494e+01
2.883197824289227e-01  4.432903007292532e+01
2.921788554617653e-01  4.546870623807024e+01
2.960722107848160e-01  4.663475988386483e+01
