5.626386492404949e-04  5.874081846514342e-01  5.710876415145156e-01
6.247929066443015e-04  6.408898186474296e-01  6.233837521110691e-01
6.913638745030562e-04  6.973926179903839e-01  6.786587890788873e-01
7.625031547444399e-04  7.569947259805395e-01  7.369907840113405e-01
8.383623492961343e-04  8.197742256979847e-01  7.984577097760425e-01
9.190930600858201e-04  8.858091555615076e-01  8.631374536495982e-01
1.004846889041179e-03  9.551773987784048e-01  9.311077862345114e-01
1.095775438089892e-03  1.027956727034869e+00  1.002446325749798e+00
1.192030309159640e-03  1.104224724203496e+00  1.077230497264055e+00
1.293763104178105e-03  1.184058749974203e+00  1.155537486416599e+00
1.401125425072968e-03  1.267535848314891e+00  1.237444187149756e+00
1.514268873771909e-03  1.354732762682722e+00  1.323027142953269e+00
1.633345052202611e-03  1.445725819853684e+00  1.412362481100261e+00
1.758505562292755e-03  1.540590851119480e+00  1.505525839334194e+00
1.889902005970021e-03  1.639403143304698e+00  1.602592284447002e+00
2.027685985162092e-03  1.742237343548849e+00  1.703636222171591e+00
2.172009101796647e-03  1.849167339495236e+00  1.808731297796702e+00
2.323022957801369e-03  1.960266168266317e+00  1.917950286899643e+00
2.480879155103939e-03  2.075605895280809e+00  2.031364975583170e+00
2.645729295632037e-03  2.195257489723550e+00  2.149046029596771e+00
2.817724981313346e-03  2.319290674513150e+00  2.271062851721418e+00
2.997017814075546e-03  2.447773781171450e+00  2.397483426800117e+00
3.183759395846319e-03  2.580773586652927e+00  2.528374153805900e+00
3.378101328553345e-03  2.718355133995693e+00  2.663799664354462e+00
3.580195214124307e-03  2.860581539955442e+00  2.803822627091584e+00
3.790192654486885e-03  3.007513792599086e+00  2.948503537416641e+00
4.008245251568760e-03  3.159210536133121e+00  3.097900492044264e+00
4.234504607297615e-03  3.315727837047545e+00  3.252068947956186e+00
4.469122323601130e-03  3.477118934754360e+00  3.411061465358002e+00
4.712250002406985e-03  3.643433989278941e+00  3.574927434329243e+00
4.964039245642864e-03  3.814719796700333e+00  3.743712784943365e+00
5.224641655236446e-03  3.991019502385721e+00  3.917459680736364e+00
5.494208833115413e-03  4.172372304978761e+00  4.096206195520918e+00
5.772892381207446e-03  4.358813131074244e+00  4.279985973677799e+00
6.060843901440225e-03  4.550372312020087e+00  4.468827874208635e+00
6.358214995741436e-03  4.747075241606230e+00  4.662755599005354e+00
6.665157266038753e-03  4.948942022907179e+00  4.861787305982284e+00
6.981822314259865e-03  5.155987109445008e+00  5.065935207926802e+00
7.308361742332447e-03  5.368218936928974e+00  5.275205158155754e+00
7.644927152184184e-03  5.585639545094683e+00  5.489596224315211e+00
7.991670145742754e-03  5.808244202790709e+00  5.709100251932782e+00
8.348742324935841e-03  6.036021019975902e+00  5.933701419621750e+00
8.716295291691127e-03  6.268950574022879e+00  6.163375788145316e+00
9.094480647936288e-03  6.507005526443489e+00  6.398090845874931e+00
9.483449995599011e-03  6.750150254924032e+00  6.637805053516210e+00
9.883354936606976e-03  6.998340485702417e+00  6.882467391422747e+00
1.029434707288786e-02  7.251522948767040e+00  7.132016912436624e+00
1.071657800636935e-02  7.509635040489639e+00  7.386382306090480e+00
1.115019933897913e-02  7.772604508885085e+00  7.645481475467598e+00
1.159536267264486e-02  8.040349165771534e+00  7.909221134230069e+00
1.205221960929426e-02  8.312776621190086e+00  8.177496427339516e+00
1.252092175085497e-02  8.589784048662798e+00  8.450190580634530e+00
1.300162069925470e-02  8.871257993812733e+00  8.727174586918842e+00
1.349446805642111e-02  9.157074209714226e+00  9.008306930720227e+00
1.399961542428190e-02  9.447097544543579e+00  9.293433361708278e+00
1.451721440476474e-02  9.741181869511751e+00  9.582386720589758e+00
1.504741659979732e-02  1.003917005809051e+01  9.874986824625692e+00
1.559037361130731e-02  1.034089401620878e+01  1.017104041897480e+01
1.614623704122240e-02  1.064617476672149e+01  1.047034120010452e+01
1.671515849147026e-02  1.095482259103879e+01  1.077266991733026e+01
1.729728956397859e-02  1.126663722807015e+01  1.107779455825671e+01
1.789278186067506e-02  1.158140813399460e+01  1.138547062349496e+01
1.850178698348735e-02  1.189891479892090e+01  1.169544149550743e+01
1.912445653434314e-02  1.221892712720725e+01  1.200743890578838e+01
1.976094211517012e-02  1.254120587585219e+01  1.232118350381595e+01
2.041139532789596e-02  1.286550315102610e+01  1.263638553031503e+01
2.107596777444836e-02  1.319156296387167e+01  1.295274559635071e+01
2.175481105675497e-02  1.351912184062684e+01  1.326995556863879e+01
2.244807677674350e-02  1.384790948588348e+01  1.358769956021997e+01
2.315591653634162e-02  1.417764949702662e+01  1.390565502431587e+01
2.387848193747701e-02  1.450806012489459e+01  1.422349394778164e+01
2.461592458207735e-02  1.483885507871299e+01  1.454088413911471e+01
2.536839607207033e-02  1.516974437158069e+01  1.485749060449706e+01
2.613604800938362e-02  1.550043519995719e+01  1.517297700386427e+01
2.691903199594491e-02  1.583063285716076e+01  1.548700717754042e+01
2.771749963368188e-02  1.616004167270933e+01  1.579924673258296e+01
2.853160252452221e-02  1.648836597629328e+01  1.610936467667987e+01
2.936149227039358e-02  1.681531107957608e+01  1.641703508626385e+01
3.020732047322367e-02  1.714058427407820e+01  1.672193879448705e+01
3.106923873494016e-02  1.746389583836626e+01  1.702376508386340e+01
3.194739865747073e-02  1.778496005300974e+01  1.732221336776257e+01
3.284195184274307e-02  1.810349621820277e+01  1.761699484455029e+01
3.375304989268486e-02  1.841922967053596e+01  1.790783410803344e+01
3.468084440922378e-02  1.873189279504719e+01  1.819447069799759e+01
3.562548699428750e-02  1.904122603042200e+01  1.847666057502401e+01
3.658712924980372e-02  1.934697886328253e+01  1.875417750444507e+01
3.756592277770011e-02  1.964891080798647e+01  1.902681433522964e+01
3.856201917990435e-02  1.994679237074822e+01  1.929438416077480e+01
3.957557005834413e-02  2.024040599375526e+01  1.955672134999053e+01
4.060672701494711e-02  2.052954697667295e+01  1.981368243867848e+01
4.165564165164100e-02  2.081402437394124e+01  2.006514687298868e+01
4.272246557035347e-02  2.109366186306675e+01  2.031101759801498e+01
4.380735037301220e-02  2.136829858330560e+01  2.055122149090735e+01
4.491044766154485e-02  2.163778993896526e+01  2.078570962746941e+01
4.603190903787914e-02  2.190200836676145e+01  2.101445739336522e+01
4.717188610394273e-02  2.216084406133075e+01  2.123746443365991e+01
4.833053046166330e-02  2.241420565668389e+01  2.145475444767832e+01
4.950799371296852e-02  2.266202085807771e+01  2.166637483436380e+01
5.070442745978612e-02  2.290423702107225e+01  2.187239619553188e+01
5.191998330404373e-02  2.314082167189448e+01  2.207291170594364e+01
5.315481284766905e-02  2.337176296323263e+01  2.226803636045549e+01
5.440906769258975e-02  2.359707006198079e+01  2.245790610961863e+01
5.568289944073354e-02  2.381677346049759e+01  2.264267689598863e+01
5.697645969402808e-02  2.403092520645873e+01  2.282252360405909e+01
5.828990005440105e-02  2.423959904474180e+01  2.299763893715240e+01
5.962337212378013e-02  2.444289046528794e+01  2.316823223479046e+01
6.097702750409299e-02  2.464091664998458e+01  2.333452824404069e+01
6.235101779726736e-02  2.483381631371918e+01  2.349676585809767e+01
6.374549460523088e-02  2.502174943361392e+01  2.365519683494365e+01
6.516060952991123e-02  2.520489686244440e+01  2.381008450834512e+01
6.659651417323610e-02  2.538345982271395e+01  2.396170250271616e+01
6.805336013713319e-02  2.555765927951333e+01  2.411033346253202e+01
6.953129902353014e-02  2.572773519118228e+01  2.425626780603675e+01
7.103048243435468e-02  2.589394564001792e+01  2.439980251197621e+01
7.255106197153445e-02  2.605656584525808e+01  2.454123994702989e+01
7.409318923699715e-02  2.621588706461404e+01  2.468088674053042e+01
7.565701583267045e-02  2.637221539158630e+01  2.481905271197050e+01
7.724269336048208e-02  2.652587045847225e+01  2.495604985571968e+01
7.885037342235963e-02  2.667718405700292e+01  2.509219138632492e+01
8.048020762023085e-02  2.682649869028821e+01  2.522779084676242e+01
8.213234755602342e-02  2.697416607221395e+01  2.536316128105288e+01
8.380694483166500e-02  2.712054558982734e+01  2.549861447176113e+01
8.550415104908325e-02  2.726600274773008e+01  2.563446024207249e+01
8.722411781020589e-02  2.741090761151963e+01  2.577100582138760e+01
8.896699671696059e-02  2.755563326854074e+01  2.590855527269350e+01
9.073293937127505e-02  2.770055432324311e+01  2.604740897936558e+01
9.252209737507690e-02  2.784604544299766e+01  2.618786318852020e+01
9.433462233029387e-02  2.799247996932642e+01  2.633020960757749e+01
9.617066583885361e-02  2.814022860676992e+01  2.647473505029868e+01
9.803037950268383e-02  2.828965820000320e+01  2.662172112823422e+01
9.991391492371220e-02  2.844113060715740e+01  2.677144398324752e+01
1.018214237038664e-01  2.859500167465860e+01  2.692417405656485e+01
1.037530574450741e-01  2.875162031665662e+01  2.708017588963644e+01
1.057089677492630e-01  2.891132769926542e+01  2.723970795197422e+01
1.076893062183607e-01  2.907445652815048e+01  2.740302249105371e+01
1.096942244542950e-01  2.924133043524632e+01  2.757036539932493e+01
1.117238740589936e-01  2.941226345914143e+01  2.774197609336970e+01
1.137784066343840e-01  2.958755961197966e+01  2.791808740026469e+01
1.158579737823941e-01  2.976751252447237e+01  2.809892544626093e+01
1.179627271049514e-01  2.995240516002362e+01  2.828470954296817e+01
1.200928182039837e-01  3.014250958796535e+01  2.847565206633783e+01
1.222483986814186e-01  3.033808680614348e+01  2.867195832387074e+01
1.244296201391838e-01  3.053938660267820e+01  2.887382640563785e+01
1.266366341792071e-01  3.074664744702532e+01  2.908144701489495e+01
1.288695924034161e-01  3.096009640091890e+01  2.929500327430138e+01
1.311286464137383e-01  3.117994904033586e+01  2.951467050402195e+01
1.334139478121017e-01  3.140640938002428e+01  2.974061596830442e+01
1.357256482004337e-01  3.163966979341642e+01  2.997299858749175e+01
1.380638991806622e-01  3.187991092118368e+01  3.021196861285310e+01
1.404288523547148e-01  3.212730156282737e+01  3.045766726210773e+01
1.428206593245192e-01  3.238199854669839e+01  3.071022631408304e+01
1.452394716920029e-01  3.264414657481741e+01  3.096976766159246e+01
1.476854410590938e-01  3.291387804000829e+01  3.123640282235573e+01
1.501587190277196e-01  3.319131281382327e+01  3.151023240861252e+01
1.526594571998079e-01  3.347655800500351e+01  3.179134555700867e+01
1.551878071772864e-01  3.376970768920083e+01  3.207981932136158e+01
1.577439205620827e-01  3.407084261190717e+01  3.237571803203794e+01
1.603279489561245e-01  3.438002986762064e+01  3.267909262689670e+01
1.629400439613396e-01  3.469732255932880e+01  3.298997996005038e+01
1.655803571796556e-01  3.502275944361237e+01  3.330840209606853e+01
1.682490402130002e-01  3.535636456757000e+01  3.363436559865606e+01
1.709462446633011e-01  3.569814690486584e+01  3.396786082426612e+01
1.736721221324858e-01  3.604809999901906e+01  3.430886123250913e+01
1.764268242224822e-01  3.640620162294330e+01  3.465732272655194e+01
1.792105025352179e-01  3.677241346442121e+01  3.501318303791563e+01
1.820233086726206e-01  3.714668084764511e+01  3.537636117111586e+01
1.848653942366180e-01  3.752893250142691e+01  3.574675692090544e+01
1.877369108291377e-01  3.791908038473670e+01  3.612425049666268e+01
1.906380100521075e-01  3.831701958015022e+01  3.650870223126515e+01
1.935688435074550e-01  3.872262826545869e+01  3.689995243836118e+01
1.965295627971079e-01  3.913576777303025e+01  3.729782140126900e+01
1.995203195229938e-01  3.955628274561535e+01  3.770210951979264e+01
2.025412652870406e-01  3.998400139608475e+01  3.811259762556048e+01
2.055925516911757e-01  4.041873587712502e+01  3.852904747590166e+01
2.086743303373270e-01  4.086028276517030e+01  3.895120243331266e+01
2.117867528274221e-01  4.130842366090747e+01  3.937878833412663e+01
2.149299707633886e-01  4.176292590654194e+01  3.981151454616055e+01
2.181041357471543e-01  4.222354341780125e+01  4.024907521098748e+01
2.213093993806469e-01  4.269001762627373e+01  4.069115066219042e+01
2.245459132657940e-01  4.316207852542212e+01  4.113740900665249e+01
2.278138290045233e-01  4.363944581137166e+01  4.158750785178526e+01
2.311132981987625e-01  4.412183010750515e+01  4.204109615775823e+01
2.344444724504393e-01  4.460893426005145e+01  4.249781619042734e+01
2.378075033614814e-01  4.510045469034687e+01  4.295730554791475e+01
2.412025425338163e-01  4.559608278818651e+01  4.341919923178376e+01
2.446297415693719e-01  4.609550632993700e+01  4.388313173257367e+01
2.480892520700758e-01  4.659841090461286e+01  4.434873909915744e+01
2.515812256378556e-01  4.710448133119171e+01  4.481566095894802e+01
2.551058138746391e-01  4.761340305080223e+01  4.528354247471177e+01
2.586631683823540e-01  4.812486347828631e+01  4.575203618140392e+01
2.622534407629278e-01  4.863855329873457e+01  4.622080371459131e+01
2.658767826182884e-01  4.915416769607257e+01  4.668951738708041e+01
2.695333455503633e-01  4.967140750243810e+01  4.715786160588943e+01
2.732232811610804e-01  5.018998025894659e+01  4.762553411608457e+01
2.769467410523671e-01  5.070960118039433e+01  4.809224706339862e+01
2.807038768261514e-01  5.122999401843578e+01  4.855772787160296e+01
2.844948400843607e-01  5.175089181974727e+01  4.902171993445565e+01
2.883197824289228e-01  5.227203757758032e+01  4.948398312558543e+01
2.921788554617653e-01  5.279318477687526e+01  4.994429413280719e+01
2.960722107848160e-01  5.331409783470931e+01  5.040244662604215e+01
