5.626386492404949e-04  6.391630967968922e-01
6.247929066443015e-04  6.791552043287084e-01
6.913638745030562e-04  7.199303015391934e-01
7.625031547444399e-04  7.614548056606054e-01
8.383623492961343e-04  8.036963013075820e-01
9.190930600858201e-04  8.466236113190462e-01
1.004846889041179e-03  8.902068392214915e-01
1.095775438089892e-03  9.344174440368533e-01
1.192030309159640e-03  9.792282776237471e-01
1.293763104178105e-03  1.024613650653919e+00
1.401125425072968e-03  1.070549385481399e+00
1.514268873771909e-03  1.117012871162956e+00
1.633345052202611e-03  1.163983111352991e+00
1.758505562292755e-03  1.211440781830788e+00
1.889902005970021e-03  1.259368277488761e+00
2.027685985162092e-03  1.307749758604928e+00
2.172009101796647e-03  1.356571200822259e+00
2.323022957801369e-03  1.405820438655951e+00
2.480879155103939e-03  1.455487208714203e+00
2.645729295632037e-03  1.505563178527268e+00
2.817724981313346e-03  1.556041994240900e+00
2.997017814075546e-03  1.606919304774237e+00
3.183759395846319e-03  1.658192794706224e+00
3.378101328553345e-03  1.709862207095853e+00
3.580195214124307e-03  1.761929363337799e+00
3.790192654486885e-03  1.814398176412396e+00
4.008245251568760e-03  1.867274668494360e+00
4.234504607297615e-03  1.920566967520813e+00
4.469122323601130e-03  1.974285315587053e+00
4.712250002406985e-03  2.028442056262065e+00
4.964039245642864e-03  2.083051626579163e+00
5.224641655236446e-03  2.138130535072719e+00
5.494208833115413e-03  2.193697340221092e+00
5.772892381207446e-03  2.249772615207576e+00
6.060843901440225e-03  2.306378908097145e+00
6.358214995741436e-03  2.363540694978042e+00
6.665157266038753e-03  2.421284324197813e+00
6.981822314259865e-03  2.479637951267819e+00
7.308361742332447e-03  2.538631468107383e+00
7.644927152184184e-03  2.598296421493046e+00
7.991670145742754e-03  2.658665921585452e+00
8.348742324935841e-03  2.719774543811013e+00
8.716295291691127e-03  2.781658221243902e+00
9.094480647936288e-03  2.844354124761026e+00
9.483449995599011e-03  2.907900536868283e+00
9.883354936606976e-03  2.972336713741242e+00
1.029434707288786e-02  3.037702740408577e+00
1.071657800636935e-02  3.104039372040120e+00
1.115019933897913e-02  3.171387870214517e+00
1.159536267264486e-02  3.239789827364916e+00
1.205221960929426e-02  3.309286981871423e+00
1.252092175085497e-02  3.379921026162719e+00
1.300162069925470e-02  3.451733403345202e+00
1.349446805642111e-02  3.524765098526359e+00
1.399961542428190e-02  3.599056419575618e+00
1.451721440476474e-02  3.674646772670371e+00
1.504741659979732e-02  3.751574429380753e+00
1.559037361130731e-02  3.829876289152708e+00
1.614623704122240e-02  3.909587634886066e+00
1.671515849147026e-02  3.990741884923864e+00
1.729728956397859e-02  4.073370341668010e+00
1.789278186067506e-02  4.157501936052427e+00
1.850178698348735e-02  4.243162971711513e+00
1.912445653434314e-02  4.330376868195572e+00
1.976094211517012e-02  4.419163904618131e+00
2.041139532789596e-02  4.509540965754809e+00
2.107596777444836e-02  4.601521291031077e+00
2.175481105675497e-02  4.695114229032811e+00
2.244807677674350e-02  4.790324997358994e+00
2.315591653634162e-02  4.887154451247284e+00
2.387848193747701e-02  4.985598860994742e+00
2.461592458207735e-02  5.085649700877411e+00
2.536839607207033e-02  5.187293450799302e+00
2.613604800938362e-02  5.290511412248520e+00
2.691903199594491e-02  5.395279540805291e+00
2.771749963368188e-02  5.501568296330902e+00
2.853160252452221e-02  5.609342512992839e+00
2.936149227039358e-02  5.718561290524121e+00
3.020732047322367e-02  5.829177908728980e+00
3.106923873494016e-02  5.941139766413926e+00
3.194739865747073e-02  6.054388346973951e+00
3.284195184274307e-02  6.168859211096219e+00
3.375304989268486e-02  6.284482019302573e+00
3.468084440922378e-02  6.401180584679878e+00
3.562548699428750e-02  6.518872957708140e+00
3.658712924980372e-02  6.637471543790184e+00
3.756592277770011e-02  6.756883255109642e+00
3.856201917990435e-02  6.877009697326571e+00
3.957557005834413e-02  6.997747392300425e+00
4.060672701494711e-02  7.118988037286385e+00
4.165564165164100e-02  7.240618801513506e+00
4.272246557035347e-02  7.362522660080458e+00
4.380735037301220e-02  7.484578766788786e+00
4.491044766154485e-02  7.606662864509985e+00
4.603190903787914e-02  7.728647734847300e+00
4.717188610394273e-02  7.850403686223785e+00
4.833053046166330e-02  7.971799080975075e+00
4.950799371296852e-02  8.092700901104763e+00
5.070442745978612e-02  8.212975352769263e+00
5.191998330404373e-02  8.332488509363543e+00
5.315481284766905e-02  8.451106993023245e+00
5.440906769258975e-02  8.568698694282944e+00
5.568289944073354e-02  8.685133529832569e+00
5.697645969402808e-02  8.800284238007521e+00
5.828990005440105e-02  8.914027212007909e+00
5.962337212378013e-02  9.026243370456200e+00
6.097702750409299e-02  9.136819065178656e+00
6.235101779726736e-02  9.245647026168285e+00
6.374549460523088e-02  9.352627343479412e+00
6.516060952991123e-02  9.457668485770228e+00
6.659651417323610e-02  9.560688355784350e+00
6.805336013713319e-02  9.661615382055629e+00
6.953129902353014e-02  9.760389647160764e+00
7.103048243435468e-02  9.856964051890486e+00
7.255106197153445e-02  9.951305515254603e+00
7.409318923699715e-02  1.004339620974156e+01
7.565701583267045e-02  1.013323483113516e+01
7.724269336048208e-02  1.022083790224531e+01
7.885037342235963e-02  1.030624110910890e+01
8.048020762023085e-02  1.038950066843665e+01
8.213234755602342e-02  1.047069472418502e+01
8.380694483166500e-02  1.054992477089650e+01
8.550415104908325e-02  1.062731710069647e+01
8.722411781020589e-02  1.070302427022375e+01
8.896699671696059e-02  1.077722658284529e+01
9.073293937127505e-02  1.085013358064032e+01
9.252209737507690e-02  1.092198553955893e+01
9.433462233029387e-02  1.099305495995679e+01
9.617066583885361e-02  1.106364804342843e+01
9.803037950268383e-02  1.113410614546967e+01
9.991391492371220e-02  1.120480719191380e+01
1.018214237038664e-01  1.127616704553270e+01
1.037530574450741e-01  1.134864080747434e+01
1.057089677492630e-01  1.142272403656216e+01
1.076893062183607e-01  1.149895386771198e+01
1.096942244542950e-01  1.157791000911152e+01
1.117238740589936e-01  1.166021559625892e+01
1.137784066343840e-01  1.174653787959699e+01
1.158579737823941e-01  1.183758872144620e+01
1.179627271049514e-01  1.193412487709793e+01
1.200928182039837e-01  1.203694803473297e+01
1.222483986814186e-01  1.214690458898258e+01
1.244296201391838e-01  1.226488512385197e+01
1.266366341792071e-01  1.239182358224616e+01
1.288695924034161e-01  1.252869610174241e+01
1.311286464137383e-01  1.267651949935271e+01
1.334139478121017e-01  1.283634939211493e+01
1.357256482004337e-01  1.300927794516656e+01
1.380638991806622e-01  1.319643124467643e+01
1.404288523547148e-01  1.339896629931604e+01
1.428206593245192e-01  1.361806768094732e+01
1.452394716920029e-01  1.385494382245668e+01
1.476854410590938e-01  1.411082299817565e+01
1.501587190277196e-01  1.438694901970086e+01
1.526594571998079e-01  1.468457668688939e+01
1.551878071772864e-01  1.500496704024158e+01
1.577439205620827e-01  1.534938246625688e+01
1.603279489561245e-01  1.571908171167024e+01
1.629400439613396e-01  1.611531486539320e+01
1.655803571796556e-01  1.653931836841900e+01
1.682490402130002e-01  1.699231011180211e+01
1.709462446633011e-01  1.747548468109017e+01
1.736721221324858e-01  1.799000880237963e+01
1.764268242224822e-01  1.853701704054095e+01
1.792105025352179e-01  1.911760779442579e+01
1.820233086726206e-01  1.973283962712765e+01
1.848653942366180e-01  2.038372796204862e+01
1.877369108291377e-01  2.107124216776356e+01
1.906380100521075e-01  2.179630304686714e+01
1.935688435074550e-01  2.255978073632286e+01
1.965295627971079e-01  2.336249301955888e+01
1.995203195229938e-01  2.420520404389981e+01
2.025412652870406e-01  2.508862343098372e+01
2.055925516911757e-01  2.601340576270377e+01
2.086743303373270e-01  2.698015042101702e+01
2.117867528274221e-01  2.798940175666667e+01
2.149299707633886e-01  2.904164955944975e+01
2.181041357471543e-01  3.013732980109057e+01
2.213093993806469e-01  3.127682562097255e+01
2.245459132657940e-01  3.246046852485733e+01
2.278138290045233e-01  3.368853976716332e+01
2.311132981987625e-01  3.496127188833634e+01
2.344444724504393e-01  3.627885038013471e+01
2.378075033614814e-01  3.764141545331370e+01
2.412025425338163e-01  3.904906388398081e+01
2.446297415693719e-01  4.050185091688945e+01
2.480892520700758e-01  4.199979220594798e+01
2.515812256378556e-01  4.354286577427467e+01
2.551058138746391e-01  4.513101397813966e+01
2.586631683823540e-01  4.676414546108424e+01
2.622534407629278e-01  4.844213708635220e+01
2.658767826182884e-01  5.016483583751256e+01
2.695333455503633e-01  5.193206067876110e+01
2.732232811610804e-01  5.374360436788004e+01
2.769467410523671e-01  5.559923521615292e+01
2.807038768261514e-01  5.749869879076778e+01
2.844948400843607e-01  5.944171955630793e+01
2.883197824289228e-01  6.142800245286651e+01
2.921788554617653e-01  6.345723440919369e+01
2.960722107848160e-01  6.552908578995437e+01
