0.148711  141.536  2.0472  18.5605 0.144177
0.150247  143.02  2.17024  17.6941 0.151667
0.151794  144.516  2.29907  16.9608 0.159618
0.153352  146.023  2.43384  16.3373 0.168031
0.15492  147.541  2.57472  15.8052 0.176905
0.156498  149.072  2.72188  15.3492 0.186239
0.158087  150.614  2.87548  14.9579 0.196034
0.159687  152.168  3.03568  14.6209 0.206287
0.161298  153.735  3.20265  14.3306 0.216997
0.16292  155.313  3.37655  14.0805 0.228162
0.164552  156.904  3.55754  13.8646 0.23978
0.166196  158.507  3.74579  13.6785 0.251848
0.16785  160.123  3.94144  13.5185 0.264362
0.169515  161.752  4.14466  13.3811 0.277319
0.171191  163.393  4.3556  13.2636 0.290713
0.172878  165.048  4.57442  13.1638 0.304539
0.174576  166.715  4.80127  13.079 0.31879
0.176285  168.395  5.0363  13.0078 0.333461
0.178006  170.089  5.27965  12.9488 0.348543
0.179737  171.796  5.53147  12.9004 0.364028
0.18148  173.517  5.7919  12.8611 0.379907
0.183234  175.251  6.06109  12.8307 0.396172
0.184999  176.999  6.33916  12.8073 0.412811
0.186776  178.761  6.62626  12.7908 0.429815
0.188564  180.537  6.92251  12.7802 0.447171
0.190363  182.327  7.22804  12.7748 0.464868
0.192173  184.131  7.54297  12.7742 0.482893
0.193995  185.95  7.86744  12.7778 0.501234
0.195829  187.784  8.20154  12.7849 0.519877
0.197674  189.632  8.54541  12.7952 0.538809
0.199531  191.495  8.89914  12.8088 0.558014
0.201399  193.373  9.26285  12.8245 0.57748
0.203279  195.266  9.63664  12.8428 0.597191
0.20517  197.174  10.0206  12.8628 0.617132
0.207073  199.098  10.4148  12.8847 0.637287
0.208988  201.037  10.8195  12.9077 0.657643
0.210915  202.992  11.2345  12.9325 0.678182
0.212854  204.963  11.6601  12.9579 0.69889
0.214804  206.95  12.0964  12.9845 0.719751
0.216766  208.953  12.5433  13.0117 0.740749
0.21874  210.972  13.001  13.0397 0.761868
0.220726  213.008  13.4695  13.0678 0.783094
0.222724  215.06  13.949  13.0964 0.804411
0.224734  217.129  14.4394  13.1254 0.825804
0.226757  219.215  14.9408  13.1543 0.847257
0.228791  221.318  15.4533  13.1836 0.868755
0.230837  223.438  15.977  13.2125 0.890286
0.232896  225.576  16.5118  13.2415 0.911832
0.234966  227.731  17.0579  13.2701 0.933382
0.237049  229.903  17.6152  13.2987 0.954921
0.239145  232.093  18.1838  13.3268 0.976435
0.241252  234.302  18.7637  13.3549 0.997912
0.243372  236.528  19.355  13.3823 1.01934
0.245504  238.772  19.9577  13.4092 1.0407
0.247649  241.035  20.5717  13.4358 1.06199
0.249806  243.317  21.1973  13.4621 1.0832
0.251976  245.617  21.8342  13.4875 1.10431
0.254158  247.936  22.4826  13.5126 1.12531
0.256353  250.274  23.1425  13.5371 1.14619
0.25856  252.631  23.8138  13.561 1.16694
0.26078  255.007  24.4967  13.584 1.18756
0.263013  257.403  25.191  13.6068 1.20804
0.265258  259.819  25.8969  13.6286 1.22836
0.267516  262.254  26.6142  13.6502 1.24851
0.269787  264.709  27.343  13.6709 1.2685
0.272071  267.185  28.0833  13.6909 1.28831
0.274367  269.68  28.8351  13.7101 1.30794
0.276677  272.196  29.5984  13.729 1.32738
0.278999  274.732  30.3731  13.747 1.34662
0.281335  277.29  31.1594  13.7645 1.36567
0.283683  279.868  31.9571  13.7813 1.38451
0.286044  282.466  32.7663  13.7973 1.40314
0.288419  285.087  33.5869  13.8126 1.42155
0.290806  287.728  34.419  13.8274 1.43975
0.293207  290.391  35.2626  13.8416 1.45773
0.295621  293.075  36.1177  13.8551 1.47548
0.298048  295.781  36.9842  13.8678 1.49301
0.300488  298.51  37.8622  13.8802 1.51031
0.302941  301.26  38.7516  13.8918 1.52738
0.305408  304.032  39.6526  13.903 1.54422
0.307889  306.827  40.5651  13.9133 1.56083
0.310382  309.644  41.4892  13.9231 1.5772
0.312889  312.484  42.4248  13.9322 1.59334
0.31541  315.347  43.372  13.9411 1.60925
0.317944  318.233  44.3308  13.949 1.62492
0.320491  321.142  45.3013  13.9564 1.64036
0.323052  324.074  46.2835  13.9635 1.65557
0.325627  327.03  47.2775  13.97 1.67054
0.328216  330.009  48.2833  13.9759 1.68528
0.330818  333.012  49.301  13.9812 1.6998
0.333433  336.039  50.3307  13.9863 1.71408
0.336063  339.09  51.3725  13.9907 1.72814
0.338706  342.166  52.4263  13.9945 1.74197
0.341363  345.265  53.4924  13.9981 1.75557
0.344034  348.39  54.5708  14.001 1.76896
0.346719  351.539  55.6617  14.0034 1.78213
0.349418  354.713  56.7651  14.0055 1.79507
0.352131  357.912  57.8811  14.0072 1.80781
0.354858  361.136  59.0099  14.0084 1.82033
0.357599  364.385  60.1516  14.009 1.83264
0.360354  367.66  61.3064  14.0093 1.84474
0.363123  370.961  62.4743  14.0093 1.85663
0.365906  374.288  63.6555  14.009 1.86832
0.368703  377.64  64.8501  14.0081 1.87982
0.371515  381.019  66.0584  14.0069 1.89111
0.374341  384.424  67.2804  14.0052 1.9022
0.377181  387.856  68.5163  14.0034 1.91311
0.380035  391.315  69.7662  14.001 1.92382
0.382904  394.8  71.0303  13.9984 1.93434
0.385787  398.313  72.3087  13.9954 1.94468
0.388685  401.852  73.6016  13.9919 1.95483
0.391597  405.419  74.9091  13.9883 1.9648
0.394524  409.014  76.2314  13.9845 1.97459
0.397465  412.637  77.5686  13.9801 1.98421
0.400421  416.287  78.9209  13.9756 1.99365
0.403391  419.966  80.2883  13.9706 2.00291
0.406376  423.673  81.6711  13.9653 2.01201
0.409376  427.408  83.0693  13.96 2.02094
0.412391  431.172  84.4831  13.9541 2.0297
0.41542  434.965  85.9126  13.9482 2.03829
0.418464  438.787  87.358  13.942 2.04672
0.421523  442.639  88.8192  13.9352 2.05499
0.424597  446.52  90.2966  13.9284 2.0631
0.427685  450.43  91.79  13.9213 2.07106
0.430789  454.37  93.2997  13.9142 2.07886
0.433907  458.34  94.8258  13.9065 2.0865
0.437041  462.341  96.3683  13.8988 2.094
0.44019  466.371  97.9273  13.8909 2.10134
0.443353  470.433  99.503  13.8826 2.10854
0.446532  474.525  101.095  13.874 2.11559
0.449726  478.648  102.704  13.8655 2.12249
0.452935  482.802  104.33  13.8566 2.12925
0.45616  486.988  105.973  13.8475 2.13587
0.4594  491.205  107.633  13.8383 2.14235
0.462655  495.454  109.31  13.8289 2.14869
0.465925  499.735  111.004  13.8191 2.15489
0.469211  504.048  112.715  13.8094 2.16096
0.472512  508.393  114.443  13.7993 2.16689
0.475828  512.771  116.189  13.7893 2.17269
0.47916  517.181  117.951  13.7789 2.17837
0.482508  521.625  119.731  13.7686 2.18391
0.485871  526.101  121.529  13.758 2.18933
0.48925  530.611  123.344  13.747 2.19462
0.492644  535.155  125.176  13.7361 2.19979
0.496054  539.732  127.026  13.7252 2.20483
0.49948  544.343  128.893  13.714 2.20975
0.502921  548.988  130.778  13.7027 2.21456
0.506379  553.667  132.68  13.6912 2.21924
0.509852  558.381  134.601  13.6797 2.22382
0.513341  563.13  136.538  13.6679 2.22827
0.516845  567.913  138.494  13.6561 2.23261
0.520366  572.732  140.467  13.6443 2.23684
0.523903  577.586  142.457  13.6322 2.24097
0.527455  582.475  144.466  13.6201 2.24498
0.531024  587.401  146.492  13.6079 2.24888
0.534608  592.362  148.536  13.5955 2.25268
0.538209  597.359  150.598  13.5831 2.25638
0.541826  602.392  152.678  13.5707 2.25997
0.545459  607.462  154.775  13.558 2.26347
0.549109  612.569  156.891  13.5453 2.26686
0.552774  617.712  159.024  13.5326 2.27015
0.556456  622.893  161.176  13.5199 2.27335
0.560154  628.111  163.345  13.5069 2.27645
0.563869  633.367  165.532  13.494 2.27946
0.567599  638.66  167.737  13.481 2.28238
0.571347  643.991  169.961  13.468 2.2852
0.57511  649.36  172.202  13.4547 2.28794
0.578891  654.768  174.461  13.4414 2.29059
0.582687  660.214  176.739  13.4281 2.29315
0.586501  665.699  179.035  13.4148 2.29562
0.590331  671.223  181.348  13.4015 2.29801
0.594177  676.785  183.68  13.3882 2.30032
0.59804  682.388  186.031  13.3746 2.30255
0.60192  688.029  188.399  13.3614 2.30469
0.605817  693.711  190.786  13.3478 2.30676
0.609731  699.432  193.191  13.3342 2.30875
0.613661  705.194  195.614  13.3206 2.31066
0.617608  710.996  198.056  13.307 2.3125
0.621572  716.838  200.516  13.2934 2.31426
0.625553  722.722  202.994  13.2795 2.31595
0.629551  728.646  205.491  13.266 2.31757
0.633566  734.611  208.006  13.2521 2.31912
0.637598  740.618  210.54  13.2385 2.3206
0.641647  746.666  213.092  13.2246 2.32201
0.645713  752.756  215.663  13.2107 2.32336
0.649796  758.889  218.252  13.1972 2.32464
0.653897  765.063  220.86  13.1833 2.32585
0.658014  771.28  223.487  13.1694 2.327
0.662149  777.539  226.132  13.1555 2.32809
0.666301  783.841  228.796  13.1416 2.32912
0.670471  790.186  231.479  13.1278 2.33009
0.674658  796.575  234.181  13.1142 2.33099
0.678862  803.006  236.901  13.1003 2.33184
0.683084  809.482  239.641  13.0864 2.33264
0.687323  816.001  242.399  13.0725 2.33337
0.69158  822.565  245.176  13.0586 2.33405
0.695854  829.172  247.972  13.0448 2.33468
0.700146  835.824  250.787  13.0309 2.33525
0.704455  842.521  253.621  13.017 2.33577
0.708782  849.263  256.475  13.0031 2.33624
0.713127  856.05  259.347  12.9892 2.33666
0.717489  862.882  262.239  12.9754 2.33703
0.721869  869.759  265.15  12.9618 2.33735
0.726267  876.683  268.08  12.9479 2.33763
0.730683  883.652  271.029  12.934 2.33785
0.735117  890.667  273.998  12.9201 2.33803
0.739568  897.729  276.986  12.9066 2.33817
0.744038  904.837  279.994  12.8927 2.33826
0.748525  911.992  283.021  12.8791 2.33831
0.753031  919.195  286.067  12.8652 2.33831
0.757554  926.444  289.133  12.8516 2.33827
0.762096  933.741  292.219  12.8377 2.33819
0.766656  941.085  295.324  12.8242 2.33808
0.771234  948.477  298.449  12.8106 2.33792
0.77583  955.917  301.594  12.797 2.33772
0.780444  963.406  304.759  12.7834 2.33748
0.785077  970.943  307.944  12.7698 2.33721
0.789727  978.529  311.148  12.7562 2.3369
0.794397  986.163  314.372  12.7426 2.33655
0.799084  993.847  317.617  12.7291 2.33617
0.80379  1001.58  320.881  12.7155 2.33575
0.808514  1009.36  324.166  12.7022 2.3353
0.813257  1017.19  327.47  12.6886 2.33482
0.818019  1025.08  330.795  12.6753 2.3343
0.822799  1033.01  334.14  12.6617 2.33375
0.827597  1040.99  337.506  12.6484 2.33317
0.832414  1049.03  340.891  12.6352 2.33256
0.83725  1057.11  344.297  12.6219 2.33192
0.842104  1065.25  347.724  12.6086 2.33124
0.846978  1073.43  351.171  12.5953 2.33054
0.85187  1081.67  354.639  12.5823 2.32981
0.85678  1089.96  358.127  12.569 2.32906
0.86171  1098.3  361.636  12.556 2.32827
0.866659  1106.7  365.166  12.5427 2.32746
0.871626  1115.14  368.717  12.5297 2.32662
0.876612  1123.64  372.288  12.5167 2.32576
0.881618  1132.19  375.88  12.5037 2.32487
0.886642  1140.8  379.494  12.4907 2.32395
0.891685  1149.46  383.128  12.4777 2.32301
0.896748  1158.17  386.783  12.4647 2.32205
0.901829  1166.93  390.46  12.452 2.32106
0.90693  1175.75  394.157  12.4391 2.32006
0.91205  1184.63  397.876  12.4264 2.31903
0.917189  1193.55  401.616  12.4134 2.31797
0.922348  1202.54  405.378  12.4007 2.3169
0.927525  1211.57  409.161  12.388 2.3158
0.932723  1220.66  412.966  12.3756 2.31469
0.937939  1229.81  416.792  12.3629 2.31355
0.943175  1239.01  420.639  12.3502 2.31239
0.94843  1248.27  424.508  12.3378 2.31122
0.953705  1257.59  428.4  12.3251 2.31002
0.958999  1266.96  432.312  12.3127 2.30881
0.964313  1276.38  436.247  12.3003 2.30758
0.969647  1285.87  440.204  12.2878 2.30633
