5.626386492404949e-04  6.751000510649874e-01
6.247929066443015e-04  7.190332293744177e-01
6.913638745030562e-04  7.640232640870863e-01
7.625031547444399e-04  8.100449056422576e-01
8.383623492961343e-04  8.570739172076856e-01
9.190930600858201e-04  9.050871418888846e-01
1.004846889041179e-03  9.540625570120937e-01
1.095775438089892e-03  1.003979289583299e+00
1.192030309159640e-03  1.054817687664922e+00
1.293763104178105e-03  1.106559355126592e+00
1.401125425072968e-03  1.159187188015608e+00
1.514268873771909e-03  1.212685420692765e+00
1.633345052202611e-03  1.267039664951312e+00
1.758505562292755e-03  1.322236943769440e+00
1.889902005970021e-03  1.378265723069717e+00
2.027685985162092e-03  1.435115957631297e+00
2.172009101796647e-03  1.492779103448015e+00
2.323022957801369e-03  1.551248153294523e+00
2.480879155103939e-03  1.610517655472563e+00
2.645729295632037e-03  1.670583737223183e+00
2.817724981313346e-03  1.731444117322440e+00
2.997017814075546e-03  1.793098114505256e+00
3.183759395846319e-03  1.855546656569686e+00
3.378101328553345e-03  1.918792280179787e+00
3.580195214124307e-03  1.982839126787212e+00
3.790192654486885e-03  2.047692930384073e+00
4.008245251568760e-03  2.113361004237959e+00
4.234504607297615e-03  2.179852214697689e+00
4.469122323601130e-03  2.247176954479755e+00
4.712250002406985e-03  2.315347103316867e+00
4.964039245642864e-03  2.384375984718417e+00
5.224641655236446e-03  2.454278314770022e+00
5.494208833115413e-03  2.525070138200249e+00
5.772892381207446e-03  2.596768763810474e+00
6.060843901440225e-03  2.669392684150125e+00
6.358214995741436e-03  2.742961489256004e+00
6.665157266038753e-03  2.817495771165909e+00
6.981822314259865e-03  2.893017019398144e+00
7.308361742332447e-03  2.969547501868192e+00
7.644927152184184e-03  3.047110146742853e+00
7.991670145742754e-03  3.125728401478682e+00
8.348742324935841e-03  3.205426091899653e+00
8.716295291691127e-03  3.286227266125138e+00
9.094480647936288e-03  3.368156032281945e+00
9.483449995599011e-03  3.451236381301328e+00
9.883354936606976e-03  3.535492006747859e+00
1.029434707288786e-02  3.620946111455396e+00
1.071657800636935e-02  3.707621204854263e+00
1.115019933897913e-02  3.795538895312120e+00
1.159536267264486e-02  3.884719672022925e+00
1.205221960929426e-02  3.975182680427451e+00
1.252092175085497e-02  4.066945491323850e+00
1.300162069925470e-02  4.160023865179255e+00
1.349446805642111e-02  4.254431511030816e+00
1.399961542428190e-02  4.350179841495674e+00
1.451721440476474e-02  4.447277727200344e+00
1.504741659979732e-02  4.545731248173297e+00
1.559037361130731e-02  4.645543446706711e+00
1.614623704122240e-02  4.746714081939444e+00
1.671515849147026e-02  4.849239387330044e+00
1.729728956397859e-02  4.953111833670732e+00
1.789278186067506e-02  5.058319898837681e+00
1.850178698348735e-02  5.164847845442750e+00
1.912445653434314e-02  5.272675510294107e+00
1.976094211517012e-02  5.381778105078183e+00
2.041139532789596e-02  5.492126031838893e+00
2.107596777444836e-02  5.603684715235318e+00
2.175481105675497e-02  5.716414452482013e+00
2.244807677674350e-02  5.830270283947243e+00
2.315591653634162e-02  5.945201886143650e+00
2.387848193747701e-02  6.061153488730042e+00
2.461592458207735e-02  6.178063817129100e+00
2.536839607207033e-02  6.295866063685253e+00
2.613604800938362e-02  6.414487887423093e+00
2.691903199594491e-02  6.533851444403695e+00
2.771749963368188e-02  6.653873451210075e+00
2.853160252452221e-02  6.774465280551908e+00
2.936149227039358e-02  6.895533091909783e+00
3.020732047322367e-02  7.016977996942273e+00
3.106923873494016e-02  7.138696260805773e+00
3.194739865747073e-02  7.260579538964635e+00
3.284195184274307e-02  7.382515151161670e+00
3.375304989268486e-02  7.504386390766172e+00
3.468084440922378e-02  7.626072870483199e+00
3.562548699428750e-02  7.747450903532922e+00
3.658712924980372e-02  7.868393919495816e+00
3.756592277770011e-02  7.988772914099627e+00
3.856201917990435e-02  8.108456932046693e+00
3.957557005834413e-02  8.227313581129010e+00
4.060672701494711e-02  8.345209576898242e+00
4.165564165164100e-02  8.462011315876566e+00
4.272246557035347e-02  8.577585475551700e+00
4.380735037301220e-02  8.691799640041836e+00
4.491044766154485e-02  8.804522948685985e+00
4.603190903787914e-02  8.915626766460832e+00
4.717188610394273e-02  9.024985373518803e+00
4.833053046166330e-02  9.132476672399093e+00
4.950799371296852e-02  9.237982910641790e+00
5.070442745978612e-02  9.341391416882743e+00
5.191998330404373e-02  9.442595348335203e+00
5.315481284766905e-02  9.541494447765217e+00
5.440906769258975e-02  9.637995808215578e+00
5.568289944073354e-02  9.732014643374100e+00
5.697645969402808e-02  9.823475061900695e+00
5.828990005440105e-02  9.912310844090484e+00
5.962337212378013e-02  9.998466219025318e+00
6.097702750409299e-02  1.008189664085808e+01
6.235101779726736e-02  1.016256956243103e+01
6.374549460523088e-02  1.024046520501543e+01
6.516060952991123e-02  1.031557732268402e+01
6.659651417323610e-02  1.038791395976932e+01
6.805336013713319e-02  1.045749820033927e+01
6.953129902353014e-02  1.052436890817648e+01
7.103048243435468e-02  1.058858145598492e+01
7.255106197153445e-02  1.065020844243031e+01
7.409318923699715e-02  1.070934039577446e+01
7.565701583267045e-02  1.076608646248383e+01
7.724269336048208e-02  1.082057507938657e+01
7.885037342235963e-02  1.087295462780173e+01
8.048020762023085e-02  1.092339406784254e+01
8.213234755602342e-02  1.097208355107944e+01
8.380694483166500e-02  1.101923500951546e+01
8.550415104908325e-02  1.106508271868961e+01
8.722411781020589e-02  1.110988383247764e+01
8.896699671696059e-02  1.115391888704789e+01
9.073293937127505e-02  1.119749227103421e+01
9.252209737507690e-02  1.124093265889383e+01
9.433462233029387e-02  1.128459340417339e+01
9.617066583885361e-02  1.132885288896728e+01
9.803037950268383e-02  1.137411482583923e+01
9.991391492371220e-02  1.142080850806542e+01
1.018214237038664e-01  1.146938900389364e+01
1.037530574450741e-01  1.152033729026391e+01
1.057089677492630e-01  1.157416032127674e+01
1.076893062183607e-01  1.163139102648074e+01
1.096942244542950e-01  1.169258823405085e+01
1.117238740589936e-01  1.175833651371738e+01
1.137784066343840e-01  1.182924593448229e+01
1.158579737823941e-01  1.190595173209510e+01
1.179627271049514e-01  1.198911388149759e+01
1.200928182039837e-01  1.207941656972059e+01
1.222483986814186e-01  1.217756756500364e+01
1.244296201391838e-01  1.228429747843836e+01
1.266366341792071e-01  1.240035891498201e+01
1.288695924034161e-01  1.252652551140636e+01
1.311286464137383e-01  1.266359085952922e+01
1.334139478121017e-01  1.281236731403772e+01
1.357256482004337e-01  1.297368468525212e+01
1.380638991806622e-01  1.314838881827893e+01
1.404288523547148e-01  1.333734006128088e+01
1.428206593245192e-01  1.354141162686255e+01
1.452394716920029e-01  1.376148785191947e+01
1.476854410590938e-01  1.399846236265080e+01
1.501587190277196e-01  1.425323615288994e+01
1.526594571998079e-01  1.452671558510042e+01
1.551878071772864e-01  1.481981032480667e+01
1.577439205620827e-01  1.513343122030722e+01
1.603279489561245e-01  1.546848814060388e+01
1.629400439613396e-01  1.582588778538559e+01
1.655803571796556e-01  1.620653148158488e+01
1.682490402130002e-01  1.661131298156408e+01
1.709462446633011e-01  1.704111627821771e+01
1.736721221324858e-01  1.749681345238696e+01
1.764268242224822e-01  1.797926256770268e+01
1.792105025352179e-01  1.848930562761689e+01
1.820233086726206e-01  1.902776660862924e+01
1.848653942366180e-01  1.959544958288222e+01
1.877369108291377e-01  2.019313694217681e+01
1.906380100521075e-01  2.082158773422600e+01
1.935688435074550e-01  2.148153612053102e+01
1.965295627971079e-01  2.217368996378275e+01
1.995203195229938e-01  2.289872955109968e+01
2.025412652870406e-01  2.365730645779104e+01
2.055925516911757e-01  2.445004255471110e+01
2.086743303373270e-01  2.527752916068766e+01
2.117867528274221e-01  2.614032633996078e+01
2.149299707633886e-01  2.703896234314129e+01
2.181041357471543e-01  2.797393318884406e+01
2.213093993806469e-01  2.894570238195388e+01
2.245459132657940e-01  2.995470076341496e+01
2.278138290045233e-01  3.100132648550061e+01
2.311132981987625e-01  3.208594510577291e+01
2.344444724504393e-01  3.320888979230961e+01
2.378075033614814e-01  3.437046163232378e+01
2.412025425338163e-01  3.557093003596901e+01
2.446297415693719e-01  3.681053322694777e+01
2.480892520700758e-01  3.808947881146037e+01
2.515812256378556e-01  3.940794441708488e+01
2.551058138746391e-01  4.076607839331973e+01
2.586631683823540e-01  4.216400056574821e+01
2.622534407629278e-01  4.360180303606546e+01
2.658767826182884e-01  4.507955102058645e+01
2.695333455503633e-01  4.659728372021482e+01
2.732232811610804e-01  4.815501521532690e+01
2.769467410523671e-01  4.975273537942303e+01
2.807038768261514e-01  5.139041080591255e+01
2.844948400843607e-01  5.306798574283778e+01
2.883197824289228e-01  5.478538303080484e+01
2.921788554617653e-01  5.654250503987851e+01
2.960722107848160e-01  5.833923460159360e+01
