5.626386492404949e-04  4.495140584083528e-01  4.332141595513865e-01
6.247929066443015e-04  4.878072965185680e-01  4.703258233403272e-01
6.913638745030562e-04  5.280514399943834e-01  5.093467364035222e-01
7.625031547444399e-04  5.702894882462832e-01  5.503198351706868e-01
8.383623492961343e-04  6.145645937695365e-01  5.932882510924685e-01
9.190930600858201e-04  6.609201667067492e-01  6.382953135585474e-01
1.004846889041179e-03  7.093997888447732e-01  6.853845521524464e-01
1.095775438089892e-03  7.600472658578814e-01  7.345996981758758e-01
1.192030309159640e-03  8.129065855179979e-01  7.859846853711731e-01
1.293763104178105e-03  8.680219634081181e-01  8.395836497660929e-01
1.401125425072968e-03  9.254378070783886e-01  8.954409285606740e-01
1.514268873771909e-03  9.851987446170799e-01  9.536010579713978e-01
1.633345052202611e-03  1.047349577197760e+00  1.014108769943325e+00
1.758505562292755e-03  1.111935321615248e+00  1.077008987636049e+00
1.889902005970021e-03  1.179001179190796e+00  1.142346819584779e+00
2.027685985162092e-03  1.248592531242090e+00  1.210167552433144e+00
2.172009101796647e-03  1.320754927829919e+00  1.280516642129165e+00
2.323022957801369e-03  1.395534096472956e+00  1.353439703471508e+00
2.480879155103939e-03  1.472975906999701e+00  1.428982497888196e+00
2.645729295632037e-03  1.553126366067311e+00  1.507190919324963e+00
2.817724981313346e-03  1.636031601619775e+00  1.588110978116104e+00
2.997017814075546e-03  1.721737848816133e+00  1.671788782705687e+00
3.183759395846319e-03  1.810291421710433e+00  1.758270519082773e+00
3.378101328553345e-03  1.901738697168756e+00  1.847602427789424e+00
3.580195214124307e-03  1.996126086815281e+00  1.939830778356513e+00
3.790192654486885e-03  2.093500005050584e+00  2.035001841017557e+00
4.008245251568760e-03  2.193906848486205e+00  2.133161855547732e+00
4.234504607297615e-03  2.297392949937267e+00  2.234356997070706e+00
4.469122323601130e-03  2.404004551410614e+00  2.338633338673160e+00
4.712250002406985e-03  2.513787760960813e+00  2.446036810663593e+00
4.964039245642864e-03  2.626788502573533e+00  2.556613156309371e+00
5.224641655236446e-03  2.743052479060180e+00  2.670407883883845e+00
5.494208833115413e-03  2.862625114401504e+00  2.787466214853337e+00
5.772892381207446e-03  2.985551500418919e+00  2.907833028033323e+00
6.060843901440225e-03  3.111876338705552e+00  3.031552799541571e+00
6.358214995741436e-03  3.241643876655269e+00  3.158669538377032e+00
6.665157266038753e-03  3.374897839247117e+00  3.289226717453652e+00
6.981822314259865e-03  3.511681357729892e+00  3.423267199920258e+00
7.308361742332447e-03  3.652036892408739e+00  3.560833160600060e+00
7.644927152184184e-03  3.796006152804058e+00  3.701966002387324e+00
7.991670145742754e-03  3.943630008911088e+00  3.846706267443455e+00
8.348742324935841e-03  4.094948399385002e+00  3.995093543040181e+00
8.716295291691127e-03  4.250000239520419e+00  4.147166361906134e+00
9.094480647936288e-03  4.408823314055347e+00  4.302962096940409e+00
9.483449995599011e-03  4.571454174415182e+00  4.462516850247209e+00
9.883354936606976e-03  4.737928022186048e+00  4.625865335832011e+00
1.029434707288786e-02  4.908278596287103e+00  4.793040757462151e+00
1.071657800636935e-02  5.082538047278815e+00  4.964074679019504e+00
1.115019933897913e-02  5.260736808226075e+00  5.138996889769933e+00
1.159536267264486e-02  5.442903463964283e+00  5.317835263157442e+00
1.205221960929426e-02  5.629064608732800e+00  5.500615608629340e+00
1.252092175085497e-02  5.819244705442085e+00  5.687361519785292e+00
1.300162069925470e-02  6.013465934849240e+00  5.878094212677082e+00
1.349446805642111e-02  6.211748041289829e+00  6.072832360919265e+00
1.399961542428190e-02  6.414108175994847e+00  6.271591923573421e+00
1.451721440476474e-02  6.620560732260624e+00  6.474385967346456e+00
1.504741659979732e-02  6.831117179371173e+00  6.681224483062752e+00
1.559037361130731e-02  7.045785892585410e+00  6.892114196614531e+00
1.614623704122240e-02  7.264571977073299e+00  7.107058374643699e+00
1.671515849147026e-02  7.487477092781754e+00  7.326056625254037e+00
1.729728956397859e-02  7.714499274498666e+00  7.549104694105901e+00
1.789278186067506e-02  7.945632750418857e+00  7.776194256300432e+00
1.850178698348735e-02  8.180867759273710e+00  8.007312704518863e+00
1.912445653434314e-02  8.420190368600142e+00  8.242442933944533e+00
1.976094211517012e-02  8.663582290325328e+00  8.481563124560500e+00
2.041139532789596e-02  8.911020700147555e+00  8.724646521484587e+00
2.107596777444836e-02  9.162478056762263e+00  8.971661214074979e+00
2.175481105675497e-02  9.417921925758941e+00  9.222569914614974e+00
2.244807677674350e-02  9.677314804409393e+00  9.477329737461980e+00
2.315591653634162e-02  9.940613955206588e+00  9.735891979626825e+00
2.387848193747701e-02  1.020777124195800e+01  9.998201903831543e+00
2.461592458207735e-02  1.047873297423738e+01  1.026419852517714e+01
2.536839607207033e-02  1.075343976175163e+01  1.053381440263979e+01
2.613604800938362e-02  1.103182637520026e+01  1.080697543669834e+01
2.691903199594491e-02  1.131382162104763e+01  1.108360067448602e+01
2.771749963368188e-02  1.159934822760380e+01  1.136360212394222e+01
2.853160252452221e-02  1.188832274438789e+01  1.164688457852965e+01
2.936149227039358e-02  1.218065545727302e+01  1.193334545416392e+01
3.020732047322367e-02  1.247625032092251e+01  1.222287464008592e+01
3.106923873494016e-02  1.277500490877687e+01  1.251535436548691e+01
3.194739865747073e-02  1.307681038305079e+01  1.281065908376908e+01
3.284195184274307e-02  1.338155148623498e+01  1.310865537639568e+01
3.375304989268486e-02  1.368910655467341e+01  1.340920187834891e+01
3.468084440922378e-02  1.399934755794017e+01  1.371214922727062e+01
3.562548699428750e-02  1.431214016261686e+01  1.401734003840867e+01
3.658712924980372e-02  1.462734382418352e+01  1.432460890753496e+01
3.756592277770011e-02  1.494481190737714e+01  1.463378244402882e+01
3.856201917990435e-02  1.526439183607011e+01  1.494467933634035e+01
3.957557005834413e-02  1.558592527602530e+01  1.525711045149953e+01
4.060672701494711e-02  1.590924834824510e+01  1.557087897407947e+01
4.165564165164100e-02  1.623419187788439e+01  1.588578057916053e+01
4.272246557035347e-02  1.656058167648476e+01  1.620160365126447e+01
4.380735037301220e-02  1.688823886153678e+01  1.651812954429902e+01
4.491044766154485e-02  1.721698021169360e+01  1.683513288729714e+01
4.603190903787914e-02  1.754661856003722e+01  1.715238193749022e+01
4.717188610394273e-02  1.787696322541007e+01  1.746963898259725e+01
4.833053046166330e-02  1.820782048256019e+01  1.778666079410464e+01
4.950799371296852e-02  1.853899407225311e+01  1.810319913318406e+01
5.070442745978612e-02  1.887028574998224e+01  1.841900131076087e+01
5.191998330404373e-02  1.920149587597871e+01  1.873381080308539e+01
5.315481284766905e-02  1.953242404404904e+01  1.904736792399975e+01
5.440906769258975e-02  1.986286975191989e+01  1.935941055490718e+01
5.568289944073354e-02  2.019263311071893e+01  1.966967493326901e+01
5.697645969402808e-02  2.052151559520741e+01  1.997789650025057e+01
5.828990005440105e-02  2.084932083319040e+01  2.028381080793532e+01
5.962337212378013e-02  2.117585543487538e+01  2.058715448631463e+01
6.097702750409299e-02  2.150092986072603e+01  2.088766627005117e+01
6.235101779726736e-02  2.182435932784266e+01  2.118508808479512e+01
6.374549460523088e-02  2.214596475411479e+01  2.147916619262550e+01
6.516060952991123e-02  2.246557373909860e+01  2.176965239597602e+01
6.659651417323610e-02  2.278302158108531e+01  2.205630529920856e+01
6.805336013713319e-02  2.309815232901072e+01  2.233889162679763e+01
6.953129902353014e-02  2.341081986807425e+01  2.261718759690850e+01
7.103048243435468e-02  2.372088903800699e+01  2.289098034898008e+01
7.255106197153445e-02  2.402823678204269e+01  2.316006942376168e+01
7.409318923699715e-02  2.433275332511075e+01  2.342426829410511e+01
7.565701583267045e-02  2.463434337911680e+01  2.368340594468643e+01
7.724269336048208e-02  2.493292737321325e+01  2.393732849869954e+01
7.885037342235963e-02  2.522844270594222e+01  2.418590088946372e+01
8.048020762023085e-02  2.552084501675419e+01  2.442900857478116e+01
8.213234755602342e-02  2.581010947292617e+01  2.466655929177767e+01
8.380694483166500e-02  2.609623206810255e+01  2.489848484987017e+01
8.550415104908325e-02  2.637923092736350e+01  2.512474295939399e+01
8.722411781020589e-02  2.665914761388138e+01  2.534531909330669e+01
8.896699671696059e-02  2.693604843036755e+01  2.556022837924149e+01
9.073293937127505e-02  2.721002570851278e+01  2.576951751901095e+01
9.252209737507690e-02  2.748119907797320e+01  2.597326673243697e+01
9.433462233029387e-02  2.774971670570084e+01  2.617159172210374e+01
9.617066583885361e-02  2.801575649479161e+01  2.636464565527027e+01
9.803037950268383e-02  2.827952723111303e+01  2.655262115872780e+01
9.991391492371220e-02  2.854126966413892e+01  2.673575232182633e+01
1.018214237038664e-01  2.880125750723028e+01  2.691431670218843e+01
1.037530574450741e-01  2.905979834067550e+01  2.708863732777584e+01
1.057089677492630e-01  2.931723439970809e+01  2.725908468793779e+01
1.076893062183607e-01  2.957394322766971e+01  2.742607870482240e+01
1.096942244542950e-01  2.983033817340188e+01  2.759009067506092e+01
1.117238740589936e-01  3.008686871044933e+01  2.775164516989380e+01
1.137784066343840e-01  3.034402055442949e+01  2.791132187990308e+01
1.158579737823941e-01  3.060231555443957e+01  2.806975738818416e+01
1.179627271049514e-01  3.086231133351478e+01  2.822764685315111e+01
1.200928182039837e-01  3.112460065345066e+01  2.838574557917852e+01
1.222483986814186e-01  3.138981047982562e+01  2.854487044995349e+01
1.244296201391838e-01  3.165860072434365e+01  2.870590119571971e+01
1.266366341792071e-01  3.193166264348557e+01  2.886978146158422e+01
1.288695924034161e-01  3.220971687568908e+01  2.903751963971084e+01
1.311286464137383e-01  3.249351110249327e+01  2.921018942363931e+01
1.334139478121017e-01  3.278381732422150e+01  2.938893003815883e+01
1.357256482004337e-01  3.308142874593514e+01  2.957494609325644e+01
1.380638991806622e-01  3.338715627605583e+01  2.976950700577206e+01
1.404288523547148e-01  3.370182464706930e+01  2.997394592766022e+01
1.428206593245192e-01  3.402626817542324e+01  3.018965811541106e+01
1.452394716920029e-01  3.436132618614634e+01  3.041809867143152e+01
1.476854410590938e-01  3.470783813585071e+01  3.066077958532092e+01
1.501587190277196e-01  3.506663847629692e+01  3.091926600133826e+01
1.526594571998079e-01  3.543855130848420e+01  3.119517163827949e+01
1.551878071772864e-01  3.582438488472317e+01  3.149015328990497e+01
1.577439205620827e-01  3.622492602232386e+01  3.180590433838037e+01
1.603279489561245e-01  3.664093449784819e+01  3.214414722037047e+01
1.629400439613396e-01  3.707313749441364e+01  3.250662479587351e+01
1.655803571796556e-01  3.752222417672650e+01  3.289509058401288e+01
1.682490402130002e-01  3.798884046883378e+01  3.331129784809858e+01
1.709462446633011e-01  3.847358410805313e+01  3.375698753459697e+01
1.736721221324858e-01  3.897700004548927e+01  3.423387509721329e+01
1.764268242224822e-01  3.949957625850180e+01  3.474363626800375e+01
1.792105025352179e-01  4.004174003426640e+01  3.528789186248834e+01
1.820233086726206e-01  4.060385477576185e+01  3.586819179929036e+01
1.848653942366180e-01  4.118621737288970e+01  3.648599840632308e+01
1.877369108291377e-01  4.178905617176099e+01  3.714266934773651e+01
1.906380100521075e-01  4.241252956520844e+01  3.783944034395274e+01
1.935688435074550e-01  4.305672521720479e+01  3.857740800538269e+01
1.965295627971079e-01  4.372165992350296e+01  3.935751309861782e+01
1.995203195229938e-01  4.440728010074300e+01  4.018052459410739e+01
2.025412652870406e-01  4.511346288659173e+01  4.104702486099538e+01
2.055925516911757e-01  4.584001782443970e+01  4.195739638051372e+01
2.086743303373270e-01  4.658668909791468e+01  4.291181034245103e+01
2.117867528274221e-01  4.735315827320891e+01  4.391021746863743e+01
2.149299707633886e-01  4.813904750084500e+01  4.495234137261237e+01
2.181041357471543e-01  4.894392312338238e+01  4.603767471595700e+01
2.213093993806469e-01  4.976729963152469e+01  4.716547836032776e+01
2.245459132657940e-01  5.060864390830572e+01  4.833478364193385e+01
2.278138290045233e-01  5.146737969942711e+01  4.954439781481764e+01
2.311132981987625e-01  5.234289224747332e+01  5.079291262413600e+01
2.344444724504393e-01  5.323453302846755e+01  5.207871588450895e+01
2.378075033614814e-01  5.414162453116454e+01  5.340000585533023e+01
2.412025425338163e-01  5.506346502230409e+01  5.475480811037645e+01
2.446297415693719e-01  5.599933324488224e+01  5.614099463516885e+01
2.480892520700758e-01  5.694849300097604e+01  5.755630457211997e+01
2.515812256378556e-01  5.791019757581898e+01  5.899836637454206e+01
2.551058138746391e-01  5.888369396540558e+01  6.046472077272900e+01
2.586631683823540e-01  5.986822687574591e+01  6.195284413297128e+01
2.622534407629278e-01  6.086304246789632e+01  6.346017174676920e+01
2.658767826182884e-01  6.186739182880785e+01  6.498412062107212e+01
2.695333455503633e-01  6.288053415384309e+01  6.652211137916726e+01
2.732232811610804e-01  6.390173963225663e+01  6.807158893051079e+01
2.769467410523671e-01  6.493029203202887e+01  6.963004162349134e+01
2.807038768261514e-01  6.596549098504921e+01  7.119501865487933e+01
2.844948400843607e-01  6.700665397771284e+01  7.276414557079866e+01
2.883197824289228e-01  6.805311805549869e+01  7.433513776232971e+01
2.921788554617653e-01  6.910424125305558e+01  7.590581185914239e+01
2.960722107848160e-01  7.015940376366056e+01  7.747409512118077e+01
