0.147186  140.343  2.02787  18.4876 0.147795
0.148711  141.82  2.12757  17.8175 0.153803
0.150247  143.307  2.23081  17.2316 0.160066
0.151794  144.806  2.33769  16.7174 0.16658
0.153352  146.316  2.44832  16.2647 0.173345
0.15492  147.838  2.56278  15.8645 0.180359
0.156498  149.371  2.6812  15.5098 0.187621
0.158087  150.916  2.80368  15.1947 0.19513
0.159687  152.472  2.93034  14.9142 0.202886
0.161298  154.04  3.06128  14.664 0.210889
0.16292  155.62  3.19663  14.4405 0.219138
0.164552  157.212  3.33651  14.2402 0.227632
0.166196  158.816  3.48104  14.0613 0.236373
0.16785  160.433  3.63035  13.9009 0.24536
0.169515  162.061  3.78457  13.7571 0.254593
0.171191  163.701  3.94383  13.628 0.264072
0.172878  165.354  4.10827  13.5126 0.273797
0.174576  167.02  4.27803  13.4092 0.283767
0.176285  168.698  4.45326  13.3165 0.293984
0.178006  170.388  4.63409  13.2338 0.304446
0.179737  172.092  4.82068  13.1599 0.315154
0.18148  173.808  5.01317  13.0941 0.326107
0.183234  175.537  5.21172  13.0359 0.337305
0.184999  177.28  5.41649  12.9842 0.348748
0.186776  179.035  5.62763  12.939 0.360433
0.188564  180.804  5.84531  12.8992 0.372362
0.190363  182.586  6.06969  12.8643 0.384533
0.192173  184.381  6.30094  12.8345 0.396944
0.193995  186.19  6.53923  12.8088 0.409594
0.195829  188.013  6.78472  12.7872 0.422482
0.197674  189.849  7.0376  12.7692 0.435606
0.199531  191.7  7.29804  12.7548 0.448964
0.201399  193.564  7.56621  12.7432 0.462554
0.203279  195.443  7.84229  12.7344 0.476374
0.20517  197.336  8.12646  12.7282 0.490419
0.207073  199.243  8.41891  12.7246 0.504689
0.208988  201.165  8.71981  12.7232 0.519179
0.210915  203.101  9.02936  12.7235 0.533886
0.212854  205.052  9.34772  12.7261 0.548806
0.214804  207.018  9.6751  12.7299 0.563936
0.216766  208.999  10.0117  12.7359 0.579271
0.21874  210.995  10.3576  12.7429 0.594806
0.220726  213.007  10.7132  12.7512 0.610537
0.222724  215.034  11.0784  12.7607 0.626458
0.224734  217.076  11.4536  12.7713 0.642565
0.226757  219.134  11.839  12.7831 0.658851
0.228791  221.208  12.2346  12.7955 0.675311
0.230837  223.298  12.6408  12.8088 0.691938
0.232896  225.404  13.0576  12.823 0.708727
0.234966  227.526  13.4853  12.8377 0.725671
0.237049  229.664  13.924  12.8528 0.742762
0.239145  231.819  14.3739  12.8685 0.759994
0.241252  233.991  14.8352  12.8847 0.777359
0.243372  236.179  15.308  12.9012 0.79485
0.245504  238.385  15.7926  12.9181 0.812459
0.247649  240.608  16.2891  12.9349 0.830179
0.249806  242.847  16.7977  12.9523 0.848001
0.251976  245.105  17.3185  12.9698 0.865918
0.254158  247.38  17.8516  12.9872 0.88392
0.256353  249.672  18.3974  13.0049 0.902
0.25856  251.983  18.9558  13.0223 0.92015
0.26078  254.312  19.5271  13.04 0.93836
0.263013  256.659  20.1114  13.0575 0.956622
0.265258  259.024  20.7089  13.0749 0.974928
0.267516  261.408  21.3196  13.092 0.993268
0.269787  263.811  21.9438  13.1091 1.01163
0.272071  266.232  22.5815  13.1263 1.03002
0.274367  268.673  23.233  13.1431 1.04841
0.276677  271.133  23.8982  13.1596 1.0668
0.278999  273.612  24.5774  13.1759 1.08519
0.281335  276.111  25.2706  13.1918 1.10356
0.283683  278.629  25.978  13.2075 1.1219
0.286044  281.168  26.6997  13.2231 1.14021
0.288419  283.726  27.4358  13.2382 1.15848
0.290806  286.305  28.1864  13.253 1.1767
0.293207  288.904  28.9516  13.2674 1.19486
0.295621  291.524  29.7314  13.2813 1.21296
0.298048  294.165  30.5261  13.2949 1.23098
0.300488  296.827  31.3356  13.3082 1.24892
0.302941  299.51  32.16  13.3212 1.26678
0.305408  302.214  32.9995  13.3336 1.28455
0.307889  304.94  33.8541  13.3457 1.30221
0.310382  307.687  34.7238  13.3572 1.31977
0.312889  310.456  35.6088  13.3684 1.33721
0.31541  313.248  36.5091  13.3794 1.35453
0.317944  316.062  37.4248  13.3897 1.37173
0.320491  318.898  38.356  13.3994 1.3888
0.323052  321.756  39.3026  13.4089 1.40573
0.325627  324.638  40.2648  13.4181 1.42252
0.328216  327.542  41.2425  13.4266 1.43917
0.330818  330.47  42.236  13.4349 1.45566
0.333433  333.421  43.2451  13.4426 1.472
0.336063  336.395  44.2699  13.4497 1.48818
0.338706  339.393  45.3106  13.4564 1.5042
0.341363  342.416  46.367  13.4629 1.52005
0.344034  345.462  47.4393  13.4689 1.53573
0.346719  348.532  48.5275  13.4745 1.55124
0.349418  351.627  49.6316  13.4795 1.56657
0.352131  354.747  50.7516  13.4842 1.58172
0.354858  357.891  51.8877  13.4883 1.59669
0.357599  361.061  53.0397  13.4922 1.61148
0.360354  364.256  54.2077  13.4954 1.62608
0.363123  367.476  55.3919  13.4987 1.6405
0.365906  370.721  56.592  13.501 1.65472
0.368703  373.993  57.8083  13.5034 1.66876
0.371515  377.29  59.0407  13.5052 1.6826
0.374341  380.614  60.2893  13.5067 1.69625
0.377181  383.964  61.5539  13.5075 1.70971
0.380035  387.34  62.8348  13.5081 1.72297
0.382904  390.743  64.1318  13.5084 1.73604
0.385787  394.174  65.4451  13.5084 1.74891
0.388685  397.631  66.7745  13.5078 1.76159
0.391597  401.115  68.1202  13.5069 1.77407
0.394524  404.627  69.4821  13.5061 1.78636
0.397465  408.167  70.8603  13.5043 1.79845
0.400421  411.734  72.2548  13.5025 1.81034
0.403391  415.33  73.6655  13.5005 1.82204
0.406376  418.954  75.0925  13.4981 1.83355
0.409376  422.606  76.5359  13.4951 1.84486
0.412391  426.287  77.9955  13.4922 1.85598
0.41542  429.997  79.4715  13.4886 1.86691
0.418464  433.735  80.9638  13.4848 1.87765
0.421523  437.503  82.4724  13.481 1.8882
0.424597  441.3  83.9974  13.4765 1.89856
0.427685  445.127  85.5388  13.4721 1.90874
0.430789  448.983  87.0966  13.4674 1.91872
0.433907  452.87  88.6707  13.4621 1.92853
0.437041  456.787  90.2613  13.4567 1.93815
0.44019  460.734  91.8682  13.4511 1.94759
0.443353  464.711  93.4917  13.4455 1.95685
0.446532  468.719  95.1315  13.4393 1.96593
0.449726  472.758  96.7878  13.4328 1.97483
0.452935  476.828  98.4606  13.4263 1.98356
0.45616  480.93  100.15  13.4195 1.99212
0.4594  485.063  101.856  13.4127 2.0005
0.462655  489.227  103.578  13.4054 2.00872
0.465925  493.424  105.317  13.398 2.01677
0.469211  497.652  107.072  13.3903 2.02465
0.472512  501.913  108.844  13.3826 2.03237
0.475828  506.206  110.632  13.3746 2.03992
0.47916  510.532  112.437  13.3664 2.04732
0.482508  514.891  114.259  13.3581 2.05455
0.485871  519.282  116.097  13.3495 2.06164
0.48925  523.707  117.952  13.341 2.06856
0.492644  528.165  119.823  13.3321 2.07534
0.496054  532.657  121.712  13.323 2.08196
0.49948  537.183  123.616  13.3138 2.08844
0.502921  541.742  125.538  13.3044 2.09477
0.506379  546.336  127.476  13.2949 2.10095
0.509852  550.964  129.431  13.2855 2.107
0.513341  555.627  131.403  13.2757 2.1129
0.516845  560.324  133.392  13.2657 2.11866
0.520366  565.056  135.397  13.2556 2.12429
0.523903  569.824  137.42  13.2456 2.12978
0.527455  574.627  139.459  13.2352 2.13514
0.531024  579.465  141.515  13.2249 2.14037
0.534608  584.339  143.588  13.2146 2.14548
0.538209  589.249  145.678  13.2039 2.15045
0.541826  594.195  147.785  13.193 2.1553
0.545459  599.177  149.909  13.1824 2.16003
0.549109  604.196  152.049  13.1715 2.16463
0.552774  609.251  154.207  13.1605 2.16912
0.556456  614.344  156.382  13.1493 2.17349
0.560154  619.473  158.574  13.1381 2.17774
0.563869  624.64  160.784  13.1269 2.18188
0.567599  629.844  163.01  13.1156 2.18591
0.571347  635.086  165.254  13.1041 2.18983
0.57511  640.365  167.514  13.0926 2.19364
0.578891  645.683  169.793  13.0811 2.19734
0.582687  651.039  172.088  13.0696 2.20094
0.586501  656.433  174.4  13.0578 2.20444
0.590331  661.866  176.731  13.0459 2.20783
0.594177  667.338  179.078  13.0341 2.21113
0.59804  672.849  181.443  13.0223 2.21432
0.60192  678.399  183.825  13.0102 2.21742
0.605817  683.989  186.225  12.9984 2.22043
0.609731  689.618  188.642  12.9863 2.22334
0.613661  695.287  191.077  12.9742 2.22616
0.617608  700.996  193.529  12.9621 2.22889
0.621572  706.745  195.999  12.9497 2.23153
0.625553  712.535  198.487  12.9376 2.23408
0.629551  718.365  200.992  12.9255 2.23655
0.633566  724.237  203.516  12.9131 2.23893
0.637598  730.149  206.057  12.9006 2.24124
0.641647  736.102  208.615  12.8882 2.24346
0.645713  742.097  211.192  12.8758 2.2456
0.649796  748.133  213.787  12.8634 2.24766
0.653897  754.212  216.399  12.851 2.24964
0.658014  760.332  219.03  12.8386 2.25155
0.662149  766.495  221.678  12.8259 2.25338
0.666301  772.7  224.345  12.8135 2.25514
0.670471  778.947  227.029  12.8008 2.25683
0.674658  785.238  229.732  12.7884 2.25845
0.678862  791.571  232.453  12.7757 2.26
0.683084  797.948  235.193  12.763 2.26148
0.687323  804.368  237.95  12.7503 2.26289
0.69158  810.832  240.726  12.7379 2.26424
0.695854  817.339  243.52  12.7252 2.26553
0.700146  823.891  246.333  12.7125 2.26675
0.704455  830.487  249.164  12.6998 2.2679
0.708782  837.127  252.014  12.6871 2.269
0.713127  843.812  254.882  12.6744 2.27004
0.717489  850.542  257.769  12.6617 2.27102
0.721869  857.317  260.675  12.649 2.27193
0.726267  864.137  263.599  12.6363 2.2728
0.730683  871.003  266.542  12.6236 2.2736
0.735117  877.914  269.504  12.6109 2.27436
0.739568  884.872  272.484  12.5985 2.27506
0.744038  891.875  275.484  12.5858 2.2757
0.748525  898.925  278.502  12.5731 2.27629
0.753031  906.021  281.54  12.5604 2.27684
0.757554  913.164  284.597  12.5477 2.27733
0.762096  920.354  287.672  12.535 2.27777
0.766656  927.591  290.767  12.5223 2.27817
0.771234  934.875  293.881  12.5096 2.27852
0.77583  942.207  297.014  12.4969 2.27882
0.780444  949.587  300.167  12.4845 2.27908
0.785077  957.015  303.339  12.4718 2.27929
0.789727  964.49  306.53  12.4591 2.27946
0.794397  972.015  309.741  12.4467 2.27958
0.799084  979.588  312.972  12.434 2.27966
0.80379  987.209  316.222  12.4216 2.27971
0.808514  994.88  319.491  12.4089 2.27971
0.813257  1002.6  322.78  12.3965 2.27967
0.818019  1010.37  326.089  12.3838 2.27959
0.822799  1018.19  329.418  12.3714 2.27947
0.827597  1026.06  332.767  12.359 2.27932
0.832414  1033.98  336.136  12.3466 2.27913
0.83725  1041.95  339.524  12.3339 2.2789
0.842104  1049.97  342.933  12.3215 2.27864
0.846978  1058.04  346.361  12.3091 2.27834
0.85187  1066.16  349.81  12.2967 2.27801
0.85678  1074.33  353.279  12.2846 2.27764
0.86171  1082.55  356.768  12.2722 2.27724
0.866659  1090.83  360.278  12.2598 2.27681
0.871626  1099.16  363.808  12.2477 2.27635
0.876612  1107.54  367.358  12.2353 2.27586
0.881618  1115.97  370.929  12.2232 2.27533
0.886642  1124.45  374.521  12.2108 2.27478
0.891685  1132.99  378.133  12.1987 2.27419
0.896748  1141.58  381.765  12.1866 2.27358
0.901829  1150.22  385.419  12.1744 2.27294
0.90693  1158.92  389.093  12.1623 2.27228
0.91205  1167.67  392.788  12.1502 2.27158
0.917189  1176.47  396.504  12.1381 2.27086
0.922348  1185.33  400.241  12.126 2.27011
0.927525  1194.24  403.999  12.1142 2.26934
0.932723  1203.2  407.778  12.1021 2.26855
0.937939  1212.22  411.578  12.0903 2.26772
0.943175  1221.3  415.399  12.0782 2.26688
0.94843  1230.43  419.242  12.0664 2.26601
0.953705  1239.62  423.106  12.0545 2.26512
0.958999  1248.86  426.991  12.0427 2.2642
0.964313  1258.15  430.898  12.0309 2.26327
0.969647  1267.51  434.827  12.0191 2.26231
