0.147186  140.214  2.01864  18.4259 0.154284
0.15102  143.921  2.22859  17.2714 0.166391
0.15492  147.698  2.45658  16.3568 0.17955
0.158886  151.546  2.70373  15.6256 0.193763
0.16292  155.465  2.97126  15.0367 0.209034
0.167021  159.457  3.26044  14.5595 0.225365
0.171191  163.524  3.5726  14.1711 0.242759
0.175429  167.665  3.90915  13.8545 0.261215
0.179737  171.882  4.27154  13.5961 0.280736
0.184115  176.178  4.66132  13.3853 0.301317
0.188564  180.552  5.0801  13.2137 0.322955
0.193083  185.006  5.52954  13.0746 0.345642
0.197674  189.542  6.0114  12.9627 0.369369
0.202337  194.162  6.52747  12.8735 0.394121
0.207073  198.865  7.07964  12.8035 0.419882
0.211883  203.655  7.66982  12.7497 0.44663
0.216766  208.533  8.3  12.7096 0.47434
0.221724  213.5  8.97222  12.6809 0.50298
0.226757  218.558  9.68853  12.6617 0.532517
0.231865  223.708  10.4511  12.6508 0.56291
0.237049  228.953  11.2619  12.6467 0.594115
0.242311  234.294  12.1233  12.6481 0.626083
0.247649  239.732  13.0374  12.6543 0.65876
0.253066  245.271  14.0063  12.6641 0.692087
0.25856  250.912  15.0322  12.6771 0.726003
0.264134  256.656  16.1172  12.6921 0.76044
0.269787  262.506  17.2636  12.7093 0.795331
0.275521  268.465  18.4733  12.7273 0.830602
0.281335  274.533  19.7485  12.7462 0.86618
0.28723  280.713  21.091  12.7654 0.901988
0.293207  287.008  22.503  12.7849 0.937951
0.299266  293.419  23.9862  12.8038 0.97399
0.305408  299.95  25.5425  12.8221 1.01003
0.311634  306.601  27.1737  12.8398 1.04599
0.317944  313.376  28.8813  12.8566 1.0818
0.324338  320.278  30.667  12.872 1.11739
0.330818  327.307  32.5323  12.8865 1.15269
0.337383  334.467  34.4786  12.8992 1.18763
0.344034  341.761  36.5072  12.9107 1.22215
0.350773  349.19  38.6194  12.9207 1.25619
0.357599  356.758  40.8164  12.9287 1.2897
0.364513  364.466  43.0993  12.9355 1.32262
0.371515  372.318  45.4691  12.9405 1.35491
0.378606  380.316  47.9268  12.9438 1.38653
0.385787  388.463  50.4732  12.9452 1.41745
0.393059  396.761  53.1092  12.9452 1.44762
0.400421  405.212  55.8355  12.9435 1.47703
0.407874  413.82  58.6529  12.9402 1.50565
0.41542  422.587  61.562  12.9355 1.53345
0.423058  431.516  64.5634  12.929 1.56044
0.430789  440.61  67.6577  12.9213 1.58659
0.438613  449.87  70.8455  12.9119 1.6119
0.446532  459.301  74.1273  12.9012 1.63637
0.454546  468.904  77.5034  12.8891 1.65998
0.462655  478.682  80.9745  12.8758 1.68276
0.470859  488.638  84.541  12.8614 1.70469
0.47916  498.775  88.2032  12.8457 1.72579
0.487559  509.096  91.9616  12.8289 1.74606
0.496054  519.602  95.8166  12.8112 1.76552
0.504648  530.298  99.7686  12.7923 1.78418
0.513341  541.185  103.818  12.7725 1.80205
0.522132  552.267  107.965  12.7518 1.81914
0.531024  563.546  112.21  12.7302 1.83548
0.540016  575.026  116.554  12.7078 1.85107
0.549109  586.708  120.997  12.6851 1.86594
0.558303  598.595  125.539  12.6611 1.8801
0.567599  610.692  130.181  12.6369 1.89358
0.576998  622.999  134.924  12.6118 1.90639
0.586501  635.52  139.766  12.5864 1.91854
0.596107  648.259  144.71  12.5604 1.93006
0.605817  661.216  149.756  12.5339 1.94097
0.615632  674.397  154.903  12.507 1.95129
0.625553  687.803  160.153  12.4795 1.96103
0.63558  701.437  165.506  12.4518 1.97021
0.645713  715.302  170.963  12.424 1.97886
0.655953  729.401  176.523  12.3956 1.98698
0.666301  743.737  182.188  12.367 1.99461
0.676758  758.313  187.958  12.3381 2.00174
0.687323  773.131  193.833  12.3091 2.00841
0.697997  788.195  199.815  12.2799 2.01463
0.708782  803.507  205.903  12.2503 2.02041
0.719677  819.07  212.099  12.2208 2.02577
0.730683  834.888  218.403  12.1913 2.03073
0.741801  850.963  224.815  12.1615 2.0353
0.753031  867.298  231.336  12.1316 2.0395
0.764374  883.896  237.968  12.1018 2.04334
0.77583  900.76  244.71  12.072 2.04682
0.7874  917.893  251.563  12.0418 2.04998
0.799084  935.299  258.527  12.012 2.05282
0.810884  952.979  265.605  11.9819 2.05535
0.822799  970.937  272.796  11.9521 2.05758
0.83483  989.176  280.1  11.9222 2.05953
0.846978  1007.7  287.52  11.8921 2.06121
0.859243  1026.51  295.055  11.8626 2.06263
0.871626  1045.61  302.706  11.8328 2.06379
0.884127  1065  310.474  11.8029 2.06472
0.896748  1084.69  318.36  11.7734 2.06541
0.909488  1104.68  326.365  11.7439 2.06588
0.922348  1124.98  334.489  11.7146 2.06614
0.935328  1145.57  342.733  11.6854 2.0662
0.94843  1166.48  351.098  11.6562 2.06606
0.961654  1187.7  359.585  11.6272 2.06574
