0.109207  103.792  1.96455  17.3264 0.271955
0.112352  106.84  2.11955  17.0319 0.286701
0.115557  109.951  2.2799  16.7818 0.301449
0.118822  113.124  2.44801  16.565 0.316372
0.122149  116.362  2.62491  16.3748 0.331516
0.125536  119.665  2.81138  16.2068 0.346903
0.128986  123.033  3.00813  16.0574 0.362549
0.132498  126.468  3.21589  15.9236 0.378467
0.136074  129.971  3.43536  15.8034 0.394668
0.139713  133.542  3.66732  15.6944 0.411163
0.143417  137.182  3.91254  15.5958 0.427964
0.147186  140.893  4.17189  15.5054 0.445081
0.15102  144.675  4.44623  15.423 0.462526
0.15492  148.53  4.73652  15.3471 0.480312
0.158886  152.458  5.04377  15.2771 0.498451
0.16292  156.461  5.36903  15.2124 0.516955
0.167021  160.539  5.71344  15.1522 0.535837
0.171191  164.694  6.07819  15.0961 0.55511
0.175429  168.927  6.46457  15.0435 0.574786
0.179737  173.239  6.87391  14.9945 0.594877
0.184115  177.631  7.30764  14.9481 0.615395
0.188564  182.104  7.76724  14.9044 0.636349
0.193083  186.661  8.25428  14.8634 0.657751
0.197674  191.302  8.77041  14.8244 0.679606
0.202337  196.028  9.31735  14.7872 0.701923
0.207073  200.841  9.89689  14.752 0.724706
0.211883  205.743  10.5109  14.7184 0.747957
0.216766  210.734  11.1613  14.6859 0.771676
0.221724  215.817  11.85  14.6549 0.79586
0.226757  220.993  12.5792  14.6253 0.820505
0.231865  226.263  13.3509  14.5964 0.8456
0.237049  231.63  14.1673  14.5686 0.871134
0.242311  237.095  15.0305  14.5418 0.897091
0.247649  242.659  15.9428  14.5155 0.923453
0.253066  248.326  16.9064  14.4898 0.950195
0.25856  254.095  17.9235  14.4647 0.977292
0.264134  259.971  18.9964  14.4402 1.00471
0.269787  265.953  20.1274  14.416 1.03243
0.275521  272.045  21.3186  14.392 1.0604
0.281335  278.249  22.5723  14.3681 1.08858
0.28723  284.566  23.8906  14.3445 1.11694
0.293207  290.999  25.2758  14.3209 1.14542
0.299266  297.55  26.7298  14.2972 1.17399
0.305408  304.221  28.2546  14.2733 1.20259
0.311634  311.015  29.8524  14.2497 1.23118
0.317944  317.933  31.5248  14.2255 1.2597
0.324338  324.979  33.2738  14.201 1.28811
0.330818  332.154  35.1011  14.1764 1.31635
0.337383  339.461  37.0084  14.1513 1.34439
0.344034  346.902  38.9972  14.1259 1.37216
0.350773  354.481  41.069  14.1003 1.39963
0.357599  362.199  43.2252  14.074 1.42675
0.364513  370.058  45.4672  14.0471 1.45348
0.371515  378.063  47.7962  14.0199 1.47978
0.378606  386.215  50.2134  13.9922 1.50562
0.385787  394.516  52.7199  13.9638 1.53096
0.393059  402.97  55.3167  13.9349 1.55576
0.400421  411.579  58.0047  13.9056 1.58002
0.407874  420.345  60.7849  13.8758 1.60369
0.41542  429.272  63.6581  13.8454 1.62676
0.423058  438.362  66.625  13.8144 1.6492
0.430789  447.618  69.6864  13.7831 1.67102
0.438613  457.042  72.843  13.7512 1.69219
0.446532  466.638  76.0954  13.719 1.7127
0.454546  476.408  79.4443  13.6862 1.73254
0.462655  486.354  82.8901  13.6531 1.75172
0.470859  496.48  86.4335  13.6195 1.77023
0.47916  506.789  90.0749  13.5855 1.78807
0.487559  517.283  93.8149  13.5512 1.80525
0.496054  527.964  97.654  13.5164 1.82176
0.504648  538.836  101.593  13.4815 1.83761
0.513341  549.902  105.631  13.4464 1.85282
0.522132  561.164  109.77  13.411 1.86738
0.531024  572.626  114.01  13.3752 1.8813
0.540016  584.289  118.351  13.3392 1.89461
0.549109  596.157  122.795  13.3032 1.90731
0.558303  608.233  127.34  13.2668 1.9194
0.567599  620.52  131.988  13.2302 1.93091
0.576998  633.02  136.739  13.1936 1.94185
0.586501  645.737  141.594  13.157 1.95223
0.596107  658.672  146.553  13.1204 1.96207
0.605817  671.83  151.616  13.0835 1.97137
0.615632  685.213  156.785  13.0465 1.98016
0.625553  698.823  162.059  13.0099 1.98845
0.63558  712.665  167.439  12.973 1.99626
0.645713  726.74  172.925  12.9361 2.00359
0.655953  741.052  178.519  12.8992 2.01046
0.666301  755.603  184.22  12.8626 2.01689
0.676758  770.397  190.03  12.8256 2.02289
0.687323  785.437  195.948  12.789 2.02848
0.697997  800.725  201.975  12.7524 2.03366
0.708782  816.264  208.113  12.7161 2.03846
0.719677  832.058  214.361  12.6797 2.04288
0.730683  848.11  220.72  12.6434 2.04695
0.741801  864.421  227.191  12.6074 2.05066
0.753031  880.997  233.774  12.5714 2.05404
0.764374  897.838  240.47  12.5356 2.0571
0.77583  914.95  247.28  12.4999 2.05984
0.7874  932.333  254.205  12.4645 2.06228
0.799084  949.992  261.244  12.429 2.06444
0.810884  967.93  268.4  12.3939 2.06632
0.822799  986.15  275.671  12.359 2.06793
0.83483  1004.65  283.06  12.3242 2.06928
0.846978  1023.45  290.567  12.2896 2.07039
0.859243  1042.53  298.193  12.2554 2.07126
0.871626  1061.91  305.938  12.2214 2.0719
0.884127  1081.58  313.804  12.1874 2.07232
0.896748  1101.56  321.791  12.1538 2.07253
0.909488  1121.84  329.899  12.1204 2.07254
0.922348  1142.42  338.13  12.087 2.07236
0.935328  1163.32  346.485  12.0542 2.07199
0.94843  1184.52  354.963  12.0215 2.07144
0.961654  1206.05  363.567  11.989 2.07072
