     0.000000   0.886123e-01   0.207161e-03   0.000000   0.100000e+01   0.000000e+00
     0.050000   0.886323e-01   0.206510e-03   0.025000   0.996731e+00  -0.591626e-05
     0.100000   0.886919e-01   0.204487e-03   0.050000   0.986975e+00  -0.234855e-04
     0.150000   0.887901e-01   0.200890e-03   0.075000   0.970878e+00  -0.521744e-04
     0.200000   0.889250e-01   0.195428e-03   0.100000   0.948684e+00  -0.911108e-04
     0.250000   0.890943e-01   0.187772e-03   0.125000   0.920725e+00  -0.139109e-03
     0.300000   0.892949e-01   0.177620e-03   0.150000   0.887418e+00  -0.194701e-03
     0.350000   0.895235e-01   0.164760e-03   0.175000   0.849250e+00  -0.256184e-03
     0.400000   0.897765e-01   0.149121e-03   0.200000   0.806775e+00  -0.321663e-03
     0.450000   0.900499e-01   0.130807e-03   0.225000   0.760599e+00  -0.389104e-03
     0.500000   0.903396e-01   0.110105e-03   0.250000   0.711367e+00  -0.456397e-03
     0.550000   0.906415e-01   0.874698e-04   0.275000   0.659750e+00  -0.521412e-03
     0.600000   0.909514e-01   0.634898e-04   0.300000   0.606435e+00  -0.582058e-03
     0.650000   0.912650e-01   0.388335e-04   0.325000   0.552111e+00  -0.636344e-03
     0.700000   0.915780e-01   0.141944e-04   0.350000   0.497451e+00  -0.682433e-03
     0.750000   0.918861e-01  -0.976503e-05   0.375000   0.443110e+00  -0.718695e-03
     0.800000   0.921853e-01  -0.324577e-04   0.400000   0.389703e+00  -0.743749e-03
     0.850000   0.924714e-01  -0.534024e-04   0.425000   0.337804e+00  -0.756507e-03
     0.900000   0.927403e-01  -0.722364e-04   0.450000   0.287933e+00  -0.756197e-03
     0.950000   0.929885e-01  -0.887109e-04   0.475000   0.240551e+00  -0.742388e-03
     1.000000   0.932122e-01  -0.102674e-03   0.500000   0.196052e+00  -0.715000e-03
     1.050000   0.934085e-01  -0.114048e-03   0.525000   0.154762e+00  -0.674308e-03
     1.100000   0.935746e-01  -0.122797e-03   0.550000   0.116934e+00  -0.620931e-03
     1.150000   0.937081e-01  -0.128909e-03   0.575000   0.827526e-01  -0.555816e-03
     1.200000   0.938072e-01  -0.132378e-03   0.600000   0.523282e-01  -0.480212e-03
     1.250000   0.938708e-01  -0.133198e-03   0.625000   0.257047e-01  -0.395637e-03
     1.300000   0.938981e-01  -0.131367e-03   0.650000   0.286071e-02  -0.303834e-03
     1.350000   0.938889e-01  -0.126894e-03   0.675000  -0.162846e-01  -0.206730e-03
     1.400000   0.938437e-01  -0.119819e-03   0.700000  -0.318660e-01  -0.106379e-03
     1.450000   0.937632e-01  -0.110219e-03   0.725000  -0.440660e-01  -0.491314e-05
     1.500000   0.936490e-01  -0.982254e-04   0.750000  -0.531070e-01   0.955141e-04
     1.550000   0.935028e-01  -0.840247e-04   0.775000  -0.592447e-01   0.192783e-03
     1.600000   0.933269e-01  -0.678549e-04   0.800000  -0.627598e-01   0.284859e-03
     1.650000   0.931239e-01  -0.499977e-04   0.825000  -0.639509e-01   0.369844e-03
     1.700000   0.928967e-01  -0.307641e-04   0.850000  -0.631270e-01   0.446022e-03
     1.750000   0.926488e-01  -0.104790e-04   0.875000  -0.606005e-01   0.511898e-03
     1.800000   0.923835e-01   0.105340e-04   0.900000  -0.566808e-01   0.566233e-03
     1.850000   0.921048e-01   0.319642e-04   0.925000  -0.516683e-01   0.608067e-03
     1.900000   0.918163e-01   0.535210e-04   0.950000  -0.458492e-01   0.636742e-03
     1.950000   0.915223e-01   0.749360e-04   0.975000  -0.394913e-01   0.651910e-03
     2.000000   0.912266e-01   0.959616e-04   1.000000  -0.328399e-01   0.653535e-03
     2.050000   0.909332e-01   0.116367e-03   1.025000  -0.261156e-01   0.641888e-03
     2.100000   0.906460e-01   0.135932e-03   1.050000  -0.195117e-01   0.617535e-03
     2.150000   0.903686e-01   0.154444e-03   1.075000  -0.131934e-01   0.581313e-03
     2.200000   0.901045e-01   0.171699e-03   1.100000  -0.729698e-02   0.534307e-03
     2.250000   0.898569e-01   0.187498e-03   1.125000  -0.193045e-02   0.477815e-03
     2.300000   0.896286e-01   0.201657e-03   1.150000   0.282606e-02   0.413314e-03
     2.350000   0.894220e-01   0.214009e-03   1.175000   0.691862e-02   0.342415e-03
     2.400000   0.892393e-01   0.224415e-03   1.200000   0.103178e-01   0.266829e-03
     2.450000   0.890822e-01   0.232767e-03   1.225000   0.130163e-01   0.188315e-03
     2.500000   0.889519e-01   0.238990e-03   1.250000   0.150265e-01   0.108642e-03
     2.550000   0.888494e-01   0.243049e-03   1.275000   0.163780e-01   0.295445e-04
     2.600000   0.887750e-01   0.244942e-03   1.300000   0.171144e-01  -0.473149e-04
     2.650000   0.887287e-01   0.244698e-03   1.325000   0.172906e-01  -0.120384e-03
     2.700000   0.887102e-01   0.242373e-03   1.350000   0.169701e-01  -0.188254e-03
     2.750000   0.887187e-01   0.238042e-03   1.375000   0.162223e-01  -0.249685e-03
     2.800000   0.887531e-01   0.231796e-03   1.400000   0.151196e-01  -0.303630e-03
     2.850000   0.888118e-01   0.223740e-03   1.425000   0.137357e-01  -0.349253e-03
     2.900000   0.888931e-01   0.213985e-03   1.450000   0.121429e-01  -0.385939e-03
     2.950000   0.889951e-01   0.202658e-03   1.475000   0.104107e-01  -0.413297e-03
     3.000000   0.891155e-01   0.189890e-03   1.500000   0.860402e-02  -0.431167e-03
     3.050000   0.892519e-01   0.175827e-03   1.525000   0.678204e-02  -0.439604e-03
     3.100000   0.894019e-01   0.160619e-03   1.550000   0.499734e-02  -0.438876e-03
     3.150000   0.895631e-01   0.144424e-03   1.575000   0.329515e-02  -0.429442e-03
     3.200000   0.897328e-01   0.127399e-03   1.600000   0.171304e-02  -0.411937e-03
     3.250000   0.899087e-01   0.109699e-03   1.625000   0.280730e-03  -0.387146e-03
     3.300000   0.900884e-01   0.914640e-04   1.650000  -0.979768e-03  -0.355979e-03
     3.350000   0.902695e-01   0.728202e-04   1.675000  -0.205386e-02  -0.319444e-03
     3.400000   0.904499e-01   0.538699e-04   1.700000  -0.293391e-02  -0.278620e-03
     3.450000   0.906277e-01   0.346895e-04   1.725000  -0.361863e-02  -0.234624e-03
     3.500000   0.908012e-01   0.153287e-04   1.750000  -0.411237e-02  -0.188588e-03
     3.550000   0.909687e-01  -0.418971e-05   1.775000  -0.442433e-02  -0.141628e-03
     3.600000   0.911290e-01  -0.238672e-04   1.800000  -0.456774e-02  -0.948194e-04
     3.650000   0.912811e-01  -0.437269e-04   1.825000  -0.455904e-02  -0.491743e-04
     3.700000   0.914240e-01  -0.638097e-04   1.850000  -0.441698e-02  -0.562112e-05
     3.750000   0.915571e-01  -0.841716e-04   1.875000  -0.416188e-02   0.350128e-04
     3.800000   0.916801e-01  -0.104881e-03   1.900000  -0.381487e-02   0.720150e-04
     3.850000   0.917928e-01  -0.126016e-03   1.925000  -0.339715e-02   0.104799e-03
     3.900000   0.918952e-01  -0.147663e-03   1.950000  -0.292944e-02   0.132909e-03
     3.950000   0.919873e-01  -0.169915e-03   1.975000  -0.243142e-02   0.156025e-03
     4.000000   0.920693e-01  -0.192866e-03   2.000000  -0.192129e-02   0.173962e-03
     4.050000   0.921415e-01  -0.216612e-03   2.025000  -0.141544e-02   0.186666e-03
     4.100000   0.922043e-01  -0.241237e-03   2.050000  -0.928208e-03   0.194207e-03
     4.150000   0.922578e-01  -0.266813e-03   2.075000  -0.471677e-03   0.196769e-03
     4.200000   0.923022e-01  -0.293389e-03   2.100000  -0.556262e-04   0.194643e-03
     4.250000   0.923377e-01  -0.320982e-03   2.125000   0.312488e-03   0.188208e-03
     4.300000   0.923641e-01  -0.349573e-03   2.150000   0.627473e-03   0.177917e-03
     4.350000   0.923814e-01  -0.379095e-03   2.175000   0.886280e-03   0.164288e-03
     4.400000   0.923889e-01  -0.409434e-03   2.200000   0.108784e-02   0.147877e-03
     4.450000   0.923861e-01  -0.440425e-03   2.225000   0.123286e-02   0.129272e-03
     4.500000   0.923720e-01  -0.471852e-03   2.250000   0.132360e-02   0.109069e-03
     4.550000   0.923453e-01  -0.503448e-03   2.275000   0.136362e-02   0.878646e-04
     4.600000   0.923045e-01  -0.534901e-03   2.300000   0.135751e-02   0.662344e-04
     4.650000   0.922477e-01  -0.565859e-03   2.325000   0.131068e-02   0.447256e-04
     4.700000   0.921726e-01  -0.595927e-03   2.350000   0.122906e-02   0.238435e-04
     4.750000   0.920768e-01  -0.624682e-03   2.375000   0.111888e-02   0.404283e-05
     4.800000   0.919574e-01  -0.651671e-03   2.400000   0.986480e-03  -0.142799e-04
     4.850000   0.918114e-01  -0.676420e-03   2.425000   0.838096e-03  -0.307921e-04
     4.900000   0.916353e-01  -0.698442e-03   2.450000   0.679687e-03  -0.452282e-04
     4.950000   0.914258e-01  -0.717246e-03   2.475000   0.516808e-03  -0.573920e-04
     5.000000   0.911790e-01  -0.732347e-03   2.500000   0.354493e-03  -0.671562e-04
     5.050000   0.908912e-01  -0.743282e-03   2.525000   0.197173e-03  -0.744606e-04
     5.100000   0.905583e-01  -0.749621e-03   2.550000   0.486203e-04  -0.793086e-04
     5.150000   0.901765e-01  -0.750990e-03   2.575000  -0.880799e-04  -0.817628e-04
     5.200000   0.897417e-01  -0.747077e-03   2.600000  -0.210539e-03  -0.819391e-04
     5.250000   0.892502e-01  -0.737653e-03   2.625000  -0.317046e-03  -0.799999e-04
     5.300000   0.886982e-01  -0.722583e-03   2.650000  -0.406542e-03  -0.761465e-04
     5.350000   0.880821e-01  -0.701831e-03   2.675000  -0.478564e-03  -0.706119e-04
     5.400000   0.873986e-01  -0.675468e-03   2.700000  -0.533192e-03  -0.636522e-04
     5.450000   0.866447e-01  -0.643670e-03   2.725000  -0.570979e-03  -0.555387e-04
     5.500000   0.858177e-01  -0.606717e-03   2.750000  -0.592877e-03  -0.465504e-04
     5.550000   0.849153e-01  -0.564984e-03   2.775000  -0.600161e-03  -0.369662e-04
     5.600000   0.839358e-01  -0.518932e-03   2.800000  -0.594357e-03  -0.270585e-04
     5.650000   0.828778e-01  -0.469100e-03   2.825000  -0.577158e-03  -0.170867e-04
     5.700000   0.817405e-01  -0.416088e-03   2.850000  -0.550366e-03  -0.729181e-05
     5.750000   0.805238e-01  -0.360548e-03   2.875000  -0.515819e-03   0.210756e-05
     5.800000   0.792279e-01  -0.303169e-03   2.900000  -0.475335e-03   0.109193e-04
     5.850000   0.778539e-01  -0.244660e-03   2.925000  -0.430665e-03   0.189803e-04
     5.900000   0.764032e-01  -0.185740e-03   2.950000  -0.383450e-03   0.261578e-04
     5.950000   0.748781e-01  -0.127122e-03   2.975000  -0.335186e-03   0.323508e-04
     6.000000   0.732812e-01  -0.694958e-04   3.000000  -0.287203e-03   0.374897e-04
     6.050000   0.716158e-01  -0.135148e-04   3.025000  -0.240646e-03   0.415353e-04
     6.100000   0.698858e-01   0.402166e-04   3.050000  -0.196465e-03   0.444776e-04
     6.150000   0.680955e-01   0.911565e-04   3.075000  -0.155417e-03   0.463335e-04
     6.200000   0.662498e-01   0.138835e-03   3.100000  -0.118066e-03   0.471443e-04
     6.250000   0.643537e-01   0.182859e-03   3.125000  -0.847945e-04   0.469726e-04
     6.300000   0.624131e-01   0.222919e-03   3.150000  -0.558164e-04   0.458989e-04
     6.350000   0.604338e-01   0.258787e-03   3.175000  -0.311940e-04   0.440184e-04
     6.400000   0.584220e-01   0.290313e-03   3.200000  -0.108571e-04   0.414373e-04
     6.450000   0.563843e-01   0.317422e-03   3.225000   0.537658e-05   0.382691e-04
     6.500000   0.543270e-01   0.340105e-03   3.250000   0.177796e-04   0.346315e-04
     6.550000   0.522570e-01   0.358412e-03   3.275000   0.266942e-04   0.306431e-04
     6.600000   0.501807e-01   0.372444e-03   3.300000   0.325114e-04   0.264205e-04
     6.650000   0.481050e-01   0.382347e-03   3.325000   0.356520e-04   0.220753e-04
     6.700000   0.460363e-01   0.388307e-03   3.350000   0.365494e-04   0.177123e-04
     6.750000   0.439809e-01   0.390547e-03   3.375000   0.356339e-04   0.134272e-04
     6.800000   0.419452e-01   0.389320e-03   3.400000   0.333197e-04   0.930538e-05
     6.850000   0.399349e-01   0.384907e-03   3.425000   0.299940e-04   0.542066e-05
     6.900000   0.379558e-01   0.377615e-03   3.450000   0.260091e-04   0.183447e-05
     6.950000   0.360132e-01   0.367772e-03   3.475000   0.216757e-04  -0.140433e-05
     7.000000   0.341120e-01   0.355722e-03   3.500000   0.172596e-04  -0.425956e-05
     7.050000   0.322568e-01   0.341816e-03   3.525000   0.129800e-04  -0.670732e-05
     7.100000   0.304517e-01   0.326407e-03   3.550000   0.900893e-05  -0.873545e-05
     7.150000   0.287003e-01   0.309842e-03   3.575000   0.547368e-05  -0.103426e-04
     7.200000   0.270060e-01   0.292452e-03   3.600000   0.245916e-05  -0.115375e-04
     7.250000   0.253714e-01   0.274548e-03   3.625000   0.120483e-07  -0.123372e-04
     7.300000   0.237987e-01   0.256413e-03   3.650000  -0.185457e-05  -0.127663e-04
     7.350000   0.222896e-01   0.238299e-03   3.675000  -0.315604e-05  -0.128556e-04
     7.400000   0.208454e-01   0.220428e-03   3.700000  -0.393074e-05  -0.126402e-04
     7.450000   0.194669e-01   0.202985e-03   3.725000  -0.423466e-05  -0.121590e-04
     7.500000   0.181544e-01   0.186126e-03   3.750000  -0.413621e-05  -0.114525e-04
     7.550000   0.169077e-01   0.169974e-03   3.775000  -0.371127e-05  -0.105622e-04
     7.600000   0.157265e-01   0.154627e-03   3.800000  -0.303877e-05  -0.952951e-05
     7.650000   0.146098e-01   0.140155e-03   3.825000  -0.219683e-05  -0.839433e-05
     7.700000   0.135565e-01   0.126607e-03   3.850000  -0.125947e-05  -0.719457e-05
     7.750000   0.125651e-01   0.114008e-03   3.875000  -0.294002e-06  -0.596534e-05
     7.800000   0.116339e-01   0.102368e-03   3.900000   0.640900e-06  -0.473838e-05
     7.850000   0.107609e-01   0.916755e-04   3.925000   0.149655e-05  -0.354171e-05
     7.900000   0.994420e-02   0.819068e-04   3.950000   0.223496e-05  -0.239931e-05
     7.950000   0.918140e-02   0.730246e-04   3.975000   0.282901e-05  -0.133102e-05
     8.000000   0.847019e-02   0.649815e-04   4.000000   0.326217e-05  -0.352555e-06
     8.050000   0.780815e-02   0.577236e-04   4.025000   0.352780e-05   0.524437e-06
     8.100000   0.719283e-02   0.511930e-04   4.050000   0.362812e-05   0.129214e-05
     8.150000   0.662173e-02   0.453307e-04   4.075000   0.357300e-05   0.194632e-05
     8.200000   0.609240e-02   0.400792e-04   4.100000   0.337854e-05   0.248598e-05
     8.250000   0.560239e-02   0.353842e-04   4.125000   0.306557e-05   0.291295e-05
     8.300000   0.514931e-02   0.311955e-04   4.150000   0.265819e-05   0.323154e-05
     8.350000   0.473084e-02   0.274671e-04   4.175000   0.218228e-05   0.344806e-05
     8.400000   0.434473e-02   0.241573e-04   4.200000   0.166422e-05   0.357043e-05
     8.450000   0.398880e-02   0.212272e-04   4.225000   0.112963e-05   0.360775e-05
     8.500000   0.366098e-02   0.186408e-04   4.250000   0.602363e-06   0.356991e-05
     8.550000   0.335929e-02   0.163635e-04   4.275000   0.103678e-06   0.346723e-05
     8.600000   0.308185e-02   0.143621e-04   4.300000  -0.348410e-06   0.331016e-05
     8.650000   0.282686e-02   0.126050e-04   4.325000  -0.739557e-06   0.310897e-05
     8.700000   0.259266e-02   0.110620e-04   4.350000  -0.105931e-05   0.287352e-05
     8.750000   0.237764e-02   0.970555e-05   4.375000  -0.130118e-05   0.261306e-05
     8.800000   0.218033e-02   0.851104e-05   4.400000  -0.146248e-05   0.233611e-05
     8.850000   0.199934e-02   0.745726e-05   4.425000  -0.154410e-05   0.205033e-05
     8.900000   0.183337e-02   0.652663e-05   4.450000  -0.155011e-05   0.176246e-05
     8.950000   0.168122e-02   0.570500e-05   4.475000  -0.148731e-05   0.147829e-05
     9.000000   0.154178e-02   0.498103e-05   4.500000  -0.136465e-05   0.120268e-05
     9.050000   0.141401e-02   0.434542e-05   4.525000  -0.119274e-05   0.939580e-06
     9.100000   0.129695e-02   0.379006e-05   4.550000  -0.983205e-06   0.692064e-06
     9.150000   0.118972e-02   0.330721e-05   4.575000  -0.748162e-06   0.462431e-06
     9.200000   0.109150e-02   0.288903e-05   4.600000  -0.499690e-06   0.252269e-06
     9.250000   0.100155e-02   0.252734e-05   4.625000  -0.249349e-06   0.625458e-07
     9.300000   0.919160e-03   0.221381e-05   4.650000  -0.777558e-08  -0.106302e-06
     9.350000   0.843698e-03   0.194037e-05   4.675000   0.215655e-06  -0.254273e-06
     9.400000   0.774577e-03   0.169971e-05   4.700000   0.413085e-06  -0.381724e-06
     9.450000   0.711257e-03   0.148581e-05   4.725000   0.578346e-06  -0.489281e-06
     9.500000   0.653246e-03   0.129425e-05   4.750000   0.707059e-06  -0.577775e-06
     9.550000   0.600093e-03   0.112227e-05   4.775000   0.796642e-06  -0.648179e-06
     9.600000   0.551384e-03   0.968504e-06   4.800000   0.846266e-06  -0.701555e-06
     9.650000   0.506743e-03   0.832576e-06   4.825000   0.856735e-06  -0.739017e-06
     9.700000   0.465825e-03   0.714442e-06   4.850000   0.830320e-06  -0.761697e-06
     9.750000   0.428314e-03   0.613833e-06   4.875000   0.770554e-06  -0.770726e-06
     9.800000   0.393921e-03   0.529808e-06   4.900000   0.681994e-06  -0.767221e-06
     9.850000   0.362382e-03   0.460553e-06   4.925000   0.569964e-06  -0.752278e-06
     9.900000   0.333452e-03   0.403456e-06   4.950000   0.440296e-06  -0.726973e-06
     9.950000   0.306910e-03   0.355422e-06   4.975000   0.299067e-06  -0.692365e-06
    10.000000   0.282551e-03   0.313341e-06   5.000000   0.152359e-06  -0.649502e-06
    10.050000   0.260189e-03   0.274587e-06   5.025000   0.602582e-08  -0.599428e-06
    10.100000   0.239654e-03   0.237414e-06   5.050000  -0.134503e-06  -0.543192e-06
    10.150000   0.220792e-03   0.201164e-06   5.075000  -0.264392e-06  -0.481851e-06
    10.200000   0.203462e-03   0.166216e-06   5.100000  -0.379530e-06  -0.416477e-06
    10.250000   0.187537e-03   0.133720e-06   5.125000  -0.476629e-06  -0.348154e-06
    10.300000   0.172900e-03   0.105155e-06   5.150000  -0.553280e-06  -0.277982e-06
    10.350000   0.159444e-03   0.818443e-07   5.175000  -0.607979e-06  -0.207064e-06
    10.400000   0.147073e-03   0.645321e-07   5.200000  -0.640112e-06  -0.136502e-06
    10.450000   0.135697e-03   0.531222e-07   5.225000  -0.649915e-06  -0.673842e-07
    10.500000   0.125233e-03   0.466421e-07   5.250000  -0.638403e-06  -0.769897e-09
    10.550000   0.115605e-03   0.434313e-07   5.275000  -0.607277e-06   0.623267e-07
    10.600000   0.106743e-03   0.415000e-07   5.300000  -0.558818e-06   0.120954e-06
    10.650000   0.985830e-04   0.389680e-07   5.325000  -0.495762e-06   0.174242e-06
    10.700000   0.910656e-04   0.344729e-07   5.350000  -0.421177e-06   0.221420e-06
    10.750000   0.841381e-04   0.274484e-07   5.375000  -0.338329e-06   0.261832e-06
    10.800000   0.777523e-04   0.182067e-07   5.400000  -0.250556e-06   0.294954e-06
    10.850000   0.718647e-04   0.780999e-08   5.425000  -0.161147e-06   0.320406e-06
    10.900000   0.664360e-04  -0.223361e-08   5.450000  -0.732354e-07   0.337959e-06
    10.950000   0.614304e-04  -0.103729e-07   5.475000   0.103001e-07   0.347547e-06
    11.000000   0.568148e-04  -0.154137e-07   5.500000   0.869152e-07   0.349260e-06
    11.050000   0.525587e-04  -0.168207e-07   5.525000   0.154463e-06   0.343349e-06
    11.100000   0.486334e-04  -0.148491e-07   5.550000   0.211238e-06   0.330218e-06
    11.150000   0.450123e-04  -0.104789e-07   5.575000   0.256006e-06   0.310411e-06
    11.200000   0.416702e-04  -0.517210e-08   5.600000   0.288011e-06   0.284604e-06
    11.250000   0.385840e-04  -0.516640e-09   5.625000   0.306966e-06   0.253581e-06
    11.300000   0.357323e-04   0.215359e-08   5.650000   0.313036e-06   0.218218e-06
    11.350000   0.330960e-04   0.206971e-08   5.675000   0.306797e-06   0.179462e-06
    11.400000   0.306577e-04  -0.804932e-09   5.700000   0.289188e-06   0.138303e-06
    11.450000   0.284022e-04  -0.578877e-08   5.725000   0.261463e-06   0.957535e-07
    11.500000   0.263159e-04  -0.116699e-07   5.750000   0.225119e-06   0.528210e-07
    11.550000   0.243866e-04  -0.170183e-07   5.775000   0.181837e-06   0.104853e-07
    11.600000   0.226031e-04  -0.205439e-07   5.800000   0.133413e-06  -0.303246e-07
    11.650000   0.209548e-04  -0.214117e-07   5.825000   0.816921e-07  -0.687521e-07
    11.700000   0.194318e-04  -0.194391e-07   5.850000   0.285067e-07  -0.104031e-06
    11.750000   0.180243e-04  -0.151290e-07   5.875000  -0.243827e-07  -0.135501e-06
    11.800000   0.167229e-04  -0.953458e-08   5.900000  -0.753376e-07  -0.162623e-06
    11.850000   0.155186e-04  -0.399261e-08   5.925000  -0.122886e-06  -0.184982e-06
    11.900000   0.144030e-04   0.207280e-09   5.950000  -0.165757e-06  -0.202298e-06
    11.950000   0.133686e-04   0.213520e-08   5.975000  -0.202907e-06  -0.214428e-06
    12.000000   0.124086e-04   0.143939e-08   6.000000  -0.233538e-06  -0.221358e-06
    12.050000   0.115175e-04  -0.158079e-08   6.025000  -0.257103e-06  -0.223205e-06
    12.100000   0.106904e-04  -0.606213e-08   6.050000  -0.273309e-06  -0.220201e-06
    12.150000   0.992329e-05  -0.108007e-07   6.075000  -0.282107e-06  -0.212689e-06
    12.200000   0.921250e-05  -0.145536e-07   6.100000  -0.283674e-06  -0.201103e-06
    12.250000   0.855465e-05  -0.163438e-07   6.125000  -0.278397e-06  -0.185959e-06
    12.300000   0.794628e-05  -0.156946e-07   6.150000  -0.266840e-06  -0.167829e-06
    12.350000   0.738385e-05  -0.127364e-07   6.175000  -0.249722e-06  -0.147334e-06
    12.400000   0.686363e-05  -0.816362e-08   6.200000  -0.227875e-06  -0.125116e-06
    12.450000   0.638183e-05  -0.305446e-08   6.225000  -0.202218e-06  -0.101825e-06
    12.500000   0.593478e-05   0.139976e-08   6.250000  -0.173718e-06  -0.781033e-07
    12.550000   0.551911e-05   0.418782e-08   6.275000  -0.143361e-06  -0.545645e-07
    12.600000   0.513192e-05   0.472225e-08   6.300000  -0.112118e-06  -0.317827e-07
    12.650000   0.477089e-05   0.297503e-08   6.325000  -0.809178e-07  -0.102782e-07
    12.700000   0.443427e-05  -0.525882e-09   6.350000  -0.506218e-07   0.949285e-08
    12.750000   0.412082e-05  -0.483573e-08   6.375000  -0.220038e-07   0.271466e-07
    12.800000   0.382959e-05  -0.883143e-08   6.400000   0.426682e-08   0.423777e-07
    12.850000   0.355974e-05  -0.114892e-07   6.425000   0.276377e-07   0.549627e-07
    12.900000   0.331033e-05  -0.121329e-07   6.450000   0.476808e-07   0.647609e-07
    12.950000   0.308017e-05  -0.105933e-07   6.475000   0.640957e-07   0.717134e-07
    13.000000   0.286779e-05  -0.723984e-08   6.500000   0.767090e-07   0.758395e-07
    13.050000   0.267146e-05  -0.288151e-08   6.525000   0.854697e-07   0.772315e-07
    13.100000   0.248934e-05   0.143906e-08   6.550000   0.904412e-07   0.760475e-07
    13.150000   0.231967e-05   0.470434e-08   6.575000   0.917907e-07   0.725031e-07
    13.200000   0.216091e-05   0.617024e-08   6.600000   0.897762e-07   0.668620e-07
    13.250000   0.201190e-05   0.554330e-08   6.625000   0.847317e-07   0.594258e-07
    13.300000   0.187192e-05   0.304480e-08   6.650000   0.770515e-07   0.505233e-07
    13.350000   0.174067e-05  -0.651922e-09   6.675000   0.671740e-07   0.404999e-07
    13.400000   0.161811e-05  -0.459359e-08   6.700000   0.555651e-07   0.297071e-07
    13.450000   0.150433e-05  -0.778451e-08   6.725000   0.427025e-07   0.184925e-07
    13.500000   0.139936e-05  -0.943047e-08   6.750000   0.290607e-07   0.719062e-08
    13.550000   0.130298e-05  -0.912946e-08   6.775000   0.150976e-07  -0.388536e-08
    13.600000   0.121471e-05  -0.696328e-08   6.800000   0.124233e-08  -0.144508e-07
    13.650000   0.113372e-05  -0.346964e-08   6.825000  -0.121149e-07  -0.242552e-07
    13.700000   0.105898e-05   0.496772e-09   6.850000  -0.246307e-07  -0.330872e-07
    13.750000   0.989391e-06   0.397828e-08   6.875000  -0.360149e-07  -0.407773e-07
    13.800000   0.923946e-06   0.614991e-08   6.900000  -0.460343e-07  -0.471997e-07
    13.850000   0.861883e-06   0.651892e-08   6.925000  -0.545147e-07  -0.522731e-07
    13.900000   0.802780e-06   0.503987e-08   6.950000  -0.613413e-07  -0.559591e-07
    13.950000   0.746576e-06   0.211870e-08   6.975000  -0.664566e-07  -0.582608e-07
    14.000000   0.693497e-06  -0.149353e-08   7.000000  -0.698575e-07  -0.592198e-07
    14.050000   0.643931e-06  -0.488953e-08   7.025000  -0.715908e-07  -0.589119e-07
    14.100000   0.598266e-06  -0.722980e-08   7.050000  -0.717477e-07  -0.574426e-07
    14.150000   0.556730e-06  -0.794664e-08   7.075000  -0.704570e-07  -0.549424e-07
    14.200000   0.519286e-06  -0.687854e-08   7.100000  -0.678789e-07  -0.515609e-07
    14.250000   0.485590e-06  -0.430336e-08   7.125000  -0.641971e-07  -0.474614e-07
    14.300000   0.455034e-06  -0.863614e-09   7.150000  -0.596119e-07  -0.428154e-07
    14.350000   0.426853e-06   0.259610e-08   7.175000  -0.543328e-07  -0.377971e-07
    14.400000   0.400270e-06   0.523856e-08   7.200000  -0.485718e-07  -0.325780e-07
    14.450000   0.374653e-06   0.643833e-08   7.225000  -0.425371e-07  -0.273230e-07
    14.500000   0.349628e-06   0.593143e-08   7.250000  -0.364274e-07  -0.221854e-07
    14.550000   0.325130e-06   0.387441e-08   7.275000  -0.304271e-07  -0.173041e-07
    14.600000   0.301390e-06   0.799806e-09   7.300000  -0.247019e-07  -0.128002e-07
    14.650000   0.278840e-06  -0.251947e-08   7.325000  -0.193962e-07  -0.877533e-08
    14.700000   0.257977e-06  -0.526252e-08   7.350000  -0.146301e-07  -0.530979e-08
    14.750000   0.239220e-06  -0.676169e-08   7.375000  -0.104983e-07  -0.246213e-08
    14.800000   0.222779e-06  -0.666338e-08   7.400000  -0.706950e-08  -0.268902e-09
    14.850000   0.208590e-06  -0.500983e-08   7.425000  -0.438635e-08   0.125472e-08
    14.900000   0.196314e-06  -0.222300e-08   7.450000  -0.246641e-08   0.211386e-08
    14.950000   0.185401e-06   0.100400e-08   7.475000  -0.130357e-08   0.233233e-08
    15.000000   0.175215e-06   0.388020e-08   7.500000  -0.870012e-09   0.195065e-08
    15.050000   0.165174e-06   0.571137e-08   7.525000  -0.111861e-08   0.102371e-08
    15.100000   0.154872e-06   0.606830e-08   7.550000  -0.198569e-08  -0.381711e-09
    15.150000   0.144168e-06   0.488785e-08   7.575000  -0.339398e-08  -0.218971e-08
    15.200000   0.133198e-06   0.248322e-08   7.600000  -0.525572e-08  -0.431794e-08
    15.250000   0.122331e-06  -0.537847e-09   7.625000  -0.747586e-08  -0.668036e-08
    15.300000   0.112058e-06  -0.342569e-08   7.650000  -0.995516e-08  -0.918984e-08
    15.350000   0.102865e-06  -0.547381e-08   7.675000  -0.125932e-07  -0.117607e-07
    15.400000   0.951018e-07  -0.619085e-08   7.700000  -0.152915e-07  -0.143108e-07
    15.450000   0.888890e-07  -0.541761e-08   7.725000  -0.179554e-07  -0.167638e-07
    15.500000   0.840839e-07  -0.336139e-08   7.750000  -0.204976e-07  -0.190509e-07
    15.550000   0.803112e-07  -0.540245e-09   7.775000  -0.228390e-07  -0.211119e-07
    15.600000   0.770502e-07   0.234782e-08   7.800000  -0.249111e-07  -0.228968e-07
    15.650000   0.737574e-07   0.459782e-08   7.825000  -0.266571e-07  -0.243661e-07
    15.700000   0.699935e-07   0.567010e-08   7.850000  -0.280332e-07  -0.254919e-07
    15.750000   0.655232e-07   0.531996e-08   7.875000  -0.290085e-07  -0.262573e-07
    15.800000   0.603644e-07   0.365340e-08   7.900000  -0.295660e-07  -0.266570e-07
    15.850000   0.547754e-07   0.109659e-08   7.925000  -0.297018e-07  -0.266961e-07
    15.900000   0.491835e-07  -0.171257e-08   7.950000  -0.294253e-07  -0.263903e-07
    15.950000   0.440735e-07  -0.408306e-08   7.975000  -0.287580e-07  -0.257641e-07
    16.000000   0.398647e-07  -0.544029e-08   8.000000  -0.277324e-07  -0.248507e-07
    16.050000   0.368046e-07  -0.546485e-08   8.025000  -0.263911e-07  -0.236898e-07
    16.100000   0.349078e-07  -0.416722e-08   8.050000  -0.247849e-07  -0.223271e-07
    16.150000   0.339514e-07  -0.188084e-08   8.075000  -0.229712e-07  -0.208122e-07
    16.200000   0.335298e-07   0.823547e-09   8.100000  -0.210122e-07  -0.191975e-07
    16.250000   0.331535e-07   0.328042e-08   8.125000  -0.189730e-07  -0.175369e-07
    16.300000   0.323668e-07   0.489330e-08   8.150000  -0.169196e-07  -0.158836e-07
    16.350000   0.308565e-07   0.527955e-08   8.175000  -0.149170e-07  -0.142896e-07
    16.400000   0.285240e-07   0.436111e-08   8.200000  -0.130273e-07  -0.128035e-07
    16.450000   0.255045e-07   0.237965e-08   8.225000  -0.113080e-07  -0.114701e-07
    16.500000   0.221290e-07  -0.166555e-09   8.250000  -0.981047e-08  -0.103287e-07
    16.550000   0.188387e-07  -0.264762e-08   8.275000  -0.857843e-08  -0.941227e-08
    16.600000   0.160737e-07  -0.445756e-08   8.300000  -0.764693e-08  -0.874692e-08
    16.650000   0.141641e-07  -0.516204e-08   8.325000  -0.704141e-08  -0.835114e-08
    16.700000   0.132489e-07  -0.460232e-08   8.350000  -0.677713e-08  -0.823551e-08
    16.750000   0.132430e-07  -0.293054e-08   8.375000  -0.685884e-08  -0.840253e-08
    16.800000   0.138593e-07  -0.568670e-09   8.400000  -0.728084e-08  -0.884665e-08
    16.850000   0.146804e-07   0.189792e-08   8.425000  -0.802724e-08  -0.955456e-08
    16.900000   0.152609e-07   0.386550e-08   8.450000  -0.907255e-08  -0.105057e-07
    16.950000   0.152358e-07   0.485969e-08   8.475000  -0.103826e-07  -0.116727e-07
    17.000000   0.144073e-07   0.464976e-08   8.500000  -0.119155e-07  -0.130225e-07
    17.050000   0.127906e-07   0.330198e-08   8.525000  -0.136233e-07  -0.145171e-07
    17.100000   0.106063e-07   0.115981e-08   8.550000  -0.154528e-07  -0.161146e-07
    17.150000   0.822307e-08  -0.124341e-08   8.575000  -0.173480e-07  -0.177705e-07
    17.200000   0.606524e-08  -0.331702e-08   8.600000  -0.192510e-07  -0.194388e-07
    17.250000   0.450722e-08  -0.455805e-08   8.625000  -0.211043e-07  -0.210733e-07
    17.300000   0.378210e-08  -0.467302e-08   8.650000  -0.228519e-07  -0.226286e-07
    17.350000   0.392564e-08  -0.364713e-08   8.675000  -0.244413e-07  -0.240619e-07
    17.400000   0.476935e-08  -0.174450e-08   8.700000  -0.258249e-07  -0.253332e-07
    17.450000   0.598355e-08   0.559678e-09   8.725000  -0.269610e-07  -0.264073e-07
    17.500000   0.715944e-08   0.269772e-08   8.750000  -0.278153e-07  -0.272539e-07
    17.550000   0.790946e-08   0.414925e-08   8.775000  -0.283613e-07  -0.278488e-07
    17.600000   0.796138e-08   0.456777e-08   8.800000  -0.285815e-07  -0.281744e-07
    17.650000   0.722304e-08   0.386324e-08   8.825000  -0.284671e-07  -0.282200e-07
    17.700000   0.580236e-08   0.222105e-08   8.850000  -0.280188e-07  -0.279820e-07
    17.750000   0.397824e-08   0.535372e-10   8.875000  -0.272460e-07  -0.274645e-07
    17.800000   0.212997e-08  -0.210343e-08   8.900000  -0.261669e-07  -0.266781e-07
    17.850000   0.643001e-09  -0.372279e-08   8.925000  -0.248078e-07  -0.256405e-07
    17.900000  -0.185658e-09  -0.441492e-08   8.950000  -0.232018e-07  -0.243758e-07
    17.950000  -0.219334e-09  -0.402128e-08   8.975000  -0.213886e-07  -0.229134e-07
    18.000000   0.486500e-09  -0.265041e-08   9.000000  -0.194127e-07  -0.212880e-07
    18.050000   0.169976e-08  -0.648412e-09   9.025000  -0.173224e-07  -0.195380e-07
    18.100000   0.307031e-08   0.148837e-08   9.050000  -0.151686e-07  -0.177049e-07
    18.150000   0.421669e-08   0.323630e-08   9.075000  -0.130030e-07  -0.158323e-07
    18.200000   0.481958e-08   0.417270e-08   9.100000  -0.108774e-07  -0.139646e-07
    18.250000   0.469893e-08   0.407795e-08   9.125000  -0.884167e-08  -0.121462e-07
    18.300000   0.385626e-08   0.298684e-08   9.150000  -0.694305e-08  -0.104202e-07
    18.350000   0.247203e-08   0.117725e-08   9.175000  -0.522468e-08  -0.882750e-08
    18.400000   0.859359e-09  -0.900558e-09   9.200000  -0.372470e-08  -0.740562e-08
    18.450000  -0.614165e-09  -0.273578e-08   9.225000  -0.247534e-08  -0.618809e-08
    18.500000  -0.161713e-08  -0.388260e-08   9.250000  -0.150221e-08  -0.520347e-08
    18.550000  -0.193502e-08  -0.406835e-08   9.275000  -0.823747e-09  -0.447470e-08
    18.600000  -0.152150e-08  -0.325820e-08   9.300000  -0.450898e-09  -0.401857e-08
    18.650000  -0.507962e-09  -0.166108e-08   9.325000  -0.386925e-09  -0.384529e-08
    18.700000   0.830460e-09   0.324139e-09   9.350000  -0.627443e-09  -0.395830e-08
    18.750000   0.214366e-08   0.220809e-08   9.375000  -0.116062e-08  -0.435412e-08
    18.800000   0.309291e-08   0.353151e-08   9.400000  -0.196759e-08  -0.502246e-08
    18.850000   0.343344e-08   0.397712e-08   9.425000  -0.302296e-08  -0.594644e-08
    18.900000   0.307322e-08   0.344556e-08   9.450000  -0.429555e-08  -0.710301e-08
    18.950000   0.209366e-08   0.207731e-08   9.475000  -0.574922e-08  -0.846346e-08
    19.000000   0.727810e-09   0.215785e-09   9.500000  -0.734382e-08  -0.999411e-08
    19.050000  -0.698355e-09  -0.167879e-08   9.525000  -0.903622e-08  -0.116571e-07
    19.100000  -0.184671e-08  -0.314304e-08   9.550000  -0.107815e-07  -0.134114e-07
    19.150000  -0.244981e-08  -0.382372e-08   9.575000  -0.125338e-07  -0.152138e-07
    19.200000  -0.237559e-08  -0.356282e-08   9.600000  -0.142481e-07  -0.170197e-07
    19.250000  -0.165823e-08  -0.243407e-08   9.625000  -0.158807e-07  -0.187847e-07
    19.300000  -0.488068e-09  -0.722492e-09   9.650000  -0.173906e-07  -0.204654e-07
    19.350000   0.836553e-09   0.114749e-08   9.675000  -0.187408e-07  -0.220208e-07
    19.400000   0.198336e-08   0.271724e-08   9.700000  -0.198986e-07  -0.234131e-07
    19.450000   0.266771e-08   0.360631e-08   9.725000  -0.208373e-07  -0.246091e-07
    19.500000   0.272165e-08   0.360456e-08   9.750000  -0.215360e-07  -0.255805e-07
    19.550000   0.213371e-08   0.272175e-08   9.775000  -0.219807e-07  -0.263056e-07
    19.600000   0.105005e-08   0.118279e-08   9.800000  -0.221645e-07  -0.267692e-07
    19.650000  -0.262933e-09  -0.629368e-09   9.825000  -0.220877e-07  -0.269633e-07
    19.700000  -0.148506e-08  -0.226902e-08   9.850000  -0.217579e-07  -0.268876e-07
    19.750000  -0.232122e-08  -0.333722e-08   9.875000  -0.211896e-07  -0.265493e-07
    19.800000  -0.257328e-08  -0.357877e-08   9.900000  -0.204039e-07  -0.259629e-07
    19.850000  -0.218758e-08  -0.294311e-08   9.925000  -0.194278e-07  -0.251504e-07
    19.900000  -0.126658e-08  -0.159456e-08   9.950000  -0.182937e-07  -0.241399e-07
    19.950000  -0.422466e-10   0.130026e-09   9.975000  -0.170379e-07  -0.229655e-07
    20.000000   0.118194e-08   0.180535e-08  10.000000  -0.157000e-07  -0.216660e-07
