     0.000000   0.109693e+00  -0.338147e-02   0.000000   0.100000e+01   0.000000e+00
     0.050000   0.109579e+00  -0.336358e-02   0.025000   0.996898e+00  -0.508673e-05
     0.100000   0.109237e+00  -0.331038e-02   0.050000   0.987636e+00  -0.201995e-04
     0.150000   0.108670e+00  -0.322337e-02   0.075000   0.972344e+00  -0.449001e-04
     0.200000   0.107883e+00  -0.310493e-02   0.100000   0.951235e+00  -0.784717e-04
     0.250000   0.106882e+00  -0.295827e-02   0.125000   0.924604e+00  -0.119939e-03
     0.300000   0.105676e+00  -0.278730e-02   0.150000   0.892816e+00  -0.168096e-03
     0.350000   0.104275e+00  -0.259645e-02   0.175000   0.856308e+00  -0.221537e-03
     0.400000   0.102691e+00  -0.239052e-02   0.200000   0.815573e+00  -0.278699e-03
     0.450000   0.100939e+00  -0.217447e-02   0.225000   0.771153e+00  -0.337904e-03
     0.500000   0.990363e-01  -0.195322e-02   0.250000   0.723633e+00  -0.397402e-03
     0.550000   0.970001e-01  -0.173148e-02   0.275000   0.673623e+00  -0.455425e-03
     0.600000   0.948504e-01  -0.151356e-02   0.300000   0.621755e+00  -0.510229e-03
     0.650000   0.926080e-01  -0.130326e-02   0.325000   0.568664e+00  -0.560148e-03
     0.700000   0.902945e-01  -0.110372e-02   0.350000   0.514985e+00  -0.603634e-03
     0.750000   0.879321e-01  -0.917399e-03   0.375000   0.461336e+00  -0.639300e-03
     0.800000   0.855431e-01  -0.746022e-03   0.400000   0.408310e+00  -0.665959e-03
     0.850000   0.831492e-01  -0.590609e-03   0.425000   0.356468e+00  -0.682652e-03
     0.900000   0.807717e-01  -0.451529e-03   0.450000   0.306328e+00  -0.688676e-03
     0.950000   0.784310e-01  -0.328588e-03   0.475000   0.258357e+00  -0.683599e-03
     1.000000   0.761459e-01  -0.221128e-03   0.500000   0.212970e+00  -0.667271e-03
     1.050000   0.739343e-01  -0.128150e-03   0.525000   0.170518e+00  -0.639826e-03
     1.100000   0.718121e-01  -0.484222e-04   0.550000   0.131293e+00  -0.601679e-03
     1.150000   0.697937e-01   0.194073e-04   0.575000   0.955169e-01  -0.553510e-03
     1.200000   0.678915e-01   0.767219e-04   0.600000   0.633494e-01  -0.496246e-03
     1.250000   0.661162e-01   0.124862e-03   0.625000   0.348831e-01  -0.431035e-03
     1.300000   0.644765e-01   0.165074e-03   0.650000   0.101481e-01  -0.359215e-03
     1.350000   0.629793e-01   0.198475e-03   0.675000  -0.108860e-01  -0.282275e-03
     1.400000   0.616294e-01   0.226039e-03   0.700000  -0.283052e-01  -0.201820e-03
     1.450000   0.604301e-01   0.248591e-03   0.725000  -0.422466e-01  -0.119526e-03
     1.500000   0.593826e-01   0.266816e-03   0.750000  -0.528925e-01  -0.370961e-04
     1.550000   0.584866e-01   0.281265e-03   0.775000  -0.604636e-01   0.437786e-04
     1.600000   0.577401e-01   0.292371e-03   0.800000  -0.652131e-01   0.121465e-03
     1.650000   0.571398e-01   0.300457e-03   0.825000  -0.674188e-01   0.194425e-03
     1.700000   0.566809e-01   0.305750e-03   0.850000  -0.673768e-01   0.261255e-03
     1.750000   0.563573e-01   0.308394e-03   0.875000  -0.653940e-01   0.320712e-03
     1.800000   0.561620e-01   0.308458e-03   0.900000  -0.617817e-01   0.371749e-03
     1.850000   0.560869e-01   0.305954e-03   0.925000  -0.568493e-01   0.413527e-03
     1.900000   0.561233e-01   0.300849e-03   0.950000  -0.508980e-01   0.445441e-03
     1.950000   0.562615e-01   0.293085e-03   0.975000  -0.442163e-01   0.467121e-03
     2.000000   0.564915e-01   0.282602e-03   1.000000  -0.370746e-01   0.478439e-03
     2.050000   0.568027e-01   0.269355e-03   1.025000  -0.297220e-01   0.479503e-03
     2.100000   0.571841e-01   0.253339e-03   1.050000  -0.223827e-01   0.470653e-03
     2.150000   0.576249e-01   0.234602e-03   1.075000  -0.152540e-01   0.452440e-03
     2.200000   0.581137e-01   0.213264e-03   1.100000  -0.850454e-02   0.425611e-03
     2.250000   0.586395e-01   0.189523e-03   1.125000  -0.227376e-02   0.391081e-03
     2.300000   0.591914e-01   0.163656e-03   1.150000   0.332848e-02   0.349911e-03
     2.350000   0.597588e-01   0.136014e-03   1.175000   0.822114e-02   0.303271e-03
     2.400000   0.603316e-01   0.107018e-03   1.200000   0.123509e-01   0.252412e-03
     2.450000   0.609000e-01   0.771362e-04   1.225000   0.156905e-01   0.198634e-03
     2.500000   0.614550e-01   0.468755e-04   1.250000   0.182363e-01   0.143248e-03
     2.550000   0.619883e-01   0.167577e-04   1.275000   0.200065e-01   0.875489e-04
     2.600000   0.624922e-01  -0.126971e-04   1.300000   0.210376e-01   0.327829e-04
     2.650000   0.629602e-01  -0.409876e-04   1.325000   0.213819e-01  -0.198811e-04
     2.700000   0.633862e-01  -0.676476e-04   1.350000   0.211045e-01  -0.693760e-04
     2.750000   0.637654e-01  -0.922592e-04   1.375000   0.202800e-01  -0.114758e-03
     2.800000   0.640938e-01  -0.114464e-03   1.400000   0.189900e-01  -0.155225e-03
     2.850000   0.643682e-01  -0.133973e-03   1.425000   0.173196e-01  -0.190128e-03
     2.900000   0.645866e-01  -0.150573e-03   1.450000   0.153555e-01  -0.218983e-03
     2.950000   0.647478e-01  -0.164132e-03   1.475000   0.131831e-01  -0.241471e-03
     3.000000   0.648515e-01  -0.174599e-03   1.500000   0.108844e-01  -0.257444e-03
     3.050000   0.648983e-01  -0.182008e-03   1.525000   0.853640e-02  -0.266915e-03
     3.100000   0.648898e-01  -0.186473e-03   1.550000   0.620933e-02  -0.270052e-03
     3.150000   0.648283e-01  -0.188180e-03   1.575000   0.396567e-02  -0.267168e-03
     3.200000   0.647167e-01  -0.187380e-03   1.600000   0.185914e-02  -0.258705e-03
     3.250000   0.645588e-01  -0.184380e-03   1.625000  -0.657536e-04  -0.245215e-03
     3.300000   0.643590e-01  -0.179524e-03   1.650000  -0.177402e-02  -0.227344e-03
     3.350000   0.641220e-01  -0.173181e-03   1.675000  -0.324013e-02  -0.205808e-03
     3.400000   0.638531e-01  -0.165734e-03   1.700000  -0.444770e-02  -0.181374e-03
     3.450000   0.635579e-01  -0.157560e-03   1.725000  -0.538907e-02  -0.154839e-03
     3.500000   0.632422e-01  -0.149020e-03   1.750000  -0.606457e-02  -0.127005e-03
     3.550000   0.629120e-01  -0.140452e-03   1.775000  -0.648168e-02  -0.986635e-04
     3.600000   0.625733e-01  -0.132162e-03   1.800000  -0.665414e-02  -0.705726e-04
     3.650000   0.622320e-01  -0.124420e-03   1.825000  -0.660094e-02  -0.434423e-04
     3.700000   0.618940e-01  -0.117459e-03   1.850000  -0.634522e-02  -0.179182e-04
     3.750000   0.615649e-01  -0.111479e-03   1.875000  -0.591327e-02   0.543043e-05
     3.800000   0.612499e-01  -0.106642e-03   1.900000  -0.533349e-02   0.261208e-04
     3.850000   0.609539e-01  -0.103081e-03   1.925000  -0.463537e-02   0.437638e-04
     3.900000   0.606815e-01  -0.100902e-03   1.950000  -0.384862e-02   0.580688e-04
     3.950000   0.604363e-01  -0.100182e-03   1.975000  -0.300235e-02   0.688447e-04
     4.000000   0.602218e-01  -0.100974e-03   2.000000  -0.212429e-02   0.759997e-04
     4.050000   0.600406e-01  -0.103306e-03   2.025000  -0.124024e-02   0.795376e-04
     4.100000   0.598947e-01  -0.107184e-03   2.050000  -0.373542e-03   0.795525e-04
     4.150000   0.597852e-01  -0.112588e-03   2.075000   0.455271e-03   0.762210e-04
     4.200000   0.597128e-01  -0.119475e-03   2.100000   0.122877e-02   0.697932e-04
     4.250000   0.596772e-01  -0.127779e-03   2.125000   0.193275e-02   0.605822e-04
     4.300000   0.596775e-01  -0.137411e-03   2.150000   0.255629e-02   0.489526e-04
     4.350000   0.597121e-01  -0.148258e-03   2.175000   0.309169e-02   0.353086e-04
     4.400000   0.597787e-01  -0.160188e-03   2.200000   0.353435e-02   0.200812e-04
     4.450000   0.598742e-01  -0.173050e-03   2.225000   0.388255e-02   0.371667e-05
     4.500000   0.599953e-01  -0.186672e-03   2.250000   0.413721e-02  -0.133361e-04
     4.550000   0.601377e-01  -0.200866e-03   2.275000   0.430154e-02  -0.306363e-04
     4.600000   0.602970e-01  -0.215425e-03   2.300000   0.438077e-02  -0.477619e-04
     4.650000   0.604680e-01  -0.230127e-03   2.325000   0.438172e-02  -0.643187e-04
     4.700000   0.606455e-01  -0.244731e-03   2.350000   0.431250e-02  -0.799483e-04
     4.750000   0.608237e-01  -0.258983e-03   2.375000   0.418208e-02  -0.943347e-04
     4.800000   0.609969e-01  -0.272617e-03   2.400000   0.400004e-02  -0.107209e-03
     4.850000   0.611590e-01  -0.285357e-03   2.425000   0.377616e-02  -0.118354e-03
     4.900000   0.613040e-01  -0.296924e-03   2.450000   0.352018e-02  -0.127605e-03
     4.950000   0.614259e-01  -0.307038e-03   2.475000   0.324153e-02  -0.134851e-03
     5.000000   0.615189e-01  -0.315434e-03   2.500000   0.294907e-02  -0.140033e-03
     5.050000   0.615771e-01  -0.321861e-03   2.525000   0.265100e-02  -0.143145e-03
     5.100000   0.615950e-01  -0.326096e-03   2.550000   0.235462e-02  -0.144227e-03
     5.150000   0.615674e-01  -0.327951e-03   2.575000   0.206629e-02  -0.143361e-03
     5.200000   0.614895e-01  -0.327276e-03   2.600000   0.179136e-02  -0.140671e-03
     5.250000   0.613565e-01  -0.323973e-03   2.625000   0.153413e-02  -0.136312e-03
     5.300000   0.611645e-01  -0.317988e-03   2.650000   0.129788e-02  -0.130465e-03
     5.350000   0.609097e-01  -0.309325e-03   2.675000   0.108486e-02  -0.123334e-03
     5.400000   0.605889e-01  -0.298033e-03   2.700000   0.896429e-03  -0.115137e-03
     5.450000   0.601993e-01  -0.284213e-03   2.725000   0.733060e-03  -0.106099e-03
     5.500000   0.597386e-01  -0.268010e-03   2.750000   0.594479e-03  -0.964486e-04
     5.550000   0.592052e-01  -0.249608e-03   2.775000   0.479757e-03  -0.864105e-04
     5.600000   0.585978e-01  -0.229224e-03   2.800000   0.387427e-03  -0.762016e-04
     5.650000   0.579158e-01  -0.207106e-03   2.825000   0.315597e-03  -0.660258e-04
     5.700000   0.571590e-01  -0.183519e-03   2.850000   0.262065e-03  -0.560708e-04
     5.750000   0.563277e-01  -0.158749e-03   2.875000   0.224426e-03  -0.465043e-04
     5.800000   0.554230e-01  -0.133089e-03   2.900000   0.200176e-03  -0.374719e-04
     5.850000   0.544462e-01  -0.106840e-03   2.925000   0.186801e-03  -0.290958e-04
     5.900000   0.533991e-01  -0.803037e-04   2.950000   0.181858e-03  -0.214733e-04
     5.950000   0.522842e-01  -0.537776e-04   2.975000   0.183043e-03  -0.146770e-04
     6.000000   0.511042e-01  -0.275518e-04   3.000000   0.188245e-03  -0.875480e-05
     6.050000   0.498624e-01  -0.190456e-05   3.025000   0.195589e-03  -0.373128e-05
     6.100000   0.485624e-01   0.229021e-04   3.050000   0.203464e-03   0.391135e-06
     6.150000   0.472083e-01   0.466260e-04   3.075000   0.210538e-03   0.363017e-05
     6.200000   0.458046e-01   0.690479e-04   3.100000   0.215767e-03   0.602147e-05
     6.250000   0.443559e-01   0.899745e-04   3.125000   0.218386e-03   0.761609e-05
     6.300000   0.428674e-01   0.109241e-03   3.150000   0.217896e-03   0.847792e-05
     6.350000   0.413446e-01   0.126711e-03   3.175000   0.214048e-03   0.868084e-05
     6.400000   0.397930e-01   0.142281e-03   3.200000   0.206809e-03   0.830607e-05
     6.450000   0.382185e-01   0.155875e-03   3.225000   0.196338e-03   0.743943e-05
     6.500000   0.366272e-01   0.167449e-03   3.250000   0.182950e-03   0.616883e-05
     6.550000   0.350251e-01   0.176985e-03   3.275000   0.167083e-03   0.458188e-05
     6.600000   0.334185e-01   0.184496e-03   3.300000   0.149260e-03   0.276377e-05
     6.650000   0.318136e-01   0.190018e-03   3.325000   0.130062e-03   0.795438e-06
     6.700000   0.302164e-01   0.193611e-03   3.350000   0.110093e-03  -0.124807e-05
     6.750000   0.286330e-01   0.195358e-03   3.375000   0.899522e-04  -0.329883e-05
     6.800000   0.270693e-01   0.195363e-03   3.400000   0.702111e-04  -0.529698e-05
     6.850000   0.255308e-01   0.193746e-03   3.425000   0.513929e-04  -0.719142e-05
     6.900000   0.240228e-01   0.190647e-03   3.450000   0.339557e-04  -0.894012e-05
     6.950000   0.225503e-01   0.186216e-03   3.475000   0.182811e-04  -0.105102e-04
     7.000000   0.211178e-01   0.180614e-03   3.500000   0.466578e-05  -0.118780e-04
     7.050000   0.197294e-01   0.174013e-03   3.525000  -0.668153e-05  -0.130280e-04
     7.100000   0.183887e-01   0.166584e-03   3.550000  -0.156407e-04  -0.139532e-04
     7.150000   0.170989e-01   0.158502e-03   3.575000  -0.221769e-04  -0.146536e-04
     7.200000   0.158626e-01   0.149934e-03   3.600000  -0.263347e-04  -0.151358e-04
     7.250000   0.146818e-01   0.141041e-03   3.625000  -0.282300e-04  -0.154117e-04
     7.300000   0.135581e-01   0.131973e-03   3.650000  -0.280401e-04  -0.154979e-04
     7.350000   0.124924e-01   0.122865e-03   3.675000  -0.259925e-04  -0.154144e-04
     7.400000   0.114853e-01   0.113836e-03   3.700000  -0.223533e-04  -0.151836e-04
     7.450000   0.105368e-01   0.104988e-03   3.725000  -0.174148e-04  -0.148297e-04
     7.500000   0.964633e-02   0.964052e-04   3.750000  -0.114841e-04  -0.143774e-04
     7.550000   0.881315e-02   0.881559e-04   3.775000  -0.487167e-05  -0.138512e-04
     7.600000   0.803599e-02   0.802919e-04   3.800000   0.211902e-05  -0.132750e-04
     7.650000   0.731332e-02   0.728513e-04   3.825000   0.920043e-05  -0.126710e-04
     7.700000   0.664332e-02   0.658601e-04   3.850000   0.161088e-04  -0.120596e-04
     7.750000   0.602394e-02   0.593338e-04   3.875000   0.226104e-04  -0.114587e-04
     7.800000   0.545296e-02   0.532787e-04   3.900000   0.285063e-04  -0.108837e-04
     7.850000   0.492800e-02   0.476941e-04   3.925000   0.336353e-04  -0.103475e-04
     7.900000   0.444661e-02   0.425726e-04   3.950000   0.378757e-04  -0.985965e-05
     7.950000   0.400626e-02   0.379013e-04   3.975000   0.411457e-04  -0.942743e-05
     8.000000   0.360441e-02   0.336627e-04   4.000000   0.434017e-04  -0.905521e-05
     8.050000   0.323852e-02   0.298351e-04   4.025000   0.446368e-04  -0.874496e-05
     8.100000   0.290609e-02   0.263938e-04   4.050000   0.448773e-04  -0.849641e-05
     8.150000   0.260468e-02   0.233114e-04   4.075000   0.441786e-04  -0.830732e-05
     8.200000   0.233192e-02   0.205594e-04   4.100000   0.426210e-04  -0.817383e-05
     8.250000   0.208553e-02   0.181085e-04   4.125000   0.403048e-04  -0.809073e-05
     8.300000   0.186336e-02   0.159301e-04   4.150000   0.373453e-04  -0.805183e-05
     8.350000   0.166334e-02   0.139970e-04   4.175000   0.338675e-04  -0.805027e-05
     8.400000   0.148355e-02   0.122838e-04   4.200000   0.300019e-04  -0.807877e-05
     8.450000   0.132217e-02   0.107675e-04   4.225000   0.258791e-04  -0.813000e-05
     8.500000   0.117751e-02   0.942777e-05   4.250000   0.216267e-04  -0.819674e-05
     8.550000   0.104800e-02   0.824637e-05   4.275000   0.173646e-04  -0.827214e-05
     8.600000   0.932192e-03   0.720718e-05   4.300000   0.132029e-04  -0.834989e-05
     8.650000   0.828742e-03   0.629563e-05   4.325000   0.923894e-05  -0.842435e-05
     8.700000   0.736422e-03   0.549831e-05   4.350000   0.555558e-05  -0.849063e-05
     8.750000   0.654107e-03   0.480262e-05   4.375000   0.222016e-05  -0.854468e-05
     8.800000   0.580773e-03   0.419665e-05   4.400000  -0.716201e-06  -0.858329e-05
     8.850000   0.515486e-03   0.366907e-05   4.425000  -0.321855e-05  -0.860409e-05
     8.900000   0.457403e-03   0.320933e-05   4.450000  -0.526767e-05  -0.860554e-05
     8.950000   0.405762e-03   0.280780e-05   4.475000  -0.685911e-05  -0.858680e-05
     9.000000   0.359873e-03   0.245602e-05   4.500000  -0.800194e-05  -0.854774e-05
     9.050000   0.319119e-03   0.214686e-05   4.525000  -0.871714e-05  -0.848881e-05
     9.100000   0.282942e-03   0.187456e-05   4.550000  -0.903580e-05  -0.841090e-05
     9.150000   0.250843e-03   0.163466e-05   4.575000  -0.899723e-05  -0.831533e-05
     9.200000   0.222372e-03   0.142374e-05   4.600000  -0.864692e-05  -0.820365e-05
     9.250000   0.197126e-03   0.123917e-05   4.625000  -0.803462e-05  -0.807761e-05
     9.300000   0.174746e-03   0.107871e-05   4.650000  -0.721236e-05  -0.793903e-05
     9.350000   0.154909e-03   0.940214e-06   4.675000  -0.623271e-05  -0.778975e-05
     9.400000   0.137327e-03   0.821442e-06   4.700000  -0.514710e-05  -0.763151e-05
     9.450000   0.121744e-03   0.719918e-06   4.725000  -0.400445e-05  -0.746595e-05
     9.500000   0.107935e-03   0.632991e-06   4.750000  -0.284990e-05  -0.729451e-05
     9.550000   0.956971e-04   0.557972e-06   4.775000  -0.172387e-05  -0.711846e-05
     9.600000   0.848532e-04   0.492347e-06   4.800000  -0.661337e-06  -0.693882e-05
     9.650000   0.752456e-04   0.433989e-06   4.825000   0.308678e-06  -0.675641e-05
     9.700000   0.667347e-04   0.381322e-06   4.850000   0.116333e-05  -0.657181e-05
     9.750000   0.591965e-04   0.333391e-06   4.875000   0.188602e-05  -0.638543e-05
     9.800000   0.525204e-04   0.289817e-06   4.900000   0.246620e-05  -0.619750e-05
     9.850000   0.466078e-04   0.250659e-06   4.925000   0.289907e-05  -0.600808e-05
     9.900000   0.413706e-04   0.216192e-06   4.950000   0.318512e-05  -0.581716e-05
     9.950000   0.367300e-04   0.186683e-06   4.975000   0.332950e-05  -0.562465e-05
    10.000000   0.326164e-04   0.162182e-06   5.000000   0.334140e-05  -0.543041e-05
    10.050000   0.289680e-04   0.142398e-06   5.025000   0.323328e-05  -0.523432e-05
    10.100000   0.257307e-04   0.126673e-06   5.050000   0.302017e-05  -0.503632e-05
    10.150000   0.228573e-04   0.114052e-06   5.075000   0.271888e-05  -0.483638e-05
    10.200000   0.203066e-04   0.103446e-06   5.100000   0.234730e-05  -0.463458e-05
    10.250000   0.180428e-04   0.938128e-07   5.125000   0.192369e-05  -0.443113e-05
    10.300000   0.160345e-04   0.843468e-07   5.150000   0.146611e-05  -0.422635e-05
    10.350000   0.142537e-04   0.746059e-07   5.175000   0.991803e-06  -0.402067e-05
    10.400000   0.126755e-04   0.645583e-07   5.200000   0.516784e-06  -0.381469e-05
    10.450000   0.112771e-04   0.545362e-07   5.225000   0.554351e-07  -0.360910e-05
    10.500000   0.100378e-04   0.451095e-07   5.250000  -0.379771e-06  -0.340473e-05
    10.550000   0.893854e-05   0.369122e-07   5.275000  -0.778468e-06  -0.320247e-05
    10.600000   0.796225e-05   0.304619e-07   5.300000  -0.113250e-05  -0.300332e-05
    10.650000   0.709374e-05   0.260152e-07   5.325000  -0.143597e-05  -0.280830e-05
    10.700000   0.631984e-05   0.234936e-07   5.350000  -0.168514e-05  -0.261846e-05
    10.750000   0.562941e-05   0.224920e-07   5.375000  -0.187838e-05  -0.243486e-05
    10.800000   0.501320e-05   0.223686e-07   5.400000  -0.201598e-05  -0.225851e-05
    10.850000   0.446358e-05   0.223901e-07   5.425000  -0.209990e-05  -0.209036e-05
    10.900000   0.397419e-05   0.218965e-07   5.450000  -0.213360e-05  -0.193128e-05
    10.950000   0.353948e-05   0.204465e-07   5.475000  -0.212172e-05  -0.178205e-05
    11.000000   0.315436e-05   0.179075e-07   5.500000  -0.206984e-05  -0.164331e-05
    11.050000   0.281386e-05   0.144712e-07   5.525000  -0.198417e-05  -0.151554e-05
    11.100000   0.251300e-05   0.105928e-07   5.550000  -0.187133e-05  -0.139910e-05
    11.150000   0.224679e-05   0.686857e-08   5.575000  -0.173806e-05  -0.129418e-05
    11.200000   0.201040e-05   0.388471e-08   5.600000  -0.159102e-05  -0.120079e-05
    11.250000   0.179936e-05   0.207179e-08   5.625000  -0.143656e-05  -0.111880e-05
    11.300000   0.160983e-05   0.160124e-08   5.650000  -0.128057e-05  -0.104792e-05
    11.350000   0.143877e-05   0.234639e-08   5.675000  -0.112834e-05  -0.987705e-06
    11.400000   0.128400e-05   0.391640e-08   5.700000  -0.984433e-06  -0.937580e-06
    11.450000   0.114415e-05   0.575304e-08   5.725000  -0.852646e-06  -0.896851e-06
    11.500000   0.101841e-05   0.726570e-08   5.750000  -0.735946e-06  -0.864726e-06
    11.550000   0.906341e-06   0.797151e-08   5.775000  -0.636472e-06  -0.840327e-06
    11.600000   0.807470e-06   0.760680e-08   5.800000  -0.555550e-06  -0.822722e-06
    11.650000   0.721098e-06   0.618383e-08   5.825000  -0.493741e-06  -0.810934e-06
    11.700000   0.646130e-06   0.398027e-08   5.850000  -0.450896e-06  -0.803973e-06
    11.750000   0.581062e-06   0.146551e-08   5.875000  -0.426244e-06  -0.800850e-06
    11.800000   0.524097e-06  -0.817310e-09   5.900000  -0.418473e-06  -0.800601e-06
    11.850000   0.473364e-06  -0.238441e-08   5.925000  -0.425837e-06  -0.802301e-06
    11.900000   0.427167e-06  -0.292723e-08   5.950000  -0.446255e-06  -0.805084e-06
    11.950000   0.384221e-06  -0.238375e-08   5.975000  -0.477412e-06  -0.808156e-06
    12.000000   0.343797e-06  -0.949061e-09   6.000000  -0.516864e-06  -0.810803e-06
    12.050000   0.305746e-06   0.976182e-09   6.025000  -0.562124e-06  -0.812407e-06
    12.100000   0.270399e-06   0.288566e-08   6.050000  -0.610755e-06  -0.812444e-06
    12.150000   0.238366e-06   0.429078e-08   6.075000  -0.660441e-06  -0.810494e-06
    12.200000   0.210279e-06   0.483744e-08   6.100000  -0.709050e-06  -0.806239e-06
    12.250000   0.186549e-06   0.438813e-08   6.125000  -0.754688e-06  -0.799462e-06
    12.300000   0.167187e-06   0.305043e-08   6.150000  -0.795736e-06  -0.790043e-06
    12.350000   0.151737e-06   0.114609e-08   6.175000  -0.830875e-06  -0.777952e-06
    12.400000   0.139330e-06  -0.870910e-09   6.200000  -0.859102e-06  -0.763246e-06
    12.450000   0.128847e-06  -0.252633e-08   6.225000  -0.879726e-06  -0.746053e-06
    12.500000   0.119144e-06  -0.344054e-08   6.250000  -0.892369e-06  -0.726567e-06
    12.550000   0.109288e-06  -0.341827e-08   6.275000  -0.896940e-06  -0.705037e-06
    12.600000   0.987388e-07  -0.249242e-08   6.300000  -0.893614e-06  -0.681753e-06
    12.650000   0.874422e-07  -0.911949e-09   6.325000  -0.882800e-06  -0.657035e-06
    12.700000   0.758001e-07   0.921968e-09   6.350000  -0.865109e-06  -0.631225e-06
    12.750000   0.645383e-07   0.255530e-08   6.375000  -0.841308e-06  -0.604670e-06
    12.800000   0.544979e-07   0.359147e-08   6.400000  -0.812288e-06  -0.577720e-06
    12.850000   0.464051e-07   0.378585e-08   6.425000  -0.779021e-06  -0.550710e-06
    12.900000   0.406756e-07   0.310188e-08   6.450000  -0.742520e-06  -0.523959e-06
    12.950000   0.372987e-07   0.171614e-08   6.475000  -0.703807e-06  -0.497758e-06
    13.000000   0.358304e-07  -0.281600e-10   6.500000  -0.663878e-06  -0.472368e-06
    13.050000   0.354936e-07  -0.170690e-08   6.525000  -0.623674e-06  -0.448012e-06
    13.100000   0.353599e-07  -0.291891e-08   6.550000  -0.584057e-06  -0.424875e-06
    13.150000   0.345664e-07  -0.338235e-08   6.575000  -0.545792e-06  -0.403101e-06
    13.200000   0.325153e-07  -0.300072e-08   6.600000  -0.509533e-06  -0.382793e-06
    13.250000   0.290064e-07  -0.188296e-08   6.625000  -0.475810e-06  -0.364011e-06
    13.300000   0.242717e-07  -0.313677e-09   6.650000  -0.445030e-06  -0.346778e-06
    13.350000   0.189046e-07   0.131854e-08   6.675000  -0.417472e-06  -0.331080e-06
    13.400000   0.137031e-07   0.261671e-08   6.700000  -0.393294e-06  -0.316872e-06
    13.450000   0.946608e-08   0.327139e-08   6.725000  -0.372538e-06  -0.304076e-06
    13.500000   0.679255e-08   0.313397e-08   6.750000  -0.355142e-06  -0.292593e-06
    13.550000   0.593358e-08   0.224983e-08   6.775000  -0.340953e-06  -0.282305e-06
    13.600000   0.673172e-08   0.844179e-09   6.800000  -0.329738e-06  -0.273076e-06
    13.650000   0.866145e-08  -0.735368e-09   6.825000  -0.321204e-06  -0.264764e-06
    13.700000   0.109593e-07  -0.210477e-08   6.850000  -0.315011e-06  -0.257220e-06
    13.750000   0.128105e-07  -0.293698e-08   6.875000  -0.310785e-06  -0.250297e-06
    13.800000   0.135459e-07  -0.304006e-08   6.900000  -0.308141e-06  -0.243850e-06
    13.850000   0.128006e-07  -0.240140e-08   6.925000  -0.306688e-06  -0.237742e-06
    13.900000   0.105964e-07  -0.118790e-08   6.950000  -0.306048e-06  -0.231849e-06
    13.950000   0.732923e-08   0.297247e-09   6.975000  -0.305863e-06  -0.226058e-06
    14.000000   0.366508e-08   0.169001e-08   7.000000  -0.305809e-06  -0.220272e-06
    14.050000   0.372132e-09   0.265451e-08   7.025000  -0.305597e-06  -0.214412e-06
    14.100000  -0.186966e-08   0.296380e-08   7.050000  -0.304983e-06  -0.208415e-06
    14.150000  -0.263467e-08   0.255301e-08   7.075000  -0.303770e-06  -0.202237e-06
    14.200000  -0.185315e-08   0.153257e-08   7.100000  -0.301808e-06  -0.195852e-06
    14.250000   0.175670e-09   0.158725e-09   7.125000  -0.298997e-06  -0.189247e-06
    14.300000   0.286076e-08  -0.123069e-08   7.150000  -0.295281e-06  -0.182428e-06
    14.350000   0.546671e-08  -0.229924e-08   7.175000  -0.290647e-06  -0.175412e-06
    14.400000   0.729448e-08  -0.279327e-08   7.200000  -0.285119e-06  -0.168228e-06
    14.450000   0.785084e-08  -0.260202e-08   7.225000  -0.278756e-06  -0.160915e-06
    14.500000   0.696530e-08  -0.178232e-08   7.250000  -0.271643e-06  -0.153518e-06
    14.550000   0.482682e-08  -0.542267e-09   7.275000  -0.263887e-06  -0.146086e-06
    14.600000   0.193226e-08   0.811401e-09   7.300000  -0.255608e-06  -0.138672e-06
    14.650000  -0.103950e-08   0.194901e-08   7.325000  -0.246936e-06  -0.131328e-06
    14.700000  -0.339613e-08   0.259813e-08   7.350000  -0.238004e-06  -0.124106e-06
    14.750000  -0.460139e-08   0.260865e-08   7.375000  -0.228941e-06  -0.117051e-06
    14.800000  -0.440426e-08   0.198737e-08   7.400000  -0.219870e-06  -0.110205e-06
    14.850000  -0.289670e-08   0.894024e-09   7.425000  -0.210904e-06  -0.103604e-06
    14.900000  -0.486936e-09  -0.399623e-09   7.450000  -0.202140e-06  -0.972750e-07
    14.950000   0.220418e-08  -0.157721e-08   7.475000  -0.193661e-06  -0.912386e-07
    15.000000   0.449728e-08  -0.235508e-08   7.500000  -0.185529e-06  -0.855062e-07
    15.050000   0.582085e-08  -0.255049e-08   7.525000  -0.177790e-06  -0.800815e-07
    15.100000   0.584920e-08  -0.212445e-08   7.550000  -0.170472e-06  -0.749603e-07
    15.150000   0.457853e-08  -0.118914e-08   7.575000  -0.163585e-06  -0.701313e-07
    15.200000   0.232355e-08   0.214549e-10   7.600000  -0.157122e-06  -0.655767e-07
    15.250000  -0.363615e-09   0.120992e-08   7.625000  -0.151064e-06  -0.612737e-07
    15.300000  -0.283140e-08   0.208840e-08   7.650000  -0.145379e-06  -0.571955e-07
    15.350000  -0.448919e-08   0.244822e-08   7.675000  -0.140028e-06  -0.533122e-07
    15.400000  -0.495082e-08   0.220937e-08   7.700000  -0.134964e-06  -0.495930e-07
    15.450000  -0.412630e-08   0.143807e-08   7.725000  -0.130137e-06  -0.460066e-07
    15.500000  -0.224005e-08   0.328737e-09   7.750000  -0.125497e-06  -0.425234e-07
    15.550000   0.227835e-09  -0.844936e-09   7.775000  -0.120997e-06  -0.391159e-07
    15.600000   0.266189e-08  -0.179740e-08   7.800000  -0.116591e-06  -0.357606e-07
    15.650000   0.446325e-08  -0.230067e-08   7.825000  -0.112241e-06  -0.324383e-07
    15.700000   0.519548e-08  -0.223879e-08   7.850000  -0.107919e-06  -0.291350e-07
    15.750000   0.468909e-08  -0.163444e-08   7.875000  -0.103603e-06  -0.258428e-07
    15.800000   0.307946e-08  -0.641579e-09   7.900000  -0.992820e-07  -0.225596e-07
    15.850000   0.769992e-09   0.493667e-09   7.925000  -0.949541e-07  -0.192896e-07
    15.900000  -0.166978e-08   0.149394e-08   7.950000  -0.906281e-07  -0.160432e-07
    15.950000  -0.364528e-08   0.211831e-08   7.975000  -0.863219e-07  -0.128362e-07
    16.000000  -0.468234e-08   0.222027e-08   8.000000  -0.820615e-07  -0.968949e-08
    16.050000  -0.454153e-08   0.178200e-08   8.025000  -0.778802e-07  -0.662835e-08
    16.100000  -0.327366e-08   0.916968e-09   8.050000  -0.738168e-07  -0.368129e-08
    16.150000  -0.120392e-08  -0.159258e-09   8.075000  -0.699138e-07  -0.879090e-09
    16.200000   0.115091e-08  -0.118270e-08   8.100000  -0.662159e-07   0.174638e-08
    16.250000   0.321087e-08  -0.190563e-08   8.125000  -0.627677e-07   0.416337e-08
    16.300000   0.447518e-08  -0.215647e-08   8.150000  -0.596121e-07   0.634154e-08
    16.350000   0.464348e-08  -0.188044e-08   8.175000  -0.567883e-07   0.825310e-08
    16.400000   0.368672e-08  -0.115134e-08   8.200000  -0.543299e-07   0.987403e-08
    16.450000   0.185098e-08  -0.152011e-09   8.225000  -0.522641e-07   0.111851e-07
    16.500000  -0.405923e-09   0.871457e-09   8.250000  -0.506096e-07   0.121728e-07
    16.550000  -0.252874e-08   0.167025e-08   8.275000  -0.493761e-07   0.128302e-07
    16.600000  -0.400147e-08   0.205325e-08   8.300000  -0.485637e-07   0.131571e-07
    16.650000  -0.447291e-08   0.193273e-08   8.325000  -0.481623e-07   0.131610e-07
    16.700000  -0.384036e-08   0.134429e-08   8.350000  -0.481516e-07   0.128569e-07
    16.750000  -0.227186e-08   0.436720e-09   8.375000  -0.485016e-07   0.122671e-07
    16.800000  -0.161874e-09  -0.565564e-09   8.400000  -0.491732e-07   0.114209e-07
    16.850000   0.196758e-08  -0.141795e-08   8.425000  -0.501191e-07   0.103545e-07
    16.900000   0.359588e-08  -0.191526e-08   8.450000  -0.512849e-07   0.910947e-08
    16.950000   0.433087e-08  -0.194110e-08   8.475000  -0.526108e-07   0.773243e-08
    17.000000   0.400310e-08  -0.149501e-08   8.500000  -0.540329e-07   0.627360e-08
    17.050000   0.270457e-08  -0.691157e-09   8.525000  -0.554851e-07   0.478564e-08
    17.100000   0.763262e-09   0.270788e-09   8.550000  -0.569010e-07   0.332226e-08
    17.150000  -0.133965e-08   0.115519e-08   8.575000  -0.582156e-07   0.193685e-08
    17.200000  -0.308906e-08   0.174813e-08   8.600000  -0.593669e-07   0.680982e-09
    17.250000  -0.406203e-08   0.190906e-08   8.625000  -0.602981e-07  -0.396944e-09
    17.300000  -0.403002e-08   0.160410e-08   8.650000  -0.609585e-07  -0.125309e-08
    17.350000  -0.301243e-08   0.912973e-09   8.675000  -0.613057e-07  -0.184939e-08
    17.400000  -0.126908e-08   0.824690e-11   8.700000  -0.613058e-07  -0.215468e-08
    17.450000   0.765992e-09  -0.887663e-09   8.725000  -0.609353e-07  -0.214556e-08
    17.500000   0.259241e-08  -0.155714e-08   8.750000  -0.601807e-07  -0.180718e-08
    17.550000   0.376641e-08  -0.184016e-08   8.775000  -0.590398e-07  -0.113365e-08
    17.600000   0.400850e-08  -0.167252e-08   8.800000  -0.575208e-07  -0.128305e-09
    17.650000   0.326986e-08  -0.110028e-08   8.825000  -0.556428e-07   0.119632e-08
    17.700000   0.174172e-08  -0.267286e-09   8.850000  -0.534345e-07   0.281877e-08
    17.750000  -0.194094e-09   0.620926e-09   8.875000  -0.509340e-07   0.470924e-08
    17.800000  -0.206041e-08   0.134781e-08   8.900000  -0.481872e-07   0.683030e-08
    17.850000  -0.340230e-08   0.173853e-08   8.925000  -0.452467e-07   0.913791e-08
    17.900000  -0.389792e-08   0.170202e-08   8.950000  -0.421705e-07   0.115826e-07
    17.950000  -0.343558e-08   0.125209e-08   8.975000  -0.390198e-07   0.141109e-07
    18.000000  -0.213872e-08   0.502886e-09   9.000000  -0.358580e-07   0.166665e-07
    18.050000  -0.333202e-09  -0.359992e-09   9.025000  -0.327486e-07   0.191923e-07
    18.100000   0.153449e-08  -0.112545e-08   9.050000  -0.297533e-07   0.216313e-07
    18.150000   0.300753e-08  -0.160847e-08   9.075000  -0.269309e-07   0.239289e-07
    18.200000   0.373043e-08  -0.169483e-08   9.100000  -0.243353e-07   0.260338e-07
    18.250000   0.353472e-08  -0.136802e-08   9.125000  -0.220143e-07   0.278995e-07
    18.300000   0.247805e-08  -0.712193e-09   9.150000  -0.200086e-07   0.294859e-07
    18.350000   0.827697e-09   0.109465e-09   9.175000  -0.183504e-07   0.307598e-07
    18.400000  -0.100697e-08   0.895268e-09   9.200000  -0.170631e-07   0.316964e-07
    18.450000  -0.257595e-08   0.145451e-08   9.225000  -0.161607e-07   0.322791e-07
    18.500000  -0.349893e-08   0.165371e-08   9.250000  -0.156475e-07   0.325008e-07
    18.550000  -0.355737e-08   0.144842e-08   9.275000  -0.155183e-07   0.323631e-07
    18.600000  -0.274617e-08   0.893066e-09   9.300000  -0.157589e-07   0.318768e-07
    18.650000  -0.127265e-08   0.126599e-09   9.325000  -0.163462e-07   0.310611e-07
    18.700000   0.496348e-09  -0.662216e-09   9.350000  -0.172497e-07   0.299433e-07
    18.750000   0.212567e-08  -0.128125e-08   9.375000  -0.184320e-07   0.285574e-07
    18.800000   0.321885e-08  -0.158179e-08   9.400000  -0.198499e-07   0.269437e-07
    18.850000   0.351450e-08  -0.149419e-08   9.425000  -0.214563e-07   0.251469e-07
    18.900000   0.294872e-08  -0.104400e-08   9.450000  -0.232010e-07   0.232154e-07
    18.950000   0.166862e-08  -0.344669e-09   9.475000  -0.250321e-07   0.211994e-07
    19.000000  -0.575877e-11   0.430953e-09   9.500000  -0.268980e-07   0.191499e-07
    19.050000  -0.166141e-08   0.109334e-08   9.525000  -0.287481e-07   0.171169e-07
    19.100000  -0.289417e-08   0.148255e-08   9.550000  -0.305344e-07   0.151485e-07
    19.150000  -0.340731e-08   0.150681e-08   9.575000  -0.322129e-07   0.132891e-07
    19.200000  -0.308289e-08   0.116412e-08   9.600000  -0.337440e-07   0.115787e-07
    19.250000  -0.200872e-08   0.541788e-09   9.625000  -0.350940e-07   0.100517e-07
    19.300000  -0.454788e-09  -0.205784e-09   9.650000  -0.362353e-07   0.873650e-08
    19.350000   0.119448e-08  -0.895349e-09   9.675000  -0.371473e-07   0.765442e-08
    19.400000   0.253529e-08  -0.135971e-08   9.700000  -0.378161e-07   0.681976e-08
    19.450000   0.324328e-08  -0.148824e-08   9.725000  -0.382350e-07   0.623955e-08
    19.500000   0.315192e-08  -0.125319e-08   9.750000  -0.384041e-07   0.591366e-08
    19.550000   0.229156e-08  -0.715567e-09   9.775000  -0.383301e-07   0.583516e-08
    19.600000   0.880068e-09  -0.938370e-11   9.800000  -0.380256e-07   0.599080e-08
    19.650000  -0.732288e-09   0.691728e-09   9.825000  -0.375086e-07   0.636172e-08
    19.700000  -0.214969e-08   0.121717e-08   9.850000  -0.368015e-07   0.692425e-08
    19.750000  -0.302787e-08   0.144088e-08   9.875000  -0.359304e-07   0.765089e-08
    19.800000  -0.315770e-08   0.131151e-08   9.900000  -0.349241e-07   0.851131e-08
    19.850000  -0.251488e-08   0.864194e-09   9.925000  -0.338130e-07   0.947338e-08
    19.900000  -0.126406e-08   0.211081e-09   9.950000  -0.326283e-07   0.105043e-07
    19.950000   0.283231e-09  -0.486734e-09   9.975000  -0.314010e-07   0.115715e-07
    20.000000   0.174615e-08  -0.105892e-08  10.000000  -0.301609e-07   0.126439e-07
