     0.000000   0.719593e-01  -0.616566e-03   0.000000   0.100000e+01   0.000000e+00
     0.050000   0.719347e-01  -0.615160e-03   0.025000   0.996883e+00  -0.659447e-05
     0.100000   0.718611e-01  -0.610956e-03   0.050000   0.987577e+00  -0.261830e-04
     0.150000   0.717388e-01  -0.603994e-03   0.075000   0.972212e+00  -0.581864e-04
     0.200000   0.715687e-01  -0.594338e-03   0.100000   0.951004e+00  -0.101657e-03
     0.250000   0.713518e-01  -0.582075e-03   0.125000   0.924248e+00  -0.155307e-03
     0.300000   0.710896e-01  -0.567310e-03   0.150000   0.892314e+00  -0.217539e-03
     0.350000   0.707837e-01  -0.550169e-03   0.175000   0.855640e+00  -0.286498e-03
     0.400000   0.704363e-01  -0.530788e-03   0.200000   0.814723e+00  -0.360118e-03
     0.450000   0.700499e-01  -0.509318e-03   0.225000   0.770109e+00  -0.436178e-03
     0.500000   0.696274e-01  -0.485919e-03   0.250000   0.722385e+00  -0.512369e-03
     0.550000   0.691720e-01  -0.460758e-03   0.275000   0.672167e+00  -0.586352e-03
     0.600000   0.686871e-01  -0.434011e-03   0.300000   0.620089e+00  -0.655827e-03
     0.650000   0.681765e-01  -0.405862e-03   0.325000   0.566791e+00  -0.718592e-03
     0.700000   0.676442e-01  -0.376502e-03   0.350000   0.512909e+00  -0.772607e-03
     0.750000   0.670940e-01  -0.346129e-03   0.375000   0.459066e+00  -0.816046e-03
     0.800000   0.665302e-01  -0.314951e-03   0.400000   0.405858e+00  -0.847349e-03
     0.850000   0.659570e-01  -0.283182e-03   0.425000   0.353846e+00  -0.865264e-03
     0.900000   0.653784e-01  -0.251041e-03   0.450000   0.303551e+00  -0.868877e-03
     0.950000   0.647987e-01  -0.218753e-03   0.475000   0.255443e+00  -0.857641e-03
     1.000000   0.642217e-01  -0.186546e-03   0.500000   0.209934e+00  -0.831385e-03
     1.050000   0.636515e-01  -0.154645e-03   0.525000   0.167379e+00  -0.790322e-03
     1.100000   0.630918e-01  -0.123271e-03   0.550000   0.128067e+00  -0.735040e-03
     1.150000   0.625462e-01  -0.926392e-04   0.575000   0.922220e-01  -0.666485e-03
     1.200000   0.620183e-01  -0.629513e-04   0.600000   0.600018e-01  -0.585937e-03
     1.250000   0.615112e-01  -0.343964e-04   0.625000   0.314982e-01  -0.494974e-03
     1.300000   0.610280e-01  -0.714732e-05   0.650000   0.674018e-02  -0.395431e-03
     1.350000   0.605715e-01   0.186417e-04   0.675000  -0.143039e-01  -0.289350e-03
     1.400000   0.601440e-01   0.428356e-04   0.700000  -0.317214e-01  -0.178928e-03
     1.450000   0.597479e-01   0.653193e-04   0.725000  -0.456509e-01  -0.664625e-04
     1.500000   0.593850e-01   0.859979e-04   0.750000  -0.562755e-01   0.457117e-04
     1.550000   0.590566e-01   0.104796e-03   0.775000  -0.638175e-01   0.155277e-03
     1.600000   0.587640e-01   0.121659e-03   0.800000  -0.685305e-01   0.259992e-03
     1.650000   0.585078e-01   0.136549e-03   0.825000  -0.706934e-01   0.357745e-03
     1.700000   0.582884e-01   0.149449e-03   0.850000  -0.706024e-01   0.446606e-03
     1.750000   0.581058e-01   0.160359e-03   0.875000  -0.685649e-01   0.524867e-03
     1.800000   0.579597e-01   0.169297e-03   0.900000  -0.648920e-01   0.591084e-03
     1.850000   0.578494e-01   0.176295e-03   0.925000  -0.598928e-01   0.644108e-03
     1.900000   0.577738e-01   0.181404e-03   0.950000  -0.538683e-01   0.683103e-03
     1.950000   0.577316e-01   0.184689e-03   0.975000  -0.471060e-01   0.707563e-03
     2.000000   0.577211e-01   0.186226e-03   1.000000  -0.398759e-01   0.717319e-03
     2.050000   0.577405e-01   0.186108e-03   1.025000  -0.324262e-01   0.712532e-03
     2.100000   0.577876e-01   0.184434e-03   1.050000  -0.249802e-01   0.693684e-03
     2.150000   0.578602e-01   0.181314e-03   1.075000  -0.177347e-01   0.661558e-03
     2.200000   0.579556e-01   0.176865e-03   1.100000  -0.108577e-01   0.617213e-03
     2.250000   0.580713e-01   0.171211e-03   1.125000  -0.448816e-02   0.561948e-03
     2.300000   0.582044e-01   0.164480e-03   1.150000   0.126424e-02   0.497269e-03
     2.350000   0.583522e-01   0.156801e-03   1.175000   0.631837e-02   0.424847e-03
     2.400000   0.585117e-01   0.148308e-03   1.200000   0.106205e-01   0.346471e-03
     2.450000   0.586802e-01   0.139131e-03   1.225000   0.141426e-01   0.264003e-03
     2.500000   0.588549e-01   0.129402e-03   1.250000   0.168802e-01   0.179333e-03
     2.550000   0.590329e-01   0.119249e-03   1.275000   0.188497e-01   0.943347e-04
     2.600000   0.592119e-01   0.108796e-03   1.300000   0.200861e-01   0.108187e-04
     2.650000   0.593893e-01   0.981634e-04   1.325000   0.206396e-01  -0.695046e-04
     2.700000   0.595630e-01   0.874613e-04   1.350000   0.205729e-01  -0.145063e-03
     2.750000   0.597308e-01   0.767937e-04   1.375000   0.199582e-01  -0.214453e-03
     2.800000   0.598910e-01   0.662539e-04   1.400000   0.188741e-01  -0.276468e-03
     2.850000   0.600420e-01   0.559249e-04   1.425000   0.174032e-01  -0.330116e-03
     2.900000   0.601827e-01   0.458772e-04   1.450000   0.156290e-01  -0.374636e-03
     2.950000   0.603119e-01   0.361688e-04   1.475000   0.136341e-01  -0.409504e-03
     3.000000   0.604290e-01   0.268437e-04   1.500000   0.114978e-01  -0.434439e-03
     3.050000   0.605335e-01   0.179315e-04   1.525000   0.929450e-02  -0.449396e-03
     3.100000   0.606253e-01   0.944619e-05   1.550000   0.709202e-02  -0.454553e-03
     3.150000   0.607047e-01   0.138580e-05   1.575000   0.495078e-02  -0.450306e-03
     3.200000   0.607719e-01  -0.626858e-05   1.600000   0.292281e-02  -0.437239e-03
     3.250000   0.608277e-01  -0.135532e-04   1.625000   0.105130e-02  -0.416110e-03
     3.300000   0.608731e-01  -0.205221e-04   1.650000  -0.629634e-03  -0.387817e-03
     3.350000   0.609092e-01  -0.272467e-04   1.675000  -0.209485e-02  -0.353376e-03
     3.400000   0.609373e-01  -0.338150e-04   1.700000  -0.332793e-02  -0.313890e-03
     3.450000   0.609590e-01  -0.403307e-04   1.725000  -0.432064e-02  -0.270514e-03
     3.500000   0.609759e-01  -0.469104e-04   1.750000  -0.507229e-02  -0.224433e-03
     3.550000   0.609897e-01  -0.536813e-04   1.775000  -0.558891e-02  -0.176824e-03
     3.600000   0.610021e-01  -0.607782e-04   1.800000  -0.588238e-02  -0.128835e-03
     3.650000   0.610151e-01  -0.683392e-04   1.825000  -0.596941e-02  -0.815576e-04
     3.700000   0.610304e-01  -0.765026e-04   1.850000  -0.587059e-02  -0.360036e-04
     3.750000   0.610498e-01  -0.854028e-04   1.875000  -0.560938e-02   0.691370e-05
     3.800000   0.610748e-01  -0.951668e-04   1.900000  -0.521115e-02   0.463956e-04
     3.850000   0.611071e-01  -0.105911e-03   1.925000  -0.470223e-02   0.817702e-04
     3.900000   0.611479e-01  -0.117739e-03   1.950000  -0.410910e-02   0.112501e-03
     3.950000   0.611983e-01  -0.130737e-03   1.975000  -0.345765e-02   0.138190e-03
     4.000000   0.612594e-01  -0.144973e-03   2.000000  -0.277245e-02   0.158582e-03
     4.050000   0.613315e-01  -0.160494e-03   2.025000  -0.207631e-02   0.173559e-03
     4.100000   0.614151e-01  -0.177321e-03   2.050000  -0.138972e-02   0.183136e-03
     4.150000   0.615101e-01  -0.195448e-03   2.075000  -0.730640e-03   0.187452e-03
     4.200000   0.616160e-01  -0.214841e-03   2.100000  -0.114200e-03   0.186759e-03
     4.250000   0.617322e-01  -0.235430e-03   2.125000   0.447366e-03   0.181408e-03
     4.300000   0.618574e-01  -0.257110e-03   2.150000   0.944756e-03   0.171837e-03
     4.350000   0.619902e-01  -0.279738e-03   2.175000   0.137153e-02   0.158550e-03
     4.400000   0.621288e-01  -0.303134e-03   2.200000   0.172395e-02   0.142107e-03
     4.450000   0.622709e-01  -0.327077e-03   2.225000   0.200080e-02   0.123101e-03
     4.500000   0.624140e-01  -0.351307e-03   2.250000   0.220313e-02   0.102146e-03
     4.550000   0.625551e-01  -0.375534e-03   2.275000   0.233395e-02   0.798594e-04
     4.600000   0.626912e-01  -0.399434e-03   2.300000   0.239791e-02   0.568471e-04
     4.650000   0.628189e-01  -0.422658e-03   2.325000   0.240100e-02   0.336898e-04
     4.700000   0.629344e-01  -0.444839e-03   2.350000   0.235022e-02   0.109314e-04
     4.750000   0.630339e-01  -0.465596e-03   2.375000   0.225323e-02  -0.109315e-04
     4.800000   0.631136e-01  -0.484545e-03   2.400000   0.211808e-02  -0.314579e-04
     4.850000   0.631692e-01  -0.501303e-03   2.425000   0.195292e-02  -0.502692e-04
     4.900000   0.631967e-01  -0.515497e-03   2.450000   0.176576e-02  -0.670533e-04
     4.950000   0.631919e-01  -0.526774e-03   2.475000   0.156423e-02  -0.815671e-04
     5.000000   0.631507e-01  -0.534805e-03   2.500000   0.135543e-02  -0.936378e-04
     5.050000   0.630693e-01  -0.539299e-03   2.525000   0.114578e-02  -0.103161e-03
     5.100000   0.629436e-01  -0.540005e-03   2.550000   0.940901e-03  -0.110098e-03
     5.150000   0.627700e-01  -0.536726e-03   2.575000   0.745574e-03  -0.114474e-03
     5.200000   0.625451e-01  -0.529323e-03   2.600000   0.563675e-03  -0.116369e-03
     5.250000   0.622657e-01  -0.517724e-03   2.625000   0.398192e-03  -0.115914e-03
     5.300000   0.619289e-01  -0.501931e-03   2.650000   0.251240e-03  -0.113284e-03
     5.350000   0.615321e-01  -0.482019e-03   2.675000   0.124112e-03  -0.108690e-03
     5.400000   0.610731e-01  -0.458143e-03   2.700000   0.173416e-04  -0.102371e-03
     5.450000   0.605501e-01  -0.430535e-03   2.725000  -0.692094e-04  -0.945874e-04
     5.500000   0.599617e-01  -0.399496e-03   2.750000  -0.136264e-03  -0.856107e-04
     5.550000   0.593068e-01  -0.365396e-03   2.775000  -0.185030e-03  -0.757189e-04
     5.600000   0.585850e-01  -0.328658e-03   2.800000  -0.217096e-03  -0.651886e-04
     5.650000   0.577961e-01  -0.289754e-03   2.825000  -0.234337e-03  -0.542881e-04
     5.700000   0.569405e-01  -0.249185e-03   2.850000  -0.238808e-03  -0.432726e-04
     5.750000   0.560190e-01  -0.207476e-03   2.875000  -0.232665e-03  -0.323788e-04
     5.800000   0.550329e-01  -0.165156e-03   2.900000  -0.218073e-03  -0.218217e-04
     5.850000   0.539839e-01  -0.122753e-03   2.925000  -0.197143e-03  -0.117906e-04
     5.900000   0.528740e-01  -0.807792e-04   2.950000  -0.171864e-03  -0.244755e-05
     5.950000   0.517060e-01  -0.397216e-04   2.975000  -0.144059e-03   0.607410e-05
     6.000000   0.504826e-01  -0.358124e-07   3.000000  -0.115347e-03   0.136705e-04
     6.050000   0.492072e-01   0.378627e-04   3.025000  -0.871150e-04   0.202669e-04
     6.100000   0.478834e-01   0.736039e-04   3.050000  -0.605084e-04   0.258168e-04
     6.150000   0.465152e-01   0.106868e-03   3.075000  -0.364219e-04   0.303006e-04
     6.200000   0.451068e-01   0.137392e-03   3.100000  -0.155063e-04   0.337234e-04
     6.250000   0.436625e-01   0.164968e-03   3.125000   0.181933e-05   0.361130e-04
     6.300000   0.421872e-01   0.189449e-03   3.150000   0.153498e-04   0.375166e-04
     6.350000   0.406856e-01   0.210749e-03   3.175000   0.250696e-04   0.379988e-04
     6.400000   0.391629e-01   0.228840e-03   3.200000   0.311265e-04   0.376375e-04
     6.450000   0.376240e-01   0.243751e-03   3.225000   0.338020e-04   0.365217e-04
     6.500000   0.360742e-01   0.255559e-03   3.250000   0.334818e-04   0.347481e-04
     6.550000   0.345188e-01   0.264389e-03   3.275000   0.306255e-04   0.324183e-04
     6.600000   0.329630e-01   0.270401e-03   3.300000   0.257390e-04   0.296358e-04
     6.650000   0.314120e-01   0.273784e-03   3.325000   0.193470e-04   0.265040e-04
     6.700000   0.298711e-01   0.274745e-03   3.350000   0.119705e-04   0.231235e-04
     6.750000   0.283450e-01   0.273505e-03   3.375000   0.410574e-05   0.195901e-04
     6.800000   0.268389e-01   0.270287e-03   3.400000  -0.379252e-05   0.159937e-04
     6.850000   0.253572e-01   0.265314e-03   3.425000  -0.113239e-04   0.124162e-04
     6.900000   0.239044e-01   0.258805e-03   3.450000  -0.181520e-04   0.893113e-05
     6.950000   0.224848e-01   0.250969e-03   3.475000  -0.240099e-04   0.560237e-05
     7.000000   0.211020e-01   0.242006e-03   3.500000  -0.287030e-04   0.248415e-05
     7.050000   0.197596e-01   0.232110e-03   3.525000  -0.321080e-04  -0.379350e-06
     7.100000   0.184609e-01   0.221461e-03   3.550000  -0.341697e-04  -0.295384e-05
     7.150000   0.172085e-01   0.210236e-03   3.575000  -0.348954e-04  -0.521467e-05
     7.200000   0.160048e-01   0.198598e-03   3.600000  -0.343481e-04  -0.714630e-05
     7.250000   0.148519e-01   0.186703e-03   3.625000  -0.326372e-04  -0.874173e-05
     7.300000   0.137511e-01   0.174697e-03   3.650000  -0.299095e-04  -0.100017e-04
     7.350000   0.127037e-01   0.162713e-03   3.675000  -0.263398e-04  -0.109339e-04
     7.400000   0.117104e-01   0.150872e-03   3.700000  -0.221205e-04  -0.115520e-04
     7.450000   0.107713e-01   0.139281e-03   3.725000  -0.174527e-04  -0.118747e-04
     7.500000   0.988654e-02   0.128029e-03   3.750000  -0.125376e-04  -0.119250e-04
     7.550000   0.905548e-02   0.117192e-03   3.775000  -0.756830e-05  -0.117291e-04
     7.600000   0.827734e-02   0.106829e-03   3.800000  -0.272385e-05  -0.113154e-04
     7.650000   0.755100e-02   0.969881e-04   3.825000   0.183668e-05  -0.107139e-04
     7.700000   0.687505e-02   0.877007e-04   3.850000   0.597803e-05  -0.995544e-05
     7.750000   0.624783e-02   0.789893e-04   3.875000   0.959159e-05  -0.907066e-05
     7.800000   0.566751e-02   0.708666e-04   3.900000   0.125969e-04  -0.808976e-05
     7.850000   0.513207e-02   0.633371e-04   3.925000   0.149421e-04  -0.704177e-05
     7.900000   0.463939e-02   0.563985e-04   3.950000   0.166029e-04  -0.595411e-05
     7.950000   0.418722e-02   0.500424e-04   3.975000   0.175812e-04  -0.485227e-05
     8.000000   0.377330e-02   0.442545e-04   4.000000   0.179023e-04  -0.375943e-05
     8.050000   0.339530e-02   0.390149e-04   4.025000   0.176122e-04  -0.269635e-05
     8.100000   0.305092e-02   0.342990e-04   4.050000   0.167738e-04  -0.168113e-05
     8.150000   0.273786e-02   0.300771e-04   4.075000   0.154630e-04  -0.729194e-06
     8.200000   0.245388e-02   0.263158e-04   4.100000   0.137653e-04   0.146752e-06
     8.250000   0.219679e-02   0.229788e-04   4.125000   0.117715e-04   0.936689e-06
     8.300000   0.196450e-02   0.200285e-04   4.150000   0.957420e-05   0.163320e-05
     8.350000   0.175498e-02   0.174269e-04   4.175000   0.726446e-05   0.223136e-05
     8.400000   0.156632e-02   0.151375e-04   4.200000   0.492875e-05   0.272856e-05
     8.450000   0.139672e-02   0.131261e-04   4.225000   0.264641e-05   0.312439e-05
     8.500000   0.124447e-02   0.113617e-04   4.250000   0.487629e-06   0.342038e-05
     8.550000   0.110799e-02   0.981684e-05   4.275000  -0.148813e-05   0.361982e-05
     8.600000   0.985806e-03   0.846750e-05   4.300000  -0.323313e-05   0.372754e-05
     8.650000   0.876554e-03   0.729268e-05   4.325000  -0.471184e-05   0.374968e-05
     8.700000   0.778975e-03   0.627377e-05   4.350000  -0.590106e-05   0.369348e-05
     8.750000   0.691913e-03   0.539383e-05   4.375000  -0.678943e-05   0.356702e-05
     8.800000   0.614309e-03   0.463707e-05   4.400000  -0.737677e-05   0.337903e-05
     8.850000   0.545197e-03   0.398842e-05   4.425000  -0.767296e-05   0.313868e-05
     8.900000   0.483696e-03   0.343342e-05   4.450000  -0.769662e-05   0.285537e-05
     8.950000   0.429007e-03   0.295841e-05   4.475000  -0.747370e-05   0.253853e-05
     9.000000   0.380406e-03   0.255077e-05   4.500000  -0.703582e-05   0.219746e-05
     9.050000   0.337238e-03   0.219935e-05   4.525000  -0.641870e-05   0.184118e-05
     9.100000   0.298916e-03   0.189474e-05   4.550000  -0.566052e-05   0.147825e-05
     9.150000   0.264911e-03   0.162947e-05   4.575000  -0.480040e-05   0.111668e-05
     9.200000   0.234747e-03   0.139794e-05   4.600000  -0.387702e-05   0.763830e-06
     9.250000   0.208001e-03   0.119616e-05   4.625000  -0.292731e-05   0.426274e-06
     9.300000   0.184292e-03   0.102132e-05   4.650000  -0.198539e-05   0.109773e-06
     9.350000   0.163283e-03   0.871300e-06   4.675000  -0.108173e-05  -0.180789e-06
     9.400000   0.144671e-03   0.744136e-06   4.700000  -0.242439e-06  -0.441437e-06
     9.450000   0.128185e-03   0.637680e-06   4.725000   0.511158e-06  -0.669119e-06
     9.500000   0.113586e-03   0.549388e-06   4.750000   0.116277e-05  -0.861696e-06
     9.550000   0.100659e-03   0.476324e-06   4.775000   0.170119e-05  -0.101792e-05
     9.600000   0.892127e-04   0.415339e-06   4.800000   0.212017e-05  -0.113742e-05
     9.650000   0.790773e-04   0.363369e-06   4.825000   0.241813e-05  -0.122059e-05
     9.700000   0.701022e-04   0.317753e-06   4.850000   0.259773e-05  -0.126861e-05
     9.750000   0.621538e-04   0.276508e-06   4.875000   0.266540e-05  -0.128329e-05
     9.800000   0.551139e-04   0.238469e-06   4.900000   0.263069e-05  -0.126704e-05
     9.850000   0.488781e-04   0.203273e-06   4.925000   0.250567e-05  -0.122276e-05
     9.900000   0.433543e-04   0.171196e-06   4.950000   0.230426e-05  -0.115374e-05
     9.950000   0.384612e-04   0.142869e-06   4.975000   0.204155e-05  -0.106356e-05
    10.000000   0.341268e-04   0.118959e-06   5.000000   0.173320e-05  -0.956020e-06
    10.050000   0.302873e-04   0.998680e-07   5.025000   0.139483e-05  -0.834992e-06
    10.100000   0.268862e-04   0.855373e-07   5.050000   0.104150e-05  -0.704377e-06
    10.150000   0.238730e-04   0.753825e-07   5.075000   0.687257e-06  -0.567986e-06
    10.200000   0.212031e-04   0.683707e-07   5.100000   0.344743e-06  -0.429474e-06
    10.250000   0.188367e-04   0.632130e-07   5.125000   0.249185e-07  -0.292260e-06
    10.300000   0.167384e-04   0.586212e-07   5.150000  -0.263150e-06  -0.159470e-06
    10.350000   0.148771e-04   0.535613e-07   5.175000  -0.512408e-06  -0.338829e-07
    10.400000   0.132252e-04   0.474441e-07   5.200000  -0.717854e-06   0.821092e-07
    10.450000   0.117588e-04   0.402081e-07   5.225000  -0.876506e-06   0.186529e-06
    10.500000   0.104566e-04   0.322781e-07   5.250000  -0.987304e-06   0.277831e-06
    10.550000   0.930029e-05   0.244152e-07   5.275000  -0.105095e-05   0.354909e-06
    10.600000   0.827351e-05   0.174948e-07   5.300000  -0.106972e-05   0.417086e-06
    10.650000   0.736195e-05   0.122703e-07   5.325000  -0.104723e-05   0.464103e-06
    10.700000   0.655282e-05   0.917799e-08   5.350000  -0.988161e-06   0.496094e-06
    10.750000   0.583467e-05   0.822744e-08   5.375000  -0.898022e-06   0.513549e-06
    10.800000   0.519718e-05   0.900091e-08   5.400000  -0.782865e-06   0.517281e-06
    10.850000   0.463104e-05   0.107571e-07   5.425000  -0.649032e-06   0.508377e-06
    10.900000   0.412791e-05   0.126107e-07   5.450000  -0.502906e-06   0.488150e-06
    10.950000   0.368037e-05   0.137411e-07   5.475000  -0.350694e-06   0.458088e-06
    11.000000   0.328187e-05   0.135803e-07   5.500000  -0.198232e-06   0.419807e-06
    11.050000   0.292674e-05   0.119340e-07   5.525000  -0.508210e-07   0.374992e-06
    11.100000   0.261009e-05   0.901000e-08   5.550000   0.868997e-07   0.325353e-06
    11.150000   0.232773e-05   0.534961e-08   5.575000   0.211046e-06   0.272580e-06
    11.200000   0.207606e-05   0.168189e-08   5.600000   0.318550e-06   0.218295e-06
    11.250000   0.185193e-05  -0.126199e-08   5.625000   0.407181e-06   0.164020e-06
    11.300000   0.165256e-05  -0.292832e-08   5.650000   0.475549e-06   0.111142e-06
    11.350000   0.147537e-05  -0.307146e-08   5.675000   0.523064e-06   0.608901e-07
    11.400000   0.131797e-05  -0.180587e-08   5.700000   0.549885e-06   0.143123e-07
    11.450000   0.117811e-05   0.430780e-09   5.725000   0.556842e-06  -0.277348e-07
    11.500000   0.105368e-05   0.299130e-08   5.750000   0.545347e-06  -0.645937e-07
    11.550000   0.942763e-06   0.518007e-08   5.775000   0.517291e-06  -0.958074e-07
    11.600000   0.843630e-06   0.642102e-08   5.800000   0.474938e-06  -0.121114e-06
    11.650000   0.754812e-06   0.639196e-08   5.825000   0.420815e-06  -0.140437e-06
    11.700000   0.675094e-06   0.509388e-08   5.850000   0.357602e-06  -0.153873e-06
    11.750000   0.603505e-06   0.284026e-08   5.875000   0.288034e-06  -0.161670e-06
    11.800000   0.539283e-06   0.171590e-09   5.900000   0.214805e-06  -0.164211e-06
    11.850000   0.481813e-06  -0.228242e-08   5.925000   0.140482e-06  -0.161989e-06
    11.900000   0.430570e-06  -0.395811e-08   5.950000   0.674343e-07  -0.155583e-06
    11.950000   0.385053e-06  -0.449269e-08   5.975000  -0.222134e-08  -0.145634e-06
    12.000000   0.344744e-06  -0.380671e-08   6.000000  -0.666694e-07  -0.132823e-06
    12.050000   0.309089e-06  -0.211581e-08   6.025000  -0.124424e-06  -0.117843e-06
    12.100000   0.277506e-06   0.129265e-09   6.050000  -0.174344e-06  -0.101381e-06
    12.150000   0.249405e-06   0.235773e-08   6.075000  -0.215642e-06  -0.840988e-07
    12.200000   0.224236e-06   0.401980e-08   6.100000  -0.247867e-06  -0.666132e-07
    12.250000   0.201520e-06   0.471891e-08   6.125000  -0.270895e-06  -0.494839e-07
    12.300000   0.180885e-06   0.430331e-08   6.150000  -0.284898e-06  -0.332009e-07
    12.350000   0.162076e-06   0.289623e-08   6.175000  -0.290310e-06  -0.181771e-07
    12.400000   0.144948e-06   0.858671e-09   6.200000  -0.287787e-06  -0.474251e-08
    12.450000   0.129438e-06  -0.130421e-08   6.225000  -0.278167e-06   0.685782e-08
    12.500000   0.115527e-06  -0.306920e-08   6.250000  -0.262422e-06   0.164632e-07
    12.550000   0.103195e-06  -0.402219e-08   6.275000  -0.241620e-06   0.239944e-07
    12.600000   0.923900e-07  -0.395577e-08   6.300000  -0.216874e-06   0.294482e-07
    12.650000   0.830002e-07  -0.291431e-08   6.325000  -0.189309e-06   0.328899e-07
    12.700000   0.748550e-07  -0.117696e-08   6.350000  -0.160022e-06   0.344454e-07
    12.750000   0.677378e-07   0.815670e-09   6.375000  -0.130050e-06   0.342906e-07
    12.800000   0.614139e-07   0.257217e-08   6.400000  -0.100344e-06   0.326414e-07
    12.850000   0.556642e-07   0.367058e-08   6.425000  -0.717483e-07   0.297424e-07
    12.900000   0.503167e-07   0.385888e-08   6.450000  -0.449844e-07   0.258566e-07
    12.950000   0.452667e-07   0.311193e-08   6.475000  -0.206395e-07   0.212546e-07
    13.000000   0.404831e-07   0.163217e-08   6.500000   0.836641e-09   0.162051e-07
    13.050000   0.359982e-07  -0.204872e-09   6.525000   0.191323e-07   0.109657e-07
    13.100000   0.318841e-07  -0.194570e-08   6.550000   0.340692e-07   0.577561e-08
    13.150000   0.282227e-07  -0.317058e-08   6.575000   0.455936e-07   0.848951e-09
    13.200000   0.250750e-07  -0.359453e-08   6.600000   0.537653e-07  -0.363024e-08
    13.250000   0.224581e-07  -0.313337e-08   6.625000   0.587431e-07  -0.751164e-08
    13.300000   0.203346e-07  -0.191950e-08   6.650000   0.607690e-07  -0.106809e-07
    13.350000   0.186161e-07  -0.264944e-09   6.675000   0.601514e-07  -0.130607e-07
    13.400000   0.171794e-07   0.141837e-08   6.700000   0.572476e-07  -0.146097e-07
    13.450000   0.158912e-07   0.272077e-08   6.725000   0.524465e-07  -0.153220e-07
    13.500000   0.146351e-07   0.333411e-08   6.750000   0.461527e-07  -0.152234e-07
    13.550000   0.133335e-07   0.312435e-08   6.775000   0.387708e-07  -0.143689e-07
    13.600000   0.119607e-07   0.216018e-08   6.800000   0.306920e-07  -0.128379e-07
    13.650000   0.105429e-07   0.692023e-09   6.825000   0.222827e-07  -0.107301e-07
    13.700000   0.914661e-08  -0.912719e-09   6.850000   0.138743e-07  -0.816018e-08
    13.750000   0.785823e-08  -0.226131e-08   6.875000   0.575631e-08  -0.525296e-08
    13.800000   0.675985e-08  -0.303156e-08   6.900000  -0.182922e-08  -0.213840e-08
    13.850000   0.590738e-08  -0.304850e-08   6.925000  -0.869051e-08   0.105321e-08
    13.900000   0.531589e-08  -0.232381e-08   6.950000  -0.146871e-07   0.419566e-08
    13.950000   0.495557e-08  -0.104906e-08   6.975000  -0.197291e-07   0.717090e-08
    14.000000   0.475860e-08   0.454562e-09   7.000000  -0.237743e-07   0.987238e-08
    14.050000   0.463514e-08   0.181685e-08   7.025000  -0.268244e-07   0.122080e-07
    14.100000   0.449408e-08   0.270952e-08   7.050000  -0.289201e-07   0.141022e-07
    14.150000   0.426348e-08   0.292506e-08   7.075000  -0.301345e-07   0.154976e-07
    14.200000   0.390587e-08   0.242468e-08   7.100000  -0.305672e-07   0.163558e-07
    14.250000   0.342491e-08   0.134436e-08   7.125000  -0.303373e-07   0.166574e-07
    14.300000   0.286209e-08  -0.417254e-10   7.150000  -0.295763e-07   0.164019e-07
    14.350000   0.228463e-08  -0.139049e-08   7.175000  -0.284217e-07   0.156068e-07
    14.400000   0.176776e-08  -0.237469e-08   7.200000  -0.270107e-07   0.143057e-07
    14.450000   0.137584e-08  -0.276210e-08   7.225000  -0.254748e-07   0.125470e-07
    14.500000   0.114676e-08  -0.247007e-08   7.250000  -0.239345e-07   0.103914e-07
    14.550000   0.108323e-08  -0.158273e-08   7.275000  -0.224958e-07   0.790976e-08
    14.600000   0.115295e-08  -0.327312e-09   7.300000  -0.212468e-07   0.518034e-08
    14.650000   0.129697e-08   0.983811e-09   7.325000  -0.202557e-07   0.228635e-08
    14.700000   0.144436e-08   0.203065e-08   7.350000  -0.195696e-07  -0.686727e-09
    14.750000   0.152912e-08   0.256354e-08   7.375000  -0.192140e-07  -0.365363e-08
    14.800000   0.150545e-08   0.246246e-08   7.400000  -0.191939e-07  -0.653172e-08
    14.850000   0.135770e-08   0.176382e-08   7.425000  -0.194944e-07  -0.924313e-08
    14.900000   0.110278e-08   0.648674e-09   7.450000  -0.200836e-07  -0.117167e-07
    14.950000   0.784800e-09  -0.603985e-09   7.475000  -0.209144e-07  -0.138898e-07
    15.000000   0.463426e-09  -0.168683e-08   7.500000  -0.219276e-07  -0.157092e-07
    15.050000   0.198906e-09  -0.233944e-08   7.525000  -0.230558e-07  -0.171329e-07
    15.100000   0.375143e-10  -0.241081e-08   7.550000  -0.242258e-07  -0.181301e-07
    15.150000   0.820008e-12  -0.189402e-08   7.575000  -0.253629e-07  -0.186821e-07
    15.200000   0.812200e-10  -0.925370e-09   7.600000  -0.263936e-07  -0.187819e-07
    15.250000   0.244594e-09   0.251335e-09   7.625000  -0.272494e-07  -0.184347e-07
    15.300000   0.439204e-09   0.134601e-08   7.650000  -0.278689e-07  -0.176567e-07
    15.350000   0.608516e-09   0.209367e-08   7.675000  -0.282007e-07  -0.164748e-07
    15.400000   0.704751e-09   0.231839e-08   7.700000  -0.282052e-07  -0.149255e-07
    15.450000   0.699913e-09   0.197460e-08   7.725000  -0.278562e-07  -0.130541e-07
    15.500000   0.591748e-09   0.115585e-08   7.750000  -0.271416e-07  -0.109129e-07
    15.550000   0.403378e-09   0.696525e-10   7.775000  -0.260640e-07  -0.855996e-08
    15.600000   0.176905e-09  -0.101495e-08   7.800000  -0.246407e-07  -0.605804e-08
    15.650000  -0.373076e-10  -0.183393e-08   7.825000  -0.229027e-07  -0.347255e-08
    15.700000  -0.192960e-09  -0.219239e-08   7.850000  -0.208937e-07  -0.870227e-09
    15.750000  -0.258781e-09  -0.201083e-08   7.875000  -0.186685e-07   0.168244e-08
    15.800000  -0.225553e-09  -0.134253e-08   7.900000  -0.162914e-07   0.412076e-08
    15.850000  -0.107642e-09  -0.358372e-09   7.925000  -0.138335e-07   0.638325e-08
    15.900000   0.611371e-10   0.696739e-09   7.950000  -0.113704e-07   0.841304e-08
    15.950000   0.236177e-09   0.156468e-08   7.975000  -0.897990e-08   0.101591e-07
    16.000000   0.373030e-09   0.203718e-08   8.000000  -0.673890e-08   0.115773e-07
    16.050000   0.437983e-09   0.200563e-08   8.025000  -0.472122e-08   0.126316e-07
    16.100000   0.415743e-09   0.148594e-08   8.050000  -0.299489e-08   0.132947e-07
    16.150000   0.312497e-09   0.612625e-09   8.075000  -0.161991e-08   0.135485e-07
    16.200000   0.153742e-09  -0.395903e-09   8.100000  -0.646228e-09   0.133848e-07
    16.250000  -0.224007e-10  -0.129181e-08   8.125000  -0.112004e-09   0.128057e-07
    16.300000  -0.174694e-09  -0.185868e-08   8.150000  -0.422713e-10   0.118229e-07
    16.350000  -0.268724e-09  -0.196365e-08   8.175000  -0.448004e-09   0.104583e-07
    16.400000  -0.284921e-09  -0.158847e-08   8.200000  -0.132562e-08   0.874302e-08
    16.450000  -0.222780e-09  -0.832111e-09   8.225000  -0.265693e-08   0.671721e-08
    16.500000  -0.100415e-09   0.115181e-09   8.250000  -0.440954e-08   0.442885e-08
    16.550000   0.503216e-10   0.101964e-08   8.275000  -0.653771e-08   0.193292e-08
    16.600000   0.191839e-09   0.166158e-08   8.300000  -0.898359e-08  -0.709885e-09
    16.650000   0.289948e-09   0.188866e-08   8.325000  -0.116789e-07  -0.343445e-08
    16.700000   0.321902e-09   0.165193e-08   8.350000  -0.145467e-07  -0.617278e-08
    16.750000   0.281480e-09   0.101620e-08   8.375000  -0.175041e-07  -0.885560e-08
    16.800000   0.179969e-09   0.142460e-09   8.400000  -0.204640e-07  -0.114140e-07
    16.850000   0.429475e-10  -0.752774e-09   8.425000  -0.233383e-07  -0.137812e-07
    16.900000  -0.962453e-10  -0.145102e-08   8.450000  -0.260400e-07  -0.158941e-07
    16.950000  -0.204694e-09  -0.178509e-08   8.475000  -0.284864e-07  -0.176951e-07
    17.000000  -0.257752e-09  -0.167904e-08   8.500000  -0.306008e-07  -0.191334e-07
    17.050000  -0.244676e-09  -0.116527e-08   8.525000  -0.323155e-07  -0.201668e-07
    17.100000  -0.170791e-09  -0.375046e-09   8.550000  -0.335737e-07  -0.207625e-07
    17.150000  -0.557485e-10   0.494948e-09   8.575000  -0.343310e-07  -0.208985e-07
    17.200000   0.715722e-10   0.123150e-08   8.600000  -0.345569e-07  -0.205640e-07
    17.250000   0.180217e-09   0.165706e-08   8.625000  -0.342363e-07  -0.197602e-07
    17.300000   0.244600e-09   0.167242e-08   8.650000  -0.333690e-07  -0.185005e-07
    17.350000   0.250446e-09   0.127982e-08   8.675000  -0.319708e-07  -0.168099e-07
    17.400000   0.197871e-09   0.580838e-09   8.700000  -0.300726e-07  -0.147252e-07
    17.450000   0.100939e-09  -0.249717e-09   8.725000  -0.277196e-07  -0.122939e-07
    17.500000  -0.160903e-10  -0.100750e-08   8.750000  -0.249702e-07  -0.957295e-08
    17.550000  -0.124839e-09  -0.150884e-08   8.775000  -0.218941e-07  -0.662771e-08
    17.600000  -0.199694e-09  -0.163515e-08   8.800000  -0.185706e-07  -0.353015e-08
    17.650000  -0.223842e-09  -0.136096e-08   8.825000  -0.150861e-07  -0.357066e-09
    17.700000  -0.193025e-09  -0.758764e-09   8.850000  -0.115314e-07   0.281201e-08
    17.750000  -0.116211e-09   0.200260e-10   8.875000  -0.799970e-08   0.589685e-08
    17.800000  -0.130790e-10   0.783068e-09   8.900000  -0.458306e-08   0.881880e-08
    17.850000   0.909686e-10   0.134455e-08   8.925000  -0.137033e-08   0.115029e-07
    17.900000   0.171021e-09   0.157036e-08   8.950000   0.155572e-08   0.138800e-07
    17.950000   0.208585e-09   0.141009e-08   8.975000   0.412069e-08   0.158888e-07
    18.000000   0.195816e-09   0.908129e-09   9.000000   0.626079e-08   0.174775e-07
    18.050000   0.137093e-09   0.191542e-09   9.025000   0.792456e-08   0.186056e-07
    18.100000   0.476368e-10  -0.562009e-09   9.050000   0.907439e-08   0.192447e-07
    18.150000  -0.504130e-10  -0.116827e-08   9.075000   0.968750e-08   0.193800e-07
    18.200000  -0.133468e-09  -0.148141e-08   9.100000   0.975653e-08   0.190100e-07
    18.250000  -0.182153e-09  -0.142901e-08   9.125000   0.928962e-08   0.181474e-07
    18.300000  -0.185809e-09  -0.102876e-08   9.150000   0.831007e-08   0.168184e-07
    18.350000  -0.144799e-09  -0.382912e-09   9.175000   0.685550e-08   0.150621e-07
    18.400000  -0.701229e-10   0.347752e-09   9.200000   0.497659e-08   0.129293e-07
    18.450000   0.194884e-10   0.983919e-09   9.225000   0.273546e-08   0.104814e-07
    18.500000   0.102247e-09   0.137169e-08   9.250000   0.203679e-09   0.778823e-08
    18.550000   0.158582e-09   0.141976e-08   9.275000  -0.253996e-08   0.492633e-08
    18.600000   0.175742e-09   0.112086e-08   9.300000  -0.541191e-08   0.197660e-08
    18.650000   0.150653e-09   0.552430e-09   9.325000  -0.832638e-08  -0.978029e-09
    18.700000   0.903953e-10  -0.143392e-09   9.350000  -0.111980e-07  -0.385503e-08
    18.750000   0.102476e-10  -0.795236e-09   9.375000  -0.139443e-07  -0.657472e-08
    18.800000  -0.701716e-10  -0.124468e-08   9.400000  -0.164883e-07  -0.906262e-08
    18.850000  -0.131691e-09  -0.138469e-08   9.425000  -0.187605e-07  -0.112516e-07
    18.900000  -0.160143e-09  -0.118509e-08   9.450000  -0.207012e-07  -0.130841e-07
    18.950000  -0.149608e-09  -0.698904e-09   9.475000  -0.222618e-07  -0.145132e-07
    19.000000  -0.103610e-09  -0.483647e-10   9.500000  -0.234064e-07  -0.155049e-07
    19.050000  -0.340337e-10   0.605752e-09   9.525000  -0.241126e-07  -0.160383e-07
    19.100000   0.419260e-10   0.110384e-08   9.550000  -0.243717e-07  -0.161065e-07
    19.150000   0.105994e-09   0.132634e-08   9.575000  -0.241891e-07  -0.157169e-07
    19.200000   0.143199e-09   0.122244e-08   9.600000  -0.235836e-07  -0.148907e-07
    19.250000   0.145349e-09   0.821560e-09   9.625000  -0.225867e-07  -0.136620e-07
    19.300000   0.112816e-09   0.225186e-09   9.650000  -0.212415e-07  -0.120771e-07
    19.350000   0.542255e-10  -0.418763e-09   9.675000  -0.196009e-07  -0.101929e-07
    19.400000  -0.158082e-10  -0.952596e-09   9.700000  -0.177259e-07  -0.807493e-08
    19.450000  -0.803115e-10  -0.124743e-08   9.725000  -0.156836e-07  -0.579531e-08
    19.500000  -0.124054e-09  -0.123425e-08   9.750000  -0.135447e-07  -0.343063e-08
    19.550000  -0.137133e-09  -0.920046e-09   9.775000  -0.113817e-07  -0.105942e-08
    19.600000  -0.117194e-09  -0.385136e-09   9.800000  -0.926611e-08   0.124026e-08
    19.650000  -0.698070e-10   0.237289e-09   9.825000  -0.726640e-08   0.339331e-08
    19.700000  -0.694039e-11   0.794303e-09   9.850000  -0.544591e-08   0.532988e-08
    19.750000   0.560468e-10   0.115078e-08   9.875000  -0.386084e-08   0.698758e-08
    19.800000   0.104145e-09   0.122215e-08   9.900000  -0.255861e-08   0.831342e-08
    19.850000   0.126260e-09   0.994399e-09   9.925000  -0.157647e-08   0.926545e-08
    19.900000   0.117754e-09   0.526669e-09   9.950000  -0.940488e-09   0.981407e-08
    19.950000   0.813967e-10  -0.640600e-10   9.975000  -0.664849e-09   0.994290e-08
    20.000000   0.265207e-10  -0.632181e-09  10.000000  -0.751588e-09   0.964935e-08
