     0.000000   0.554173e-01   0.289009e-02   0.000000   0.100000e+01   0.000000e+00
     0.050000   0.555332e-01   0.288989e-02   0.025000   0.996668e+00  -0.557504e-05
     0.100000   0.558797e-01   0.288895e-02   0.050000   0.986722e+00  -0.221270e-04
     0.150000   0.564534e-01   0.288632e-02   0.075000   0.970317e+00  -0.491417e-04
     0.200000   0.572482e-01   0.288047e-02   0.100000   0.947702e+00  -0.857788e-04
     0.250000   0.582561e-01   0.286945e-02   0.125000   0.919222e+00  -0.130897e-03
     0.300000   0.594668e-01   0.285107e-02   0.150000   0.885307e+00  -0.183087e-03
     0.350000   0.608678e-01   0.282301e-02   0.175000   0.846462e+00  -0.240713e-03
     0.400000   0.624447e-01   0.278301e-02   0.200000   0.803260e+00  -0.301963e-03
     0.450000   0.641814e-01   0.272901e-02   0.225000   0.756324e+00  -0.364897e-03
     0.500000   0.660600e-01   0.265925e-02   0.250000   0.706323e+00  -0.427508e-03
     0.550000   0.680610e-01   0.257235e-02   0.275000   0.653950e+00  -0.487779e-03
     0.600000   0.701638e-01   0.246733e-02   0.300000   0.599913e+00  -0.543741e-03
     0.650000   0.723467e-01   0.234367e-02   0.325000   0.544920e+00  -0.593531e-03
     0.700000   0.745870e-01   0.220126e-02   0.350000   0.489667e+00  -0.635445e-03
     0.750000   0.768616e-01   0.204048e-02   0.375000   0.434825e+00  -0.667987e-03
     0.800000   0.791472e-01   0.186214e-02   0.400000   0.381026e+00  -0.689911e-03
     0.850000   0.814206e-01   0.166754e-02   0.425000   0.328856e+00  -0.700256e-03
     0.900000   0.836588e-01   0.145848e-02   0.450000   0.278846e+00  -0.698374e-03
     0.950000   0.858399e-01   0.123729e-02   0.475000   0.231463e+00  -0.683946e-03
     1.000000   0.879427e-01   0.100681e-02   0.500000   0.187105e+00  -0.656990e-03
     1.050000   0.899478e-01   0.770390e-03   0.525000   0.146097e+00  -0.617860e-03
     1.100000   0.918372e-01   0.531859e-03   0.550000   0.108688e+00  -0.567236e-03
     1.150000   0.935946e-01   0.295401e-03   0.575000   0.750552e-01  -0.506100e-03
     1.200000   0.952060e-01   0.654426e-04   0.600000   0.452983e-01  -0.435713e-03
     1.250000   0.966593e-01  -0.153526e-03   0.625000   0.194472e-01  -0.357575e-03
     1.300000   0.979447e-01  -0.357141e-03   0.650000  -0.253570e-02  -0.273383e-03
     1.350000   0.990547e-01  -0.541373e-03   0.675000  -0.207497e-01  -0.184986e-03
     1.400000   0.999837e-01  -0.702723e-03   0.700000  -0.353498e-01  -0.943329e-04
     1.450000   0.100728e+00  -0.838392e-03   0.725000  -0.465393e-01  -0.342125e-05
     1.500000   0.101288e+00  -0.946413e-03   0.750000  -0.545623e-01   0.857576e-04
     1.550000   0.101663e+00  -0.102572e-02   0.775000  -0.596957e-01   0.171269e-03
     1.600000   0.101856e+00  -0.107620e-02   0.800000  -0.622410e-01   0.251286e-03
     1.650000   0.101872e+00  -0.109858e-02   0.825000  -0.625160e-01   0.324134e-03
     1.700000   0.101718e+00  -0.109444e-02   0.850000  -0.608472e-01   0.388331e-03
     1.750000   0.101402e+00  -0.106602e-02   0.875000  -0.575626e-01   0.442624e-03
     1.800000   0.100934e+00  -0.101608e-02   0.900000  -0.529842e-01   0.486016e-03
     1.850000   0.100326e+00  -0.947757e-03   0.925000  -0.474225e-01   0.517785e-03
     1.900000   0.995909e-01  -0.864392e-03   0.950000  -0.411706e-01   0.537499e-03
     1.950000   0.987431e-01  -0.769386e-03   0.975000  -0.345004e-01   0.545018e-03
     2.000000   0.977981e-01  -0.666070e-03   1.000000  -0.276579e-01   0.540494e-03
     2.050000   0.967725e-01  -0.557599e-03   1.025000  -0.208616e-01   0.524355e-03
     2.100000   0.956832e-01  -0.446871e-03   1.050000  -0.142998e-01   0.497293e-03
     2.150000   0.945480e-01  -0.336469e-03   1.075000  -0.813010e-02   0.460234e-03
     2.200000   0.933845e-01  -0.228625e-03   1.100000  -0.247904e-02   0.414312e-03
     2.250000   0.922102e-01  -0.125197e-03   1.125000   0.255723e-02   0.360835e-03
     2.300000   0.910424e-01  -0.276747e-04   1.150000   0.691174e-02   0.301243e-03
     2.350000   0.898976e-01   0.628183e-04   1.175000   0.105449e-01   0.237074e-03
     2.400000   0.887914e-01   0.145494e-03   1.200000   0.134422e-01   0.169919e-03
     2.450000   0.877381e-01   0.219870e-03   1.225000   0.156115e-01   0.101380e-03
     2.500000   0.867509e-01   0.285724e-03   1.250000   0.170803e-01   0.330359e-04
     2.550000   0.858411e-01   0.343046e-03   1.275000   0.178923e-01  -0.336020e-04
     2.600000   0.850185e-01   0.391988e-03   1.300000   0.181046e-01  -0.971199e-04
     2.650000   0.842911e-01   0.432809e-03   1.325000   0.177843e-01  -0.156234e-03
     2.700000   0.836649e-01   0.465831e-03   1.350000   0.170055e-01  -0.209816e-03
     2.750000   0.831441e-01   0.491394e-03   1.375000   0.158465e-01  -0.256914e-03
     2.800000   0.827311e-01   0.509829e-03   1.400000   0.143868e-01  -0.296769e-03
     2.850000   0.824262e-01   0.521436e-03   1.425000   0.127052e-01  -0.328823e-03
     2.900000   0.822282e-01   0.526478e-03   1.450000   0.108772e-01  -0.352725e-03
     2.950000   0.821342e-01   0.525180e-03   1.475000   0.897343e-02  -0.368330e-03
     3.000000   0.821396e-01   0.517741e-03   1.500000   0.705831e-02  -0.375690e-03
     3.050000   0.822387e-01   0.504353e-03   1.525000   0.518874e-02  -0.375045e-03
     3.100000   0.824245e-01   0.485212e-03   1.550000   0.341344e-02  -0.366808e-03
     3.150000   0.826889e-01   0.460542e-03   1.575000   0.177251e-02  -0.351545e-03
     3.200000   0.830234e-01   0.430606e-03   1.600000   0.297243e-03  -0.329952e-03
     3.250000   0.834183e-01   0.395718e-03   1.625000  -0.989735e-03  -0.302832e-03
     3.300000   0.838638e-01   0.356250e-03   1.650000  -0.207412e-02  -0.271071e-03
     3.350000   0.843499e-01   0.312636e-03   1.675000  -0.294939e-02  -0.235607e-03
     3.400000   0.848664e-01   0.265369e-03   1.700000  -0.361607e-02  -0.197408e-03
     3.450000   0.854032e-01   0.215001e-03   1.725000  -0.408090e-02  -0.157444e-03
     3.500000   0.859506e-01   0.162140e-03   1.750000  -0.435593e-02  -0.116666e-03
     3.550000   0.864991e-01   0.107439e-03   1.775000  -0.445752e-02  -0.759775e-04
     3.600000   0.870398e-01   0.515922e-04   1.800000  -0.440538e-02  -0.362221e-04
     3.650000   0.875647e-01  -0.467700e-05   1.825000  -0.422157e-02   0.183850e-05
     3.700000   0.880662e-01  -0.606290e-04   1.850000  -0.392957e-02   0.375362e-04
     3.750000   0.885377e-01  -0.115525e-03   1.875000  -0.355344e-02   0.703077e-04
     3.800000   0.889734e-01  -0.168646e-03   1.900000  -0.311697e-02   0.997012e-04
     3.850000   0.893685e-01  -0.219316e-03   1.925000  -0.264303e-02   0.125381e-03
     3.900000   0.897190e-01  -0.266923e-03   1.950000  -0.215298e-02   0.147125e-03
     3.950000   0.900221e-01  -0.310941e-03   1.975000  -0.166618e-02   0.164828e-03
     4.000000   0.902755e-01  -0.350952e-03   2.000000  -0.119961e-02   0.178490e-03
     4.050000   0.904780e-01  -0.386654e-03   2.025000  -0.767660e-03   0.188211e-03
     4.100000   0.906293e-01  -0.417871e-03   2.050000  -0.381942e-03   0.194182e-03
     4.150000   0.907297e-01  -0.444556e-03   2.075000  -0.512610e-04   0.196671e-03
     4.200000   0.907804e-01  -0.466780e-03   2.100000   0.218347e-03   0.196011e-03
     4.250000   0.907830e-01  -0.484722e-03   2.125000   0.423495e-03   0.192586e-03
     4.300000   0.907399e-01  -0.498656e-03   2.150000   0.563260e-03   0.186818e-03
     4.350000   0.906536e-01  -0.508926e-03   2.175000   0.638939e-03   0.179150e-03
     4.400000   0.905274e-01  -0.515928e-03   2.200000   0.653774e-03   0.170033e-03
     4.450000   0.903644e-01  -0.520093e-03   2.225000   0.612638e-03   0.159917e-03
     4.500000   0.901681e-01  -0.521866e-03   2.250000   0.521715e-03   0.149231e-03
     4.550000   0.899420e-01  -0.521692e-03   2.275000   0.388172e-03   0.138380e-03
     4.600000   0.896895e-01  -0.520004e-03   2.300000   0.219832e-03   0.127731e-03
     4.650000   0.894136e-01  -0.517206e-03   2.325000   0.248744e-04   0.117609e-03
     4.700000   0.891174e-01  -0.513669e-03   2.350000  -0.188456e-03   0.108287e-03
     4.750000   0.888034e-01  -0.509714e-03   2.375000  -0.412103e-03   0.999863e-04
     4.800000   0.884737e-01  -0.505610e-03   2.400000  -0.638422e-03   0.928727e-04
     4.850000   0.881299e-01  -0.501562e-03   2.425000  -0.860367e-03   0.870558e-04
     4.900000   0.877732e-01  -0.497708e-03   2.450000  -0.107164e-02   0.825909e-04
     4.950000   0.874040e-01  -0.494111e-03   2.475000  -0.126681e-02   0.794817e-04
     5.000000   0.870221e-01  -0.490762e-03   2.500000  -0.144136e-02   0.776837e-04
     5.050000   0.866270e-01  -0.487578e-03   2.525000  -0.159177e-02   0.771104e-04
     5.100000   0.862172e-01  -0.484411e-03   2.550000  -0.171549e-02   0.776380e-04
     5.150000   0.857908e-01  -0.481058e-03   2.575000  -0.181091e-02   0.791129e-04
     5.200000   0.853453e-01  -0.477268e-03   2.600000  -0.187736e-02   0.813585e-04
     5.250000   0.848779e-01  -0.472757e-03   2.625000  -0.191498e-02   0.841821e-04
     5.300000   0.843851e-01  -0.467224e-03   2.650000  -0.192466e-02   0.873821e-04
     5.350000   0.838631e-01  -0.460361e-03   2.675000  -0.190796e-02   0.907549e-04
     5.400000   0.833079e-01  -0.451869e-03   2.700000  -0.186696e-02   0.941014e-04
     5.450000   0.827152e-01  -0.441465e-03   2.725000  -0.180420e-02   0.972328e-04
     5.500000   0.820806e-01  -0.428897e-03   2.750000  -0.172250e-02   0.999758e-04
     5.550000   0.813999e-01  -0.413946e-03   2.775000  -0.162494e-02   0.102177e-03
     5.600000   0.806686e-01  -0.396442e-03   2.800000  -0.151465e-02   0.103705e-03
     5.650000   0.798827e-01  -0.376262e-03   2.825000  -0.139482e-02   0.104457e-03
     5.700000   0.790383e-01  -0.353345e-03   2.850000  -0.126853e-02   0.104355e-03
     5.750000   0.781318e-01  -0.327693e-03   2.875000  -0.113873e-02   0.103350e-03
     5.800000   0.771603e-01  -0.299376e-03   2.900000  -0.100816e-02   0.101422e-03
     5.850000   0.761211e-01  -0.268538e-03   2.925000  -0.879297e-03   0.985768e-04
     5.900000   0.750121e-01  -0.235398e-03   2.950000  -0.754316e-03   0.948474e-04
     5.950000   0.738320e-01  -0.200243e-03   2.975000  -0.635077e-03   0.902890e-04
     6.000000   0.725799e-01  -0.163428e-03   3.000000  -0.523108e-03   0.849777e-04
     6.050000   0.712558e-01  -0.125364e-03   3.025000  -0.419600e-03   0.790071e-04
     6.100000   0.698603e-01  -0.865058e-04   3.050000  -0.325419e-03   0.724846e-04
     6.150000   0.683948e-01  -0.473387e-04   3.075000  -0.241117e-03   0.655282e-04
     6.200000   0.668611e-01  -0.836140e-05   3.100000  -0.166957e-03   0.582624e-04
     6.250000   0.652622e-01   0.299295e-04   3.125000  -0.102941e-03   0.508149e-04
     6.300000   0.636014e-01   0.670545e-04   3.150000  -0.488414e-04   0.433128e-04
     6.350000   0.618828e-01   0.102564e-03   3.175000  -0.423378e-05   0.358798e-04
     6.400000   0.601109e-01   0.136051e-03   3.200000   0.314663e-04   0.286326e-04
     6.450000   0.582911e-01   0.167155e-03   3.225000   0.589686e-04   0.216791e-04
     6.500000   0.564290e-01   0.195572e-03   3.250000   0.790731e-04   0.151155e-04
     6.550000   0.545306e-01   0.221055e-03   3.275000   0.926381e-04   0.902507e-05
     6.600000   0.526024e-01   0.243416e-03   3.300000   0.100549e-03   0.347659e-05
     6.650000   0.506510e-01   0.262527e-03   3.325000   0.103694e-03  -0.147635e-05
     6.700000   0.486833e-01   0.278321e-03   3.350000   0.102935e-03  -0.579574e-05
     6.750000   0.467062e-01   0.290788e-03   3.375000   0.990958e-04  -0.945913e-05
     6.800000   0.447268e-01   0.299974e-03   3.400000   0.929384e-04  -0.124592e-04
     6.850000   0.427519e-01   0.305978e-03   3.425000   0.851561e-04  -0.148028e-04
     6.900000   0.407883e-01   0.308948e-03   3.450000   0.763629e-04  -0.165102e-04
     6.950000   0.388426e-01   0.309076e-03   3.475000   0.670893e-04  -0.176132e-04
     7.000000   0.369212e-01   0.306589e-03   3.500000   0.577795e-04  -0.181543e-04
     7.050000   0.350301e-01   0.301742e-03   3.525000   0.487936e-04  -0.181842e-04
     7.100000   0.331749e-01   0.294807e-03   3.550000   0.404096e-04  -0.177606e-04
     7.150000   0.313608e-01   0.286069e-03   3.575000   0.328296e-04  -0.169460e-04
     7.200000   0.295925e-01   0.275813e-03   3.600000   0.261861e-04  -0.158060e-04
     7.250000   0.278743e-01   0.264317e-03   3.625000   0.205496e-04  -0.144078e-04
     7.300000   0.262100e-01   0.251848e-03   3.650000   0.159378e-04  -0.128182e-04
     7.350000   0.246026e-01   0.238657e-03   3.675000   0.123239e-04  -0.111021e-04
     7.400000   0.230549e-01   0.224976e-03   3.700000   0.964568e-05  -0.932122e-05
     7.450000   0.215689e-01   0.211018e-03   3.725000   0.781434e-05  -0.753311e-05
     7.500000   0.201463e-01   0.196975e-03   3.750000   0.672232e-05  -0.578990e-05
     7.550000   0.187881e-01   0.183018e-03   3.775000   0.625086e-05  -0.413762e-05
     7.600000   0.174949e-01   0.169299e-03   3.800000   0.627661e-05  -0.261570e-05
     7.650000   0.162667e-01   0.155949e-03   3.825000   0.667729e-05  -0.125658e-05
     7.700000   0.151034e-01   0.143079e-03   3.850000   0.733637e-05  -0.855741e-07
     7.750000   0.140042e-01   0.130778e-03   3.875000   0.814680e-05   0.879090e-06
     7.800000   0.129681e-01   0.119115e-03   3.900000   0.901375e-05   0.162607e-05
     7.850000   0.119936e-01   0.108136e-03   3.925000   0.985647e-05   0.215054e-05
     7.900000   0.110792e-01   0.978688e-04   3.950000   0.106092e-04   0.245373e-05
     7.950000   0.102230e-01   0.883240e-04   3.975000   0.112216e-04   0.254229e-05
     8.000000   0.942281e-02   0.794954e-04   4.000000   0.116582e-04   0.242769e-05
     8.050000   0.867653e-02   0.713657e-04   4.025000   0.118976e-04   0.212543e-05
     8.100000   0.798177e-02   0.639087e-04   4.050000   0.119311e-04   0.165433e-05
     8.150000   0.733612e-02   0.570934e-04   4.075000   0.117610e-04   0.103575e-05
     8.200000   0.673710e-02   0.508860e-04   4.100000   0.113991e-04   0.292822e-06
     8.250000   0.618221e-02   0.452523e-04   4.125000   0.108643e-04  -0.550262e-06
     8.300000   0.566898e-02   0.401587e-04   4.150000   0.101812e-04  -0.146894e-05
     8.350000   0.519494e-02   0.355719e-04   4.175000   0.937779e-05  -0.243890e-05
     8.400000   0.475766e-02   0.314592e-04   4.200000   0.848419e-05  -0.343667e-05
     8.450000   0.435480e-02   0.277870e-04   4.225000   0.753068e-05  -0.444004e-05
     8.500000   0.398407e-02   0.245208e-04   4.250000   0.654661e-05  -0.542856e-05
     8.550000   0.364328e-02   0.216251e-04   4.275000   0.555924e-05  -0.638375e-05
     8.600000   0.333030e-02   0.190632e-04   4.300000   0.459288e-05  -0.728946e-05
     8.650000   0.304314e-02   0.167987e-04   4.325000   0.366829e-05  -0.813192e-05
     8.700000   0.277987e-02   0.147962e-04   4.350000   0.280227e-05  -0.889991e-05
     8.750000   0.253869e-02   0.130230e-04   4.375000   0.200753e-05  -0.958473e-05
     8.800000   0.231789e-02   0.114505e-04   4.400000   0.129270e-05  -0.101802e-04
     8.850000   0.211588e-02   0.100541e-04   4.425000   0.662514e-06  -0.106823e-04
     8.900000   0.193116e-02   0.881444e-05   4.450000   0.118136e-06  -0.110897e-04
     8.950000   0.176233e-02   0.771603e-05   4.475000  -0.342397e-06  -0.114025e-04
     9.000000   0.160811e-02   0.674666e-05   4.500000  -0.723685e-06  -0.116231e-04
     9.050000   0.146727e-02   0.589601e-05   4.525000  -0.103242e-05  -0.117552e-04
     9.100000   0.133872e-02   0.515437e-05   4.550000  -0.127683e-05  -0.118039e-04
     9.150000   0.122141e-02   0.451164e-05   4.575000  -0.146613e-05  -0.117755e-04
     9.200000   0.111439e-02   0.395679e-05   4.600000  -0.161000e-05  -0.116767e-04
     9.250000   0.101677e-02   0.347792e-05   4.625000  -0.171811e-05  -0.115152e-04
     9.300000   0.927757e-03   0.306273e-05   4.650000  -0.179973e-05  -0.112988e-04
     9.350000   0.846590e-03   0.269943e-05   4.675000  -0.186338e-05  -0.110354e-04
     9.400000   0.772587e-03   0.237766e-05   4.700000  -0.191654e-05  -0.107329e-04
     9.450000   0.705118e-03   0.208931e-05   4.725000  -0.196551e-05  -0.103990e-04
     9.500000   0.643608e-03   0.182890e-05   4.750000  -0.201525e-05  -0.100407e-04
     9.550000   0.587532e-03   0.159353e-05   4.775000  -0.206935e-05  -0.966494e-05
     9.600000   0.536409e-03   0.138238e-05   4.800000  -0.213005e-05  -0.927776e-05
     9.650000   0.489801e-03   0.119583e-05   4.825000  -0.219833e-05  -0.888466e-05
     9.700000   0.447309e-03   0.103447e-05   4.850000  -0.227399e-05  -0.849043e-05
     9.750000   0.408568e-03   0.898148e-06   4.875000  -0.235586e-05  -0.809915e-05
     9.800000   0.373246e-03   0.785422e-06   4.900000  -0.244192e-05  -0.771421e-05
     9.850000   0.341038e-03   0.693315e-06   4.925000  -0.252953e-05  -0.733830e-05
     9.900000   0.311667e-03   0.617590e-06   4.950000  -0.261564e-05  -0.697350e-05
     9.950000   0.284879e-03   0.553360e-06   4.975000  -0.269696e-05  -0.662125e-05
    10.000000   0.260442e-03   0.495902e-06   5.000000  -0.277016e-05  -0.628248e-05
    10.050000   0.238146e-03   0.441452e-06   5.025000  -0.283203e-05  -0.595766e-05
    10.100000   0.217798e-03   0.387784e-06   5.050000  -0.287966e-05  -0.564681e-05
    10.150000   0.199225e-03   0.334449e-06   5.075000  -0.291051e-05  -0.534965e-05
    10.200000   0.182269e-03   0.282597e-06   5.100000  -0.292255e-05  -0.506563e-05
    10.250000   0.166787e-03   0.234448e-06   5.125000  -0.291431e-05  -0.479398e-05
    10.300000   0.152648e-03   0.192548e-06   5.150000  -0.288490e-05  -0.453380e-05
    10.350000   0.139736e-03   0.158984e-06   5.175000  -0.283405e-05  -0.428411e-05
    10.400000   0.127942e-03   0.134744e-06   5.200000  -0.276207e-05  -0.404392e-05
    10.450000   0.117168e-03   0.119393e-06   5.225000  -0.266983e-05  -0.381221e-05
    10.500000   0.107325e-03   0.111101e-06   5.250000  -0.255870e-05  -0.358805e-05
    10.550000   0.983293e-04   0.107033e-06   5.275000  -0.243050e-05  -0.337058e-05
    10.600000   0.901067e-04   0.103982e-06   5.300000  -0.228737e-05  -0.315905e-05
    10.650000   0.825879e-04   0.990842e-07   5.325000  -0.213176e-05  -0.295282e-05
    10.700000   0.757103e-04   0.904441e-07   5.350000  -0.196626e-05  -0.275139e-05
    10.750000   0.694171e-04   0.775173e-07   5.375000  -0.179359e-05  -0.255441e-05
    10.800000   0.636570e-04   0.611610e-07   5.400000  -0.161645e-05  -0.236164e-05
    10.850000   0.583840e-04   0.433492e-07   5.425000  -0.143750e-05  -0.217299e-05
    10.900000   0.535563e-04   0.266288e-07   5.450000  -0.125924e-05  -0.198847e-05
    10.950000   0.491363e-04   0.134531e-07   5.475000  -0.108399e-05  -0.180820e-05
    11.000000   0.450897e-04   0.555827e-08   5.500000  -0.913821e-06  -0.163242e-05
    11.050000   0.413849e-04   0.353243e-08   5.525000  -0.750536e-06  -0.146140e-05
    11.100000   0.379929e-04   0.667654e-08   5.550000  -0.595631e-06  -0.129550e-05
    11.150000   0.348867e-04   0.131848e-07   5.575000  -0.450291e-06  -0.113512e-05
    11.200000   0.320413e-04   0.205925e-07   5.600000  -0.315390e-06  -0.980662e-06
    11.250000   0.294336e-04   0.263766e-07   5.625000  -0.191498e-06  -0.832550e-06
    11.300000   0.270424e-04   0.285585e-07   5.650000  -0.788965e-07  -0.691194e-06
    11.350000   0.248486e-04   0.261630e-07   5.675000   0.223950e-07  -0.556981e-06
    11.400000   0.228351e-04   0.194242e-07   5.700000   0.112589e-06  -0.430261e-06
    11.450000   0.209866e-04   0.969344e-08   5.725000   0.192099e-06  -0.311338e-06
    11.500000   0.192894e-04  -0.921714e-09   5.750000   0.261498e-06  -0.200460e-06
    11.550000   0.177315e-04  -0.100942e-07   5.775000   0.321489e-06  -0.978110e-07
    11.600000   0.163019e-04  -0.158555e-07   5.800000   0.372862e-06  -0.351049e-08
    11.650000   0.149906e-04  -0.170739e-07   5.825000   0.416461e-06   0.823936e-07
    11.700000   0.137881e-04  -0.137179e-07   5.850000   0.453153e-06   0.159924e-06
    11.750000   0.126853e-04  -0.684601e-08   5.875000   0.483799e-06   0.229174e-06
    11.800000   0.116737e-04   0.166985e-08   5.900000   0.509225e-06   0.290305e-06
    11.850000   0.107451e-04   0.961383e-08   5.925000   0.530209e-06   0.343543e-06
    11.900000   0.989194e-05   0.149707e-07   5.950000   0.547457e-06   0.389173e-06
    11.950000   0.910722e-05   0.164109e-07   5.975000   0.561597e-06   0.427536e-06
    12.000000   0.838482e-05   0.135998e-07   6.000000   0.573171e-06   0.459020e-06
    12.050000   0.771945e-05   0.725812e-08   6.025000   0.582628e-06   0.484052e-06
    12.100000   0.710657e-05  -0.103546e-08   6.050000   0.590332e-06   0.503096e-06
    12.150000   0.654232e-05  -0.924701e-08   6.075000   0.596562e-06   0.516636e-06
    12.200000   0.602336e-05  -0.153933e-07   6.100000   0.601516e-06   0.525180e-06
    12.250000   0.554661e-05  -0.180256e-07   6.125000   0.605328e-06   0.529241e-06
    12.300000   0.510911e-05  -0.165742e-07   6.150000   0.608070e-06   0.529339e-06
    12.350000   0.470788e-05  -0.114719e-07   6.175000   0.609767e-06   0.525986e-06
    12.400000   0.433988e-05  -0.403136e-08   6.200000   0.610409e-06   0.519688e-06
    12.450000   0.400202e-05   0.389117e-08   6.225000   0.609963e-06   0.510930e-06
    12.500000   0.369129e-05   0.103572e-07   6.250000   0.608380e-06   0.500178e-06
    12.550000   0.340489e-05   0.138202e-07   6.275000   0.605611e-06   0.487872e-06
    12.600000   0.314035e-05   0.134952e-07   6.300000   0.601609e-06   0.474419e-06
    12.650000   0.289561e-05   0.953690e-08   6.325000   0.596343e-06   0.460194e-06
    12.700000   0.266910e-05   0.298467e-08   6.350000   0.589797e-06   0.445539e-06
    12.750000   0.245964e-05  -0.450625e-08   6.375000   0.581982e-06   0.430753e-06
    12.800000   0.226635e-05  -0.110795e-07   6.400000   0.572930e-06   0.416102e-06
    12.850000   0.208851e-05  -0.151342e-07   6.425000   0.562700e-06   0.401808e-06
    12.900000   0.192539e-05  -0.157107e-07   6.450000   0.551377e-06   0.388060e-06
    12.950000   0.177612e-05  -0.127145e-07   6.475000   0.539068e-06   0.375005e-06
    13.000000   0.163966e-05  -0.692432e-08   6.500000   0.525900e-06   0.362756e-06
    13.050000   0.151478e-05   0.212216e-09   6.525000   0.512017e-06   0.351391e-06
    13.100000   0.140012e-05   0.694290e-08   6.550000   0.497577e-06   0.340955e-06
    13.150000   0.129434e-05   0.116432e-07   6.575000   0.482740e-06   0.331467e-06
    13.200000   0.119625e-05   0.132106e-07   6.600000   0.467673e-06   0.322914e-06
    13.250000   0.110487e-05   0.113242e-07   6.625000   0.452537e-06   0.315264e-06
    13.300000   0.101957e-05   0.651122e-08   6.650000   0.437487e-06   0.308461e-06
    13.350000   0.939995e-06   0.349527e-11   6.675000   0.422663e-06   0.302435e-06
    13.400000   0.866063e-06  -0.657370e-08   6.700000   0.408192e-06   0.297098e-06
    13.450000   0.797808e-06  -0.116046e-07   6.725000   0.394181e-06   0.292354e-06
    13.500000   0.735274e-06  -0.138771e-07   6.750000   0.380715e-06   0.288097e-06
    13.550000   0.678384e-06  -0.128715e-07   6.775000   0.367857e-06   0.284218e-06
    13.600000   0.626864e-06  -0.887646e-08   6.800000   0.355646e-06   0.280605e-06
    13.650000   0.580221e-06  -0.290603e-08   6.825000   0.344098e-06   0.277146e-06
    13.700000   0.537782e-06   0.355951e-08   6.850000   0.333204e-06   0.273732e-06
    13.750000   0.498782e-06   0.894179e-08   6.875000   0.322938e-06   0.270260e-06
    13.800000   0.462484e-06   0.119509e-07   6.900000   0.313253e-06   0.266633e-06
    13.850000   0.428288e-06   0.118954e-07   6.925000   0.304084e-06   0.262764e-06
    13.900000   0.395819e-06   0.884205e-08   6.950000   0.295357e-06   0.258574e-06
    13.950000   0.364952e-06   0.358752e-08   6.975000   0.286986e-06   0.253996e-06
    14.000000   0.335793e-06  -0.254690e-08   7.000000   0.278879e-06   0.248977e-06
    14.050000   0.308593e-06  -0.804562e-08   7.025000   0.270942e-06   0.243475e-06
    14.100000   0.283646e-06  -0.115713e-07   7.050000   0.263082e-06   0.237459e-06
    14.150000   0.261173e-06  -0.122885e-07   7.075000   0.255210e-06   0.230916e-06
    14.200000   0.241232e-06  -0.100597e-07   7.100000   0.247245e-06   0.223840e-06
    14.250000   0.223671e-06  -0.546839e-08   7.125000   0.239115e-06   0.216242e-06
    14.300000   0.208141e-06   0.333813e-09   7.150000   0.230761e-06   0.208143e-06
    14.350000   0.194150e-06   0.591669e-08   7.175000   0.222135e-06   0.199574e-06
    14.400000   0.181164e-06   0.992435e-08   7.200000   0.213208e-06   0.190578e-06
    14.450000   0.168710e-06   0.114049e-07   7.225000   0.203964e-06   0.181204e-06
    14.500000   0.156469e-06   0.100367e-07   7.250000   0.194401e-06   0.171512e-06
    14.550000   0.144333e-06   0.619769e-08   7.275000   0.184535e-06   0.161564e-06
    14.600000   0.132401e-06   0.863016e-09   7.300000   0.174395e-06   0.151429e-06
    14.650000   0.120941e-06  -0.464146e-08   7.325000   0.164021e-06   0.141178e-06
    14.700000   0.110301e-06  -0.896762e-08   7.350000   0.153466e-06   0.130885e-06
    14.750000   0.100807e-06  -0.110742e-07   7.375000   0.142792e-06   0.120620e-06
    14.800000   0.926691e-07  -0.104766e-07   7.400000   0.132066e-06   0.110457e-06
    14.850000   0.859223e-07  -0.735677e-08   7.425000   0.121361e-06   0.100461e-06
    14.900000   0.804051e-07  -0.250987e-08   7.450000   0.110752e-06   0.906983e-07
    14.950000   0.757924e-07   0.285868e-08   7.475000   0.100315e-06   0.812256e-07
    15.000000   0.716681e-07   0.743296e-08   7.500000   0.901210e-07   0.720954e-07
    15.050000   0.676183e-07   0.101091e-07   7.525000   0.802391e-07   0.633525e-07
    15.100000   0.633240e-07   0.102615e-07   7.550000   0.707316e-07   0.550341e-07
    15.150000   0.586296e-07   0.788901e-08   7.575000   0.616533e-07   0.471693e-07
    15.200000   0.535710e-07   0.360658e-08   7.600000   0.530506e-07   0.397789e-07
    15.250000   0.483564e-07  -0.151344e-08   7.625000   0.449602e-07   0.328753e-07
    15.300000   0.433068e-07  -0.620898e-08   7.650000   0.374091e-07   0.264630e-07
    15.350000   0.387693e-07  -0.933882e-08   7.675000   0.304141e-07   0.205391e-07
    15.400000   0.350266e-07  -0.101593e-07   7.700000   0.239821e-07   0.150933e-07
    15.450000   0.322236e-07  -0.850043e-08   7.725000   0.181107e-07   0.101094e-07
    15.500000   0.303297e-07  -0.479951e-08   7.750000   0.127887e-07   0.556539e-08
    15.550000   0.291446e-07   0.136390e-10   7.775000   0.799730e-08   0.143514e-08
    15.600000   0.283460e-07   0.475016e-08   7.800000   0.371092e-08  -0.231119e-08
    15.650000   0.275670e-07   0.825566e-08   7.825000  -0.101282e-09  -0.570582e-08
    15.700000   0.264827e-07   0.969142e-08   7.850000  -0.347423e-08  -0.878239e-08
    15.750000   0.248864e-07   0.873481e-08   7.875000  -0.644561e-08  -0.115750e-07
    15.800000   0.227355e-07   0.565119e-08   7.900000  -0.905454e-08  -0.141171e-07
    15.850000   0.201563e-07   0.122150e-08   7.925000  -0.113404e-07  -0.164410e-07
    15.900000   0.174086e-07  -0.345510e-08   7.950000  -0.133417e-07  -0.185766e-07
    15.950000   0.148177e-07  -0.723353e-08   7.975000  -0.150951e-07  -0.205515e-07
    16.000000   0.126914e-07  -0.920274e-08   8.000000  -0.166347e-07  -0.223896e-07
    16.050000   0.112435e-07  -0.890503e-08   8.025000  -0.179913e-07  -0.241117e-07
    16.100000   0.105406e-07  -0.644180e-08   8.050000  -0.191921e-07  -0.257347e-07
    16.150000   0.104867e-07  -0.244165e-08   8.075000  -0.202602e-07  -0.272718e-07
    16.200000   0.108473e-07   0.209975e-08   8.100000  -0.212151e-07  -0.287326e-07
    16.250000   0.113074e-07   0.606731e-08   8.125000  -0.220722e-07  -0.301232e-07
    16.300000   0.115487e-07   0.850009e-08   8.150000  -0.228432e-07  -0.314468e-07
    16.350000   0.113259e-07   0.882387e-08   8.175000  -0.235368e-07  -0.327040e-07
    16.400000   0.105251e-07   0.698634e-08   8.200000  -0.241589e-07  -0.338932e-07
    16.450000   0.918823e-08   0.346329e-08   8.225000  -0.247129e-07  -0.350113e-07
    16.500000   0.749988e-08  -0.864088e-09   8.250000  -0.252009e-07  -0.360541e-07
    16.550000   0.573914e-08  -0.492931e-08   8.275000  -0.256235e-07  -0.370172e-07
    16.600000   0.420915e-08  -0.774314e-08   8.300000  -0.259810e-07  -0.378961e-07
    16.650000   0.316179e-08  -0.863401e-08   8.325000  -0.262733e-07  -0.386869e-07
    16.700000   0.273608e-08  -0.740797e-08   8.350000  -0.265010e-07  -0.393869e-07
    16.750000   0.292507e-08  -0.439013e-08   8.375000  -0.266651e-07  -0.399944e-07
    16.800000   0.357900e-08  -0.338935e-09   8.400000  -0.267674e-07  -0.405096e-07
    16.850000   0.444336e-08   0.374421e-08   8.425000  -0.268108e-07  -0.409341e-07
    16.900000   0.522210e-08   0.686230e-08   8.450000  -0.267992e-07  -0.412714e-07
    16.950000   0.565016e-08   0.826595e-08   8.475000  -0.267373e-07  -0.415263e-07
    17.000000   0.555751e-08   0.763329e-08   8.500000  -0.266306e-07  -0.417055e-07
    17.050000   0.490901e-08   0.514333e-08   8.525000  -0.264850e-07  -0.418164e-07
    17.100000   0.381081e-08   0.142624e-08   8.550000  -0.263065e-07  -0.418676e-07
    17.150000   0.248209e-08  -0.259584e-08   8.575000  -0.261010e-07  -0.418679e-07
    17.200000   0.119962e-08  -0.593733e-08   8.600000  -0.258738e-07  -0.418262e-07
    17.250000   0.228921e-09  -0.779052e-08   8.625000  -0.256291e-07  -0.417509e-07
    17.300000  -0.240833e-09  -0.772053e-08   8.650000  -0.253700e-07  -0.416496e-07
    17.350000  -0.142337e-09  -0.576706e-08   8.675000  -0.250982e-07  -0.415289e-07
    17.400000   0.454750e-09  -0.242909e-08   8.700000  -0.248136e-07  -0.413936e-07
    17.450000   0.136244e-08   0.146232e-08   8.725000  -0.245142e-07  -0.412469e-07
    17.500000   0.232177e-08   0.495075e-08   8.750000  -0.241965e-07  -0.410900e-07
    17.550000   0.306691e-08   0.718929e-08   8.775000  -0.238553e-07  -0.409223e-07
    17.600000   0.339014e-08   0.764599e-08   8.800000  -0.234840e-07  -0.407412e-07
    17.650000   0.319176e-08   0.622998e-08   8.825000  -0.230749e-07  -0.405425e-07
    17.700000   0.250289e-08   0.330860e-08   8.850000  -0.226198e-07  -0.403206e-07
    17.750000   0.147612e-08  -0.387609e-09   8.875000  -0.221104e-07  -0.400689e-07
    17.800000   0.346375e-09  -0.394733e-08   8.900000  -0.215389e-07  -0.397802e-07
    17.850000  -0.627668e-09  -0.650302e-08   8.925000  -0.208984e-07  -0.394473e-07
    17.900000  -0.122733e-08  -0.744212e-08   8.950000  -0.201838e-07  -0.390637e-07
    17.950000  -0.132703e-08  -0.655368e-08   8.975000  -0.193922e-07  -0.386238e-07
    18.000000  -0.923922e-09  -0.407527e-08   9.000000  -0.185232e-07  -0.381238e-07
    18.050000  -0.137131e-09  -0.629906e-09   9.025000  -0.175796e-07  -0.375621e-07
    18.100000   0.822840e-09   0.293037e-08   9.050000  -0.165678e-07  -0.369396e-07
    18.150000   0.170670e-08   0.573502e-08   9.075000  -0.154973e-07  -0.362603e-07
    18.200000   0.228777e-08   0.710775e-08   9.100000  -0.143814e-07  -0.355312e-07
    18.250000   0.241712e-08   0.672936e-08   9.125000  -0.132366e-07  -0.347626e-07
    18.300000   0.205899e-08   0.471171e-08   9.150000  -0.120825e-07  -0.339680e-07
    18.350000   0.129807e-08   0.156561e-08   9.175000  -0.109411e-07  -0.331635e-07
    18.400000   0.317266e-09  -0.192831e-08   9.200000  -0.983626e-08  -0.323680e-07
    18.450000  -0.648330e-09  -0.491312e-08   9.225000  -0.879303e-08  -0.316021e-07
    18.500000  -0.136963e-08  -0.666560e-08   9.250000  -0.783657e-08  -0.308879e-07
    18.550000  -0.167958e-08  -0.677133e-08   9.275000  -0.699133e-08  -0.302476e-07
    18.600000  -0.151333e-08  -0.522245e-08   9.300000  -0.628008e-08  -0.297033e-07
    18.650000  -0.922887e-09  -0.241516e-08   9.325000  -0.572292e-08  -0.292758e-07
    18.700000  -0.630344e-10   0.951441e-09   9.350000  -0.533635e-08  -0.289835e-07
    18.750000   0.847759e-09   0.404926e-08   9.375000  -0.513248e-08  -0.288419e-07
    18.800000   0.158153e-08   0.612479e-08   9.400000  -0.511834e-08  -0.288624e-07
    18.850000   0.195667e-08   0.668223e-08   9.425000  -0.529531e-08  -0.290520e-07
    18.900000   0.188182e-08   0.560175e-08   9.450000  -0.565882e-08  -0.294125e-07
    18.950000   0.137713e-08   0.316469e-08   9.475000  -0.619820e-08  -0.299399e-07
    19.000000   0.567967e-09  -0.193720e-10   9.500000  -0.689678e-08  -0.306249e-07
    19.050000  -0.346992e-09  -0.316499e-08   9.525000  -0.773224e-08  -0.314521e-07
    19.100000  -0.114525e-08  -0.550445e-08   9.550000  -0.867716e-08  -0.324009e-07
    19.150000  -0.163523e-08  -0.647498e-08   9.575000  -0.969977e-08  -0.334455e-07
    19.200000  -0.170283e-08  -0.585402e-08   9.600000  -0.107649e-07  -0.345561e-07
    19.250000  -0.133840e-08  -0.380992e-08   9.625000  -0.118352e-07  -0.356990e-07
    19.300000  -0.638001e-09  -0.856757e-09   9.650000  -0.128720e-07  -0.368386e-07
    19.350000   0.221401e-09   0.227482e-08   9.675000  -0.138372e-07  -0.379375e-07
    19.400000   0.102609e-08   0.481823e-08   9.700000  -0.146938e-07  -0.389587e-07
    19.450000   0.157833e-08   0.615848e-08   9.725000  -0.154081e-07  -0.398661e-07
    19.500000   0.174457e-08   0.598074e-08   9.750000  -0.159499e-07  -0.406263e-07
    19.550000   0.148734e-08   0.434412e-08   9.775000  -0.162944e-07  -0.412094e-07
    19.600000   0.873392e-09   0.166332e-08   9.800000  -0.164225e-07  -0.415905e-07
    19.650000   0.561331e-10  -0.139624e-08   9.825000  -0.163218e-07  -0.417501e-07
    19.700000  -0.762874e-09  -0.408351e-08   9.850000  -0.159870e-07  -0.416754e-07
    19.750000  -0.138378e-08  -0.574601e-08   9.875000  -0.154200e-07  -0.413603e-07
    19.800000  -0.165734e-08  -0.598818e-08   9.900000  -0.146298e-07  -0.408059e-07
    19.850000  -0.152088e-08  -0.476532e-08   9.925000  -0.136324e-07  -0.400206e-07
    19.900000  -0.101268e-08  -0.239091e-08   9.950000  -0.124499e-07  -0.390196e-07
    19.950000  -0.261475e-09   0.543533e-09   9.975000  -0.111098e-07  -0.378244e-07
    20.000000   0.545978e-09   0.331570e-08  10.000000  -0.964401e-08  -0.364624e-07
