     0.000000   0.652072e-01   0.238288e-02   0.000000   0.100000e+01   0.000000e+00
     0.050000   0.652974e-01   0.238057e-02   0.025000   0.996697e+00  -0.560626e-05
     0.100000   0.655669e-01   0.237343e-02   0.050000   0.986840e+00  -0.222526e-04
     0.150000   0.660128e-01   0.236081e-02   0.075000   0.970577e+00  -0.494271e-04
     0.200000   0.666299e-01   0.234175e-02   0.100000   0.948157e+00  -0.862926e-04
     0.250000   0.674114e-01   0.231501e-02   0.125000   0.919918e+00  -0.131712e-03
     0.300000   0.683484e-01   0.227928e-02   0.150000   0.886281e+00  -0.184280e-03
     0.350000   0.694306e-01   0.223325e-02   0.175000   0.847745e+00  -0.242366e-03
     0.400000   0.706460e-01   0.217576e-02   0.200000   0.804873e+00  -0.304159e-03
     0.450000   0.719812e-01   0.210592e-02   0.225000   0.758279e+00  -0.367722e-03
     0.500000   0.734217e-01   0.202315e-02   0.250000   0.708620e+00  -0.431047e-03
     0.550000   0.749519e-01   0.192725e-02   0.275000   0.656581e+00  -0.492112e-03
     0.600000   0.765555e-01   0.181839e-02   0.300000   0.602858e+00  -0.548942e-03
     0.650000   0.782153e-01   0.169711e-02   0.325000   0.548152e+00  -0.599661e-03
     0.700000   0.799138e-01   0.156424e-02   0.350000   0.493149e+00  -0.642551e-03
     0.750000   0.816334e-01   0.142091e-02   0.375000   0.438513e+00  -0.676095e-03
     0.800000   0.833561e-01   0.126852e-02   0.400000   0.384869e+00  -0.699023e-03
     0.850000   0.850644e-01   0.110862e-02   0.425000   0.332799e+00  -0.710348e-03
     0.900000   0.867411e-01   0.943014e-03   0.450000   0.282830e+00  -0.709391e-03
     0.950000   0.883696e-01   0.773641e-03   0.475000   0.235428e+00  -0.695800e-03
     1.000000   0.899343e-01   0.602628e-03   0.500000   0.190990e+00  -0.669558e-03
     1.050000   0.914205e-01   0.432252e-03   0.525000   0.149842e+00  -0.630987e-03
     1.100000   0.928147e-01   0.264921e-03   0.550000   0.112239e+00  -0.580730e-03
     1.150000   0.941048e-01   0.103132e-03   0.575000   0.783592e-01  -0.519739e-03
     1.200000   0.952803e-01  -0.505946e-04   0.600000   0.483095e-01  -0.449247e-03
     1.250000   0.963321e-01  -0.193791e-03   0.625000   0.221262e-01  -0.370728e-03
     1.300000   0.972530e-01  -0.324137e-03   0.650000  -0.220500e-03  -0.285862e-03
     1.350000   0.980373e-01  -0.439565e-03   0.675000  -0.188218e-01  -0.196487e-03
     1.400000   0.986812e-01  -0.538351e-03   0.700000  -0.338240e-01  -0.104548e-03
     1.450000   0.991825e-01  -0.619204e-03   0.725000  -0.454216e-01  -0.120446e-04
     1.500000   0.995407e-01  -0.681321e-03   0.750000  -0.538502e-01   0.790178e-04
     1.550000   0.997572e-01  -0.724425e-03   0.775000  -0.593781e-01   0.166684e-03
     1.600000   0.998348e-01  -0.748761e-03   0.800000  -0.622990e-01   0.249097e-03
     1.650000   0.997779e-01  -0.755068e-03   0.825000  -0.629238e-01   0.324544e-03
     1.700000   0.995925e-01  -0.744522e-03   0.850000  -0.615728e-01   0.391499e-03
     1.750000   0.992860e-01  -0.718657e-03   0.875000  -0.585686e-01   0.448657e-03
     1.800000   0.988671e-01  -0.679281e-03   0.900000  -0.542293e-01   0.494963e-03
     1.850000   0.983456e-01  -0.628377e-03   0.925000  -0.488626e-01   0.529637e-03
     1.900000   0.977326e-01  -0.568021e-03   0.950000  -0.427601e-01   0.552184e-03
     1.950000   0.970397e-01  -0.500302e-03   0.975000  -0.361928e-01   0.562400e-03
     2.000000   0.962797e-01  -0.427255e-03   1.000000  -0.294079e-01   0.560376e-03
     2.050000   0.954657e-01  -0.350807e-03   1.025000  -0.226254e-01   0.546481e-03
     2.100000   0.946112e-01  -0.272744e-03   1.050000  -0.160364e-01   0.521352e-03
     2.150000   0.937297e-01  -0.194681e-03   1.075000  -0.980227e-02   0.485868e-03
     2.200000   0.928350e-01  -0.118048e-03   1.100000  -0.405378e-02   0.441124e-03
     2.250000   0.919402e-01  -0.440795e-04   1.125000   0.110798e-02   0.388394e-03
     2.300000   0.910582e-01   0.261873e-04   1.150000   0.561074e-02   0.329099e-03
     2.350000   0.902012e-01   0.919091e-04   1.175000   0.940936e-02   0.264765e-03
     2.400000   0.893805e-01   0.152430e-03   1.200000   0.124837e-01   0.196983e-03
     2.450000   0.886063e-01   0.207268e-03   1.225000   0.148362e-01   0.127368e-03
     2.500000   0.878878e-01   0.256103e-03   1.250000   0.164889e-01   0.575195e-04
     2.550000   0.872329e-01   0.298749e-03   1.275000   0.174807e-01  -0.110184e-04
     2.600000   0.866482e-01   0.335138e-03   1.300000   0.178642e-01  -0.767900e-04
     2.650000   0.861389e-01   0.365290e-03   1.325000   0.177024e-01  -0.138461e-03
     2.700000   0.857087e-01   0.389293e-03   1.350000   0.170664e-01  -0.194847e-03
     2.750000   0.853600e-01   0.407275e-03   1.375000   0.160315e-01  -0.244932e-03
     2.800000   0.850937e-01   0.419392e-03   1.400000   0.146757e-01  -0.287893e-03
     2.850000   0.849094e-01   0.425810e-03   1.425000   0.130764e-01  -0.323102e-03
     2.900000   0.848054e-01   0.426705e-03   1.450000   0.113086e-01  -0.350142e-03
     2.950000   0.847788e-01   0.422257e-03   1.475000   0.944315e-02  -0.368799e-03
     3.000000   0.848257e-01   0.412656e-03   1.500000   0.754519e-02  -0.379065e-03
     3.050000   0.849411e-01   0.398109e-03   1.525000   0.567297e-02  -0.381123e-03
     3.100000   0.851192e-01   0.378851e-03   1.550000   0.387701e-02  -0.375334e-03
     3.150000   0.853536e-01   0.355148e-03   1.575000   0.219960e-02  -0.362224e-03
     3.200000   0.856373e-01   0.327310e-03   1.600000   0.674538e-03  -0.342455e-03
     3.250000   0.859629e-01   0.295688e-03   1.625000  -0.672851e-03  -0.316808e-03
     3.300000   0.863227e-01   0.260675e-03   1.650000  -0.182543e-02  -0.286155e-03
     3.350000   0.867090e-01   0.222708e-03   1.675000  -0.277382e-02  -0.251435e-03
     3.400000   0.871140e-01   0.182258e-03   1.700000  -0.351571e-02  -0.213625e-03
     3.450000   0.875302e-01   0.139823e-03   1.725000  -0.405516e-02  -0.173713e-03
     3.500000   0.879503e-01   0.959220e-04   1.750000  -0.440172e-02  -0.132679e-03
     3.550000   0.883672e-01   0.510871e-04   1.775000  -0.456951e-02  -0.914658e-04
     3.600000   0.887747e-01   0.585174e-05   1.800000  -0.457628e-02  -0.509606e-04
     3.650000   0.891667e-01  -0.392564e-04   1.825000  -0.444245e-02  -0.119765e-04
     3.700000   0.895379e-01  -0.837255e-04   1.850000  -0.419025e-02   0.247631e-04
     3.750000   0.898838e-01  -0.127070e-03   1.875000  -0.384281e-02   0.586364e-04
     3.800000   0.902003e-01  -0.168841e-03   1.900000  -0.342339e-02   0.891321e-04
     3.850000   0.904842e-01  -0.208639e-03   1.925000  -0.295468e-02   0.115855e-03
     3.900000   0.907330e-01  -0.246121e-03   1.950000  -0.245818e-02   0.138528e-03
     3.950000   0.909450e-01  -0.281013e-03   1.975000  -0.195371e-02   0.156991e-03
     4.000000   0.911189e-01  -0.313117e-03   2.000000  -0.145902e-02   0.171198e-03
     4.050000   0.912543e-01  -0.342316e-03   2.025000  -0.989463e-03   0.181206e-03
     4.100000   0.913513e-01  -0.368571e-03   2.050000  -0.557842e-03   0.187174e-03
     4.150000   0.914106e-01  -0.391921e-03   2.075000  -0.174300e-03   0.189344e-03
     4.200000   0.914333e-01  -0.412477e-03   2.100000   0.153679e-03   0.188034e-03
     4.250000   0.914210e-01  -0.430407e-03   2.125000   0.421194e-03   0.183623e-03
     4.300000   0.913756e-01  -0.445928e-03   2.150000   0.625788e-03   0.176533e-03
     4.350000   0.912991e-01  -0.459290e-03   2.175000   0.767244e-03   0.167223e-03
     4.400000   0.911938e-01  -0.470759e-03   2.200000   0.847343e-03   0.156166e-03
     4.450000   0.910620e-01  -0.480610e-03   2.225000   0.869593e-03   0.143840e-03
     4.500000   0.909061e-01  -0.489108e-03   2.250000   0.838925e-03   0.130715e-03
     4.550000   0.907282e-01  -0.496501e-03   2.275000   0.761397e-03   0.117239e-03
     4.600000   0.905303e-01  -0.503011e-03   2.300000   0.643883e-03   0.103831e-03
     4.650000   0.903140e-01  -0.508827e-03   2.325000   0.493780e-03   0.908678e-04
     4.700000   0.900808e-01  -0.514097e-03   2.350000   0.318731e-03   0.786818e-04
     4.750000   0.898317e-01  -0.518927e-03   2.375000   0.126371e-03   0.675521e-04
     4.800000   0.895672e-01  -0.523374e-03   2.400000  -0.759027e-04   0.577028e-04
     4.850000   0.892872e-01  -0.527443e-03   2.425000  -0.281119e-03   0.493004e-04
     4.900000   0.889915e-01  -0.531088e-03   2.450000  -0.482897e-03   0.424542e-04
     4.950000   0.886790e-01  -0.534212e-03   2.475000  -0.675572e-03   0.372178e-04
     5.000000   0.883482e-01  -0.536666e-03   2.500000  -0.854283e-03   0.335914e-04
     5.050000   0.879972e-01  -0.538256e-03   2.525000  -0.101503e-02   0.315268e-04
     5.100000   0.876235e-01  -0.538749e-03   2.550000  -0.115471e-02   0.309320e-04
     5.150000   0.872242e-01  -0.537883e-03   2.575000  -0.127108e-02   0.316774e-04
     5.200000   0.867962e-01  -0.535374e-03   2.600000  -0.136278e-02   0.336021e-04
     5.250000   0.863358e-01  -0.530934e-03   2.625000  -0.142925e-02   0.365213e-04
     5.300000   0.858391e-01  -0.524278e-03   2.650000  -0.147065e-02   0.402329e-04
     5.350000   0.853022e-01  -0.515140e-03   2.675000  -0.148782e-02   0.445251e-04
     5.400000   0.847209e-01  -0.503281e-03   2.700000  -0.148213e-02   0.491825e-04
     5.450000   0.840911e-01  -0.488506e-03   2.725000  -0.145544e-02   0.539931e-04
     5.500000   0.834086e-01  -0.470667e-03   2.750000  -0.140998e-02   0.587539e-04
     5.550000   0.826696e-01  -0.449674e-03   2.775000  -0.134822e-02   0.632759e-04
     5.600000   0.818703e-01  -0.425499e-03   2.800000  -0.127282e-02   0.673887e-04
     5.650000   0.810072e-01  -0.398181e-03   2.825000  -0.118650e-02   0.709441e-04
     5.700000   0.800774e-01  -0.367829e-03   2.850000  -0.109199e-02   0.738183e-04
     5.750000   0.790782e-01  -0.334621e-03   2.875000  -0.991940e-03   0.759146e-04
     5.800000   0.780076e-01  -0.298806e-03   2.900000  -0.888848e-03   0.771634e-04
     5.850000   0.768639e-01  -0.260699e-03   2.925000  -0.785032e-03   0.775228e-04
     5.900000   0.756464e-01  -0.220674e-03   2.950000  -0.682576e-03   0.769780e-04
     5.950000   0.743547e-01  -0.179161e-03   2.975000  -0.583302e-03   0.755399e-04
     6.000000   0.729891e-01  -0.136634e-03   3.000000  -0.488753e-03   0.732429e-04
     6.050000   0.715507e-01  -0.935959e-04   3.025000  -0.400184e-03   0.701428e-04
     6.100000   0.700413e-01  -0.505718e-04   3.050000  -0.318563e-03   0.663138e-04
     6.150000   0.684632e-01  -0.808914e-05   3.075000  -0.244580e-03   0.618452e-04
     6.200000   0.668195e-01   0.333349e-04   3.100000  -0.178663e-03   0.568384e-04
     6.250000   0.651139e-01   0.732077e-04   3.125000  -0.120995e-03   0.514032e-04
     6.300000   0.633507e-01   0.111074e-03   3.150000  -0.715459e-04   0.456545e-04
     6.350000   0.615347e-01   0.146527e-03   3.175000  -0.300935e-04   0.397090e-04
     6.400000   0.596712e-01   0.179216e-03   3.200000   0.374210e-05   0.336823e-04
     6.450000   0.577661e-01   0.208854e-03   3.225000   0.304695e-04   0.276854e-04
     6.500000   0.558255e-01   0.235220e-03   3.250000   0.506954e-04   0.218231e-04
     6.550000   0.538558e-01   0.258160e-03   3.275000   0.650954e-04   0.161910e-04
     6.600000   0.518638e-01   0.277586e-03   3.300000   0.743868e-04   0.108741e-04
     6.650000   0.498563e-01   0.293472e-03   3.325000   0.793034e-04   0.594544e-05
     6.700000   0.478402e-01   0.305855e-03   3.350000   0.805734e-04   0.146493e-05
     6.750000   0.458226e-01   0.314822e-03   3.375000   0.789006e-04  -0.252104e-05
     6.800000   0.438102e-01   0.320511e-03   3.400000   0.749486e-04  -0.597988e-05
     6.850000   0.418099e-01   0.323100e-03   3.425000   0.693282e-04  -0.889260e-05
     6.900000   0.398281e-01   0.322804e-03   3.450000   0.625887e-04  -0.112532e-04
     6.950000   0.378711e-01   0.319864e-03   3.475000   0.552114e-04  -0.130681e-04
     7.000000   0.359450e-01   0.314541e-03   3.500000   0.476065e-04  -0.143548e-04
     7.050000   0.340552e-01   0.307113e-03   3.525000   0.401129e-04  -0.151408e-04
     7.100000   0.322069e-01   0.297860e-03   3.550000   0.329990e-04  -0.154620e-04
     7.150000   0.304049e-01   0.287068e-03   3.575000   0.264672e-04  -0.153617e-04
     7.200000   0.286533e-01   0.275015e-03   3.600000   0.206578e-04  -0.148884e-04
     7.250000   0.269559e-01   0.261971e-03   3.625000   0.156563e-04  -0.140945e-04
     7.300000   0.253159e-01   0.248191e-03   3.650000   0.114993e-04  -0.130349e-04
     7.350000   0.237359e-01   0.233918e-03   3.675000   0.818268e-05  -0.117654e-04
     7.400000   0.222181e-01   0.219371e-03   3.700000   0.566863e-05  -0.103413e-04
     7.450000   0.207641e-01   0.204754e-03   3.725000   0.389339e-05  -0.881606e-05
     7.500000   0.193751e-01   0.190244e-03   3.750000   0.277427e-05  -0.724046e-05
     7.550000   0.180518e-01   0.176000e-03   3.775000   0.221624e-05  -0.566146e-05
     7.600000   0.167942e-01   0.162156e-03   3.800000   0.211791e-05  -0.412153e-05
     7.650000   0.156022e-01   0.148820e-03   3.825000   0.237667e-05  -0.265798e-05
     7.700000   0.144751e-01   0.136081e-03   3.850000   0.289311e-05  -0.130264e-05
     7.750000   0.134119e-01   0.124003e-03   3.875000   0.357449e-05  -0.815681e-07
     7.800000   0.124113e-01   0.112628e-03   3.900000   0.433745e-05   0.985030e-06
     7.850000   0.114716e-01   0.101982e-03   3.925000   0.510993e-05   0.188271e-05
     7.900000   0.105911e-01   0.920710e-04   3.950000   0.583224e-05   0.260258e-05
     7.950000   0.976771e-02   0.828902e-04   3.975000   0.645756e-05   0.314101e-05
     8.000000   0.899916e-02   0.744236e-04   4.000000   0.695183e-05   0.349919e-05
     8.050000   0.828317e-02   0.666475e-04   4.025000   0.729314e-05   0.368263e-05
     8.100000   0.761732e-02   0.595338e-04   4.050000   0.747068e-05   0.370062e-05
     8.150000   0.699914e-02   0.530515e-04   4.075000   0.748350e-05   0.356563e-05
     8.200000   0.642612e-02   0.471679e-04   4.100000   0.733896e-05   0.329270e-05
     8.250000   0.589577e-02   0.418498e-04   4.125000   0.705116e-05   0.289882e-05
     8.300000   0.540560e-02   0.370630e-04   4.150000   0.663928e-05   0.240233e-05
     8.350000   0.495319e-02   0.327723e-04   4.175000   0.612594e-05   0.182235e-05
     8.400000   0.453613e-02   0.289415e-04   4.200000   0.553574e-05   0.117823e-05
     8.450000   0.415211e-02   0.255333e-04   4.225000   0.489385e-05   0.489060e-06
     8.500000   0.379889e-02   0.225093e-04   4.250000   0.422482e-05  -0.226738e-06
     8.550000   0.347432e-02   0.198311e-04   4.275000   0.355159e-05  -0.951809e-06
     8.600000   0.317635e-02   0.174609e-04   4.300000   0.289469e-05  -0.167016e-05
     8.650000   0.290302e-02   0.153631e-04   4.325000   0.227163e-05  -0.236742e-05
     8.700000   0.265250e-02   0.135049e-04   4.350000   0.169661e-05  -0.303099e-05
     8.750000   0.242303e-02   0.118579e-04   4.375000   0.118023e-05  -0.365018e-05
     8.800000   0.221297e-02   0.103976e-04   4.400000   0.729584e-06  -0.421627e-05
     8.850000   0.202081e-02   0.910414e-05   4.425000   0.348333e-06  -0.472248e-05
     8.900000   0.184510e-02   0.796121e-05   4.450000   0.370080e-07  -0.516398e-05
     8.950000   0.168450e-02   0.695525e-05   4.475000  -0.206635e-06  -0.553776e-05
     9.000000   0.153779e-02   0.607431e-05   4.500000  -0.387178e-06  -0.584252e-05
     9.050000   0.140381e-02   0.530703e-05   4.525000  -0.511063e-06  -0.607854e-05
     9.100000   0.128150e-02   0.464185e-05   4.550000  -0.586094e-06  -0.624746e-05
     9.150000   0.116985e-02   0.406668e-05   4.575000  -0.620948e-06  -0.635214e-05
     9.200000   0.106798e-02   0.356899e-05   4.600000  -0.624703e-06  -0.639646e-05
     9.250000   0.975024e-03   0.313633e-05   4.625000  -0.606410e-06  -0.638510e-05
     9.300000   0.890225e-03   0.275711e-05   4.650000  -0.574717e-06  -0.632334e-05
     9.350000   0.812871e-03   0.242129e-05   4.675000  -0.537554e-06  -0.621692e-05
     9.400000   0.742311e-03   0.212106e-05   4.700000  -0.501884e-06  -0.607181e-05
     9.450000   0.677951e-03   0.185109e-05   4.725000  -0.473521e-06  -0.589408e-05
     9.500000   0.619249e-03   0.160840e-05   4.750000  -0.457021e-06  -0.568972e-05
     9.550000   0.565707e-03   0.139185e-05   4.775000  -0.455630e-06  -0.546458e-05
     9.600000   0.516871e-03   0.120132e-05   4.800000  -0.471299e-06  -0.522416e-05
     9.650000   0.472329e-03   0.103688e-05   4.825000  -0.504744e-06  -0.497363e-05
     9.700000   0.431700e-03   0.897936e-06   4.850000  -0.555556e-06  -0.471767e-05
     9.750000   0.394637e-03   0.782756e-06   4.875000  -0.622338e-06  -0.446050e-05
     9.800000   0.360825e-03   0.688283e-06   4.900000  -0.702871e-06  -0.420576e-05
     9.850000   0.329974e-03   0.610377e-06   4.925000  -0.794299e-06  -0.395659e-05
     9.900000   0.301820e-03   0.544358e-06   4.950000  -0.893312e-06  -0.371556e-05
     9.950000   0.276121e-03   0.485717e-06   4.975000  -0.996339e-06  -0.348469e-05
    10.000000   0.252658e-03   0.430822e-06   5.000000  -0.109972e-05  -0.326554e-05
    10.050000   0.231233e-03   0.377436e-06   5.025000  -0.119987e-05  -0.305914e-05
    10.100000   0.211666e-03   0.324936e-06   5.050000  -0.129344e-05  -0.286611e-05
    10.150000   0.193791e-03   0.274173e-06   5.075000  -0.137741e-05  -0.268669e-05
    10.200000   0.177462e-03   0.227024e-06   5.100000  -0.144920e-05  -0.252077e-05
    10.250000   0.162542e-03   0.185730e-06   5.125000  -0.150674e-05  -0.236794e-05
    10.300000   0.148908e-03   0.152198e-06   5.150000  -0.154852e-05  -0.222756e-05
    10.350000   0.136448e-03   0.127413e-06   5.175000  -0.157361e-05  -0.209882e-05
    10.400000   0.125058e-03   0.111103e-06   5.200000  -0.158161e-05  -0.198075e-05
    10.450000   0.114645e-03   0.101737e-06   5.225000  -0.157268e-05  -0.187230e-05
    10.500000   0.105121e-03   0.968187e-07   5.250000  -0.154748e-05  -0.177235e-05
    10.550000   0.964085e-04   0.934346e-07   5.275000  -0.150710e-05  -0.167979e-05
    10.600000   0.884350e-04   0.888833e-07   5.300000  -0.145299e-05  -0.159352e-05
    10.650000   0.811355e-04   0.812567e-07   5.325000  -0.138688e-05  -0.151247e-05
    10.700000   0.744513e-04   0.698224e-07   5.350000  -0.131072e-05  -0.143566e-05
    10.750000   0.683293e-04   0.551226e-07   5.375000  -0.122659e-05  -0.136218e-05
    10.800000   0.627216e-04   0.387726e-07   5.400000  -0.113660e-05  -0.129124e-05
    10.850000   0.575847e-04   0.230108e-07   5.425000  -0.104286e-05  -0.122214e-05
    10.900000   0.528791e-04   0.101152e-07   5.450000  -0.947366e-06  -0.115429e-05
    10.950000   0.485685e-04   0.182630e-08   5.475000  -0.851994e-06  -0.108725e-05
    11.000000   0.446195e-04  -0.108419e-08   5.500000  -0.758413e-06  -0.102064e-05
    11.050000   0.410009e-04   0.999812e-09   5.525000  -0.668074e-06  -0.954245e-06
    11.100000   0.376842e-04   0.663617e-08   5.550000  -0.582176e-06  -0.887910e-06
    11.150000   0.346427e-04   0.136762e-07   5.575000  -0.501661e-06  -0.821595e-06
    11.200000   0.318522e-04   0.197807e-07   5.600000  -0.427208e-06  -0.755340e-06
    11.250000   0.292905e-04   0.229730e-07   5.625000  -0.359240e-06  -0.689259e-06
    11.300000   0.269380e-04   0.220944e-07   5.650000  -0.297943e-06  -0.623530e-06
    11.350000   0.247769e-04   0.170566e-07   5.675000  -0.243284e-06  -0.558380e-06
    11.400000   0.227915e-04   0.883094e-08   5.700000  -0.195042e-06  -0.494077e-06
    11.450000   0.209677e-04  -0.813524e-09   5.725000  -0.152839e-06  -0.430920e-06
    11.500000   0.192929e-04  -0.975908e-08   5.750000  -0.116174e-06  -0.369221e-06
    11.550000   0.177553e-04  -0.160615e-07   5.775000  -0.844564e-07  -0.309305e-06
    11.600000   0.163442e-04  -0.184195e-07   5.800000  -0.570433e-07  -0.251493e-06
    11.650000   0.150491e-04  -0.164795e-07   5.825000  -0.332679e-07  -0.196096e-06
    11.700000   0.138603e-04  -0.109055e-07   5.850000  -0.124718e-07  -0.143409e-06
    11.750000   0.127683e-04  -0.320272e-08   5.875000   0.597024e-08  -0.937025e-07
    11.800000   0.117644e-04   0.465904e-08   5.900000   0.226282e-07  -0.472186e-07
    11.850000   0.108406e-04   0.107263e-07   5.925000   0.380002e-07  -0.416462e-08
    11.900000   0.998973e-05   0.135299e-07   5.950000   0.525001e-07   0.352890e-07
    11.950000   0.920552e-05   0.124283e-07   5.975000   0.664505e-07   0.710120e-07
    12.000000   0.848261e-05   0.774382e-08   6.000000   0.800801e-07   0.102916e-06
    12.050000   0.781643e-05   0.665249e-09   6.025000   0.935253e-07   0.130955e-06
    12.100000   0.720302e-05  -0.705685e-08   6.050000   0.106836e-06   0.155126e-06
    12.150000   0.663879e-05  -0.135444e-07   6.075000   0.119983e-06   0.175468e-06
    12.200000   0.612038e-05  -0.172483e-07   6.100000   0.132872e-06   0.192062e-06
    12.250000   0.564442e-05  -0.173172e-07   6.125000   0.145355e-06   0.205025e-06
    12.300000   0.520749e-05  -0.137908e-07   6.150000   0.157245e-06   0.214513e-06
    12.350000   0.480613e-05  -0.757417e-08   6.175000   0.168330e-06   0.220714e-06
    12.400000   0.443691e-05  -0.203876e-09   6.200000   0.178390e-06   0.223847e-06
    12.450000   0.409657e-05   0.653429e-08   6.225000   0.187210e-06   0.224156e-06
    12.500000   0.378218e-05   0.110410e-07   6.250000   0.194591e-06   0.221907e-06
    12.550000   0.349125e-05   0.122861e-07   6.275000   0.200365e-06   0.217382e-06
    12.600000   0.322180e-05   0.100473e-07   6.300000   0.204400e-06   0.210878e-06
    12.650000   0.297232e-05   0.494893e-08   6.325000   0.206608e-06   0.202698e-06
    12.700000   0.274168e-05  -0.170388e-08   6.350000   0.206954e-06   0.193151e-06
    12.750000   0.252901e-05  -0.825317e-08   6.375000   0.205449e-06   0.182542e-06
    12.800000   0.233348e-05  -0.130953e-07   6.400000   0.202159e-06   0.171171e-06
    12.850000   0.215419e-05  -0.150683e-07   6.425000   0.197196e-06   0.159328e-06
    12.900000   0.199005e-05  -0.137247e-07   6.450000   0.190719e-06   0.147288e-06
    12.950000   0.183976e-05  -0.942850e-08   6.475000   0.182923e-06   0.135306e-06
    13.000000   0.170184e-05  -0.325236e-08   6.500000   0.174036e-06   0.123620e-06
    13.050000   0.157477e-05   0.329350e-08   6.525000   0.164309e-06   0.112439e-06
    13.100000   0.145712e-05   0.863440e-08   6.550000   0.154006e-06   0.101947e-06
    13.150000   0.134767e-05   0.115134e-07   6.575000   0.143398e-06   0.922980e-07
    13.200000   0.124550e-05   0.112900e-07   6.600000   0.132753e-06   0.836165e-07
    13.250000   0.115008e-05   0.808548e-08   6.625000   0.122325e-06   0.759957e-07
    13.300000   0.106115e-05   0.274010e-08   6.650000   0.112351e-06   0.694974e-07
    13.350000   0.978700e-06  -0.340170e-08   6.675000   0.103040e-06   0.641531e-07
    13.400000   0.902768e-06  -0.882542e-08   6.700000   0.945702e-07   0.599642e-07
    13.450000   0.833346e-06  -0.122161e-07   6.725000   0.870836e-07   0.569043e-07
    13.500000   0.770243e-06  -0.127734e-07   6.750000   0.806834e-07   0.549210e-07
    13.550000   0.713035e-06  -0.103973e-07   6.775000   0.754322e-07   0.539383e-07
    13.600000   0.661067e-06  -0.570107e-08   6.800000   0.713523e-07   0.538598e-07
    13.650000   0.613525e-06   0.149203e-09   6.825000   0.684271e-07   0.545718e-07
    13.700000   0.569553e-06   0.572572e-08   6.850000   0.666029e-07   0.559470e-07
    13.750000   0.528381e-06   0.968935e-08   6.875000   0.657931e-07   0.578480e-07
    13.800000   0.489436e-06   0.111128e-07   6.900000   0.658823e-07   0.601309e-07
    13.850000   0.452414e-06   0.969888e-08   6.925000   0.667317e-07   0.626496e-07
    13.900000   0.417284e-06   0.584275e-08   6.950000   0.681843e-07   0.652589e-07
    13.950000   0.384236e-06   0.525220e-09   6.975000   0.700715e-07   0.678182e-07
    14.000000   0.353579e-06  -0.493413e-08   7.000000   0.722186e-07   0.701950e-07
    14.050000   0.325615e-06  -0.920216e-08   7.025000   0.744510e-07   0.722675e-07
    14.100000   0.300524e-06  -0.112557e-07   7.050000   0.765997e-07   0.739273e-07
    14.150000   0.278280e-06  -0.106249e-07   7.075000   0.785068e-07   0.750817e-07
    14.200000   0.258625e-06  -0.749883e-08   7.100000   0.800296e-07   0.756554e-07
    14.250000   0.241098e-06  -0.266930e-08   7.125000   0.810449e-07   0.755915e-07
    14.300000   0.225120e-06   0.267006e-08   7.150000   0.814521e-07   0.748525e-07
    14.350000   0.210108e-06   0.721965e-08   7.175000   0.811750e-07   0.734204e-07
    14.400000   0.195584e-06   0.989078e-08   7.200000   0.801639e-07   0.712968e-07
    14.450000   0.181270e-06   0.100667e-07   7.225000   0.783954e-07   0.685015e-07
    14.500000   0.167123e-06   0.774544e-08   7.250000   0.758723e-07   0.650720e-07
    14.550000   0.153323e-06   0.353081e-08   7.275000   0.726226e-07   0.610614e-07
    14.600000   0.140206e-06  -0.152267e-08   7.300000   0.686974e-07   0.565370e-07
    14.650000   0.128161e-06  -0.617252e-08   7.325000   0.641683e-07   0.515776e-07
    14.700000   0.117516e-06  -0.929262e-08   7.350000   0.591245e-07   0.462713e-07
    14.750000   0.108449e-06  -0.101449e-07   7.375000   0.536690e-07   0.407129e-07
    14.800000   0.100927e-06  -0.855279e-08   7.400000   0.479152e-07   0.350009e-07
    14.850000   0.947098e-07  -0.493613e-08   7.425000   0.419827e-07   0.292350e-07
    14.900000   0.893945e-07  -0.200525e-09   7.450000   0.359933e-07   0.235135e-07
    14.950000   0.845069e-07   0.448944e-08   7.475000   0.300671e-07   0.179302e-07
    15.000000   0.796063e-07   0.799675e-08   7.500000   0.243191e-07   0.125726e-07
    15.050000   0.743821e-07   0.948765e-08   7.525000   0.188550e-07   0.751924e-08
    15.100000   0.687182e-07   0.862993e-08   7.550000   0.137694e-07   0.283824e-08
    15.150000   0.627092e-07   0.566649e-08   7.575000   0.914201e-08  -0.141459e-08
    15.200000   0.566273e-07   0.134833e-08   7.600000   0.503670e-08  -0.519673e-08
    15.250000   0.508457e-07  -0.325495e-08   7.625000   0.149951e-08  -0.847971e-08
    15.300000   0.457407e-07  -0.701943e-08   7.650000  -0.144192e-08  -0.112495e-07
    15.350000   0.415938e-07  -0.904066e-08   7.675000  -0.377854e-08  -0.135063e-07
    15.400000   0.385198e-07  -0.885032e-08   7.700000  -0.551954e-08  -0.152644e-07
    15.450000   0.364359e-07  -0.652406e-08   7.725000  -0.669127e-08  -0.165508e-07
    15.500000   0.350803e-07  -0.265566e-08   7.750000  -0.733584e-08  -0.174042e-07
    15.550000   0.340738e-07   0.179435e-08   7.775000  -0.750908e-08  -0.178737e-07
    15.600000   0.330095e-07   0.573703e-08   7.800000  -0.727825e-08  -0.180167e-07
    15.650000   0.315478e-07   0.822143e-08   7.825000  -0.671942e-08  -0.178969e-07
    15.700000   0.294949e-07   0.866381e-08   7.850000  -0.591462e-08  -0.175820e-07
    15.750000   0.268434e-07   0.698464e-08   7.875000  -0.494893e-08  -0.171418e-07
    15.800000   0.237694e-07   0.362113e-08   7.900000  -0.390753e-08  -0.166458e-07
    15.850000   0.205836e-07  -0.585878e-09   7.925000  -0.287288e-08  -0.161608e-07
    15.900000   0.176514e-07  -0.460165e-08   7.950000  -0.192203e-08  -0.157491e-07
    15.950000   0.153015e-07  -0.745167e-08   7.975000  -0.112423e-08  -0.154666e-07
    16.000000   0.137442e-07  -0.845770e-08   8.000000  -0.538869e-09  -0.153608e-07
    16.050000   0.130200e-07  -0.739882e-08   8.025000  -0.213764e-09  -0.154700e-07
    16.100000   0.129905e-07  -0.455915e-08   8.050000  -0.183955e-09  -0.158219e-07
    16.150000   0.133727e-07  -0.652157e-09   8.075000  -0.470918e-09  -0.164333e-07
    16.200000   0.138080e-07   0.335834e-08   8.100000  -0.108229e-08  -0.173094e-07
    16.250000   0.139491e-07   0.649578e-08   8.125000  -0.201204e-08  -0.184441e-07
    16.300000   0.135424e-07   0.800849e-08   8.150000  -0.324117e-08  -0.198209e-07
    16.350000   0.124873e-07   0.754959e-08   8.175000  -0.473877e-08  -0.214130e-07
    16.400000   0.108569e-07   0.525615e-08   8.200000  -0.646350e-08  -0.231850e-07
    16.450000   0.887702e-08   0.170972e-08   8.225000  -0.836541e-08  -0.250941e-07
    16.500000   0.686815e-08  -0.221078e-08   8.250000  -0.103880e-07  -0.270918e-07
    16.550000   0.516536e-08  -0.554655e-08   8.275000  -0.124704e-07  -0.291259e-07
    16.600000   0.403589e-08  -0.749312e-08   8.300000  -0.145497e-07  -0.311422e-07
    16.650000   0.361440e-08  -0.759411e-08   8.325000  -0.165636e-07  -0.330865e-07
    16.700000   0.387132e-08  -0.584785e-08   8.350000  -0.184521e-07  -0.349066e-07
    16.750000   0.462157e-08  -0.270214e-08   8.375000  -0.201601e-07  -0.365542e-07
    16.800000   0.557097e-08   0.106030e-08   8.400000  -0.216391e-07  -0.379866e-07
    16.850000   0.638853e-08   0.451635e-08   8.425000  -0.228491e-07  -0.391677e-07
    16.900000   0.678682e-08   0.682885e-08   8.450000  -0.237594e-07  -0.400701e-07
    16.950000   0.659063e-08   0.744917e-08   8.475000  -0.243499e-07  -0.406751e-07
    17.000000   0.577760e-08   0.624715e-08   8.500000  -0.246115e-07  -0.409737e-07
    17.050000   0.448115e-08   0.353770e-08   8.525000  -0.245462e-07  -0.409669e-07
    17.100000   0.295561e-08  -0.128555e-11   8.550000  -0.241666e-07  -0.406653e-07
    17.150000   0.151249e-08  -0.349826e-08   8.575000  -0.234955e-07  -0.400888e-07
    17.200000   0.443646e-09  -0.610243e-08   8.600000  -0.225650e-07  -0.392656e-07
    17.250000  -0.496204e-10  -0.719058e-08   8.625000  -0.214145e-07  -0.382314e-07
    17.300000   0.953524e-10  -0.651593e-08   8.650000  -0.200897e-07  -0.370278e-07
    17.350000   0.788901e-09  -0.426373e-08   8.675000  -0.186405e-07  -0.357011e-07
    17.400000   0.181253e-08  -0.100102e-08   8.700000  -0.171195e-07  -0.342999e-07
    17.450000   0.287341e-08   0.246595e-08   8.725000  -0.155794e-07  -0.328744e-07
    17.500000   0.367629e-08   0.529074e-08   8.750000  -0.140715e-07  -0.314737e-07
    17.550000   0.399504e-08   0.679324e-08   8.775000  -0.126440e-07  -0.301444e-07
    17.600000   0.372656e-08   0.662324e-08   8.800000  -0.113397e-07  -0.289292e-07
    17.650000   0.291409e-08   0.484177e-08   8.825000  -0.101955e-07  -0.278652e-07
    17.700000   0.173468e-08   0.190148e-08   8.850000  -0.924030e-08  -0.269827e-07
    17.750000   0.454345e-09  -0.146815e-08   8.875000  -0.849467e-08  -0.263042e-07
    17.800000  -0.637875e-09  -0.444158e-08   8.900000  -0.797016e-08  -0.258440e-07
    17.850000  -0.130058e-08  -0.629930e-08   8.925000  -0.766915e-08  -0.256072e-07
    17.900000  -0.139822e-08  -0.660178e-08   8.950000  -0.758497e-08  -0.255906e-07
    17.950000  -0.932864e-09  -0.529321e-08   8.975000  -0.770239e-08  -0.257819e-07
    18.000000  -0.420726e-10  -0.271072e-08   9.000000  -0.799851e-08  -0.261612e-07
    18.050000   0.103609e-08   0.502232e-09   9.025000  -0.844374e-08  -0.267014e-07
    18.100000   0.202208e-08   0.355598e-08   9.050000  -0.900319e-08  -0.273695e-07
    18.150000   0.266327e-08   0.570862e-08   9.075000  -0.963812e-08  -0.281277e-07
    18.200000   0.279497e-08   0.644607e-08   9.100000  -0.103076e-07  -0.289353e-07
    18.250000   0.237935e-08   0.560471e-08   9.125000  -0.109701e-07  -0.297501e-07
    18.300000   0.151299e-08   0.340726e-08   9.150000  -0.115852e-07  -0.305299e-07
    18.350000   0.401761e-09   0.404182e-09   9.175000  -0.121152e-07  -0.312345e-07
    18.400000  -0.690615e-09  -0.266400e-08   9.200000  -0.125267e-07  -0.318270e-07
    18.450000  -0.150746e-08  -0.504916e-08   9.225000  -0.127917e-07  -0.322754e-07
    18.500000  -0.186154e-08  -0.617787e-08   9.250000  -0.128886e-07  -0.325534e-07
    18.550000  -0.167977e-08  -0.578909e-08   9.275000  -0.128034e-07  -0.326422e-07
    18.600000  -0.101975e-08  -0.399427e-08   9.300000  -0.125297e-07  -0.325307e-07
    18.650000  -0.542091e-10  -0.124613e-08   9.325000  -0.120694e-07  -0.322159e-07
    18.700000   0.972307e-09   0.177536e-08   9.350000  -0.114321e-07  -0.317032e-07
    18.750000   0.180374e-08   0.433111e-08   9.375000  -0.106350e-07  -0.310065e-07
    18.800000   0.223490e-08   0.580355e-08   9.400000  -0.970216e-08  -0.301470e-07
    18.850000   0.216076e-08   0.584573e-08   9.425000  -0.866335e-08  -0.291531e-07
    18.900000   0.160083e-08   0.446291e-08   9.450000  -0.755298e-08  -0.280588e-07
    18.950000   0.692926e-09   0.200741e-08   9.475000  -0.640877e-08  -0.269028e-07
    19.000000  -0.341716e-09  -0.910876e-09   9.500000  -0.527015e-08  -0.257268e-07
    19.050000  -0.125327e-08  -0.357591e-08   9.525000  -0.417681e-08  -0.245739e-07
    19.100000  -0.182444e-08  -0.534101e-08   9.550000  -0.316708e-08  -0.234870e-07
    19.150000  -0.192298e-08  -0.578569e-08   9.575000  -0.227647e-08  -0.225070e-07
    19.200000  -0.153292e-08  -0.481566e-08   9.600000  -0.153629e-08  -0.216715e-07
    19.250000  -0.757146e-09  -0.268234e-08   9.625000  -0.972392e-09  -0.210129e-07
    19.300000   0.208948e-09   0.820872e-10   9.650000  -0.604214e-09  -0.205575e-07
    19.350000   0.112605e-08   0.279728e-08   9.675000  -0.443999e-09  -0.203240e-07
    19.400000   0.176964e-08   0.480208e-08   9.700000  -0.496320e-09  -0.203231e-07
    19.450000   0.198446e-08   0.561536e-08   9.725000  -0.757892e-09  -0.205568e-07
    19.500000   0.172152e-08   0.505141e-08   9.750000  -0.121769e-08  -0.210184e-07
    19.550000   0.104881e-08   0.326206e-08   9.775000  -0.185735e-08  -0.216923e-07
    19.600000   0.133486e-09   0.696192e-09   9.800000  -0.265184e-08  -0.225549e-07
    19.650000  -0.799950e-09  -0.201276e-08   9.825000  -0.357041e-08  -0.235755e-07
    19.700000  -0.152491e-08  -0.420306e-08   9.850000  -0.457771e-08  -0.247167e-07
    19.750000  -0.186793e-08  -0.534619e-08   9.875000  -0.563508e-08  -0.259365e-07
    19.800000  -0.175028e-08  -0.517431e-08   9.900000  -0.670198e-08  -0.271895e-07
    19.850000  -0.120614e-08  -0.374282e-08   9.925000  -0.773745e-08  -0.284284e-07
    19.900000  -0.373059e-09  -0.141355e-08   9.950000  -0.870160e-08  -0.296060e-07
    19.950000   0.542651e-09   0.123657e-08   9.975000  -0.955700e-08  -0.306767e-07
    20.000000   0.131686e-08   0.355826e-08  10.000000  -0.102700e-07  -0.315984e-07
