     0.000000   0.157129e+00  -0.120945e-01   0.000000   0.100000e+01   0.000000e+00
     0.050000   0.156933e+00  -0.120124e-01   0.025000   0.996898e+00  -0.504665e-05
     0.100000   0.156347e+00  -0.117687e-01   0.050000   0.987635e+00  -0.200404e-04
     0.150000   0.155369e+00  -0.113716e-01   0.075000   0.972342e+00  -0.445468e-04
     0.200000   0.154000e+00  -0.108345e-01   0.100000   0.951233e+00  -0.778552e-04
     0.250000   0.152241e+00  -0.101749e-01   0.125000   0.924601e+00  -0.118999e-03
     0.300000   0.150095e+00  -0.941433e-02   0.150000   0.892814e+00  -0.166781e-03
     0.350000   0.147569e+00  -0.857668e-02   0.175000   0.856309e+00  -0.219811e-03
     0.400000   0.144674e+00  -0.768756e-02   0.200000   0.815578e+00  -0.276537e-03
     0.450000   0.141427e+00  -0.677291e-02   0.225000   0.771167e+00  -0.335298e-03
     0.500000   0.137850e+00  -0.585792e-02   0.250000   0.723660e+00  -0.394360e-03
     0.550000   0.133971e+00  -0.496586e-02   0.275000   0.673668e+00  -0.451972e-03
     0.600000   0.129826e+00  -0.411716e-02   0.300000   0.621822e+00  -0.506408e-03
     0.650000   0.125454e+00  -0.332864e-02   0.325000   0.568761e+00  -0.556019e-03
     0.700000   0.120901e+00  -0.261298e-02   0.350000   0.515119e+00  -0.599274e-03
     0.750000   0.116215e+00  -0.197851e-02   0.375000   0.461513e+00  -0.634802e-03
     0.800000   0.111446e+00  -0.142927e-02   0.400000   0.408538e+00  -0.661431e-03
     0.850000   0.106647e+00  -0.965278e-03   0.425000   0.356755e+00  -0.678217e-03
     0.900000   0.101868e+00  -0.583135e-03   0.450000   0.306680e+00  -0.684466e-03
     0.950000   0.971582e-01  -0.276687e-03   0.475000   0.258783e+00  -0.679756e-03
     1.000000   0.925637e-01  -0.378307e-04   0.500000   0.213476e+00  -0.663943e-03
     1.050000   0.881261e-01   0.142677e-03   0.525000   0.171111e+00  -0.637168e-03
     1.100000   0.838822e-01   0.274472e-03   0.550000   0.131978e+00  -0.599845e-03
     1.150000   0.798635e-01   0.366932e-03   0.575000   0.962984e-01  -0.552652e-03
     1.200000   0.760958e-01   0.428693e-03   0.600000   0.642311e-01  -0.496512e-03
     1.250000   0.725996e-01   0.467316e-03   0.625000   0.358674e-01  -0.432566e-03
     1.300000   0.693896e-01   0.489126e-03   0.650000   0.112361e-01  -0.362140e-03
     1.350000   0.664756e-01   0.499188e-03   0.675000  -0.969460e-02  -0.286711e-03
     1.400000   0.638627e-01   0.501392e-03   0.700000  -0.270121e-01  -0.207868e-03
     1.450000   0.615516e-01   0.498611e-03   0.725000  -0.408549e-01  -0.127269e-03
     1.500000   0.595393e-01   0.492885e-03   0.750000  -0.514065e-01  -0.465984e-04
     1.550000   0.578193e-01   0.485605e-03   0.775000  -0.588892e-01   0.324745e-04
     1.600000   0.563826e-01   0.477672e-03   0.800000  -0.635571e-01   0.108338e-03
     1.650000   0.552176e-01   0.469620e-03   0.825000  -0.656893e-01   0.179478e-03
     1.700000   0.543108e-01   0.461697e-03   0.850000  -0.655827e-01   0.244510e-03
     1.750000   0.536472e-01   0.453921e-03   0.875000  -0.635451e-01   0.302217e-03
     1.800000   0.532102e-01   0.446106e-03   0.900000  -0.598884e-01   0.351570e-03
     1.850000   0.529826e-01   0.437894e-03   0.925000  -0.549223e-01   0.391751e-03
     1.900000   0.529462e-01   0.428781e-03   0.950000  -0.489485e-01   0.422173e-03
     1.950000   0.530823e-01   0.418162e-03   0.975000  -0.422553e-01   0.442479e-03
     2.000000   0.533720e-01   0.405382e-03   1.000000  -0.351130e-01   0.452556e-03
     2.050000   0.537961e-01   0.389805e-03   1.025000  -0.277702e-01   0.452521e-03
     2.100000   0.543356e-01   0.370876e-03   1.050000  -0.204506e-01   0.442721e-03
     2.150000   0.549715e-01   0.348186e-03   1.075000  -0.133509e-01   0.423709e-03
     2.200000   0.556852e-01   0.321516e-03   1.100000  -0.663884e-02   0.396233e-03
     2.250000   0.564588e-01   0.290865e-03   1.125000  -0.452791e-03   0.361206e-03
     2.300000   0.572748e-01   0.256454e-03   1.150000   0.509844e-02   0.319678e-03
     2.350000   0.581164e-01   0.218707e-03   1.175000   0.993498e-02   0.272812e-03
     2.400000   0.589680e-01   0.178224e-03   1.200000   0.140047e-01   0.221845e-03
     2.450000   0.598149e-01   0.135731e-03   1.225000   0.172816e-01   0.168061e-03
     2.500000   0.606433e-01   0.920391e-04   1.250000   0.197634e-01   0.112755e-03
     2.550000   0.614410e-01   0.479987e-04   1.275000   0.214692e-01   0.572004e-04
     2.600000   0.621969e-01   0.446308e-05   1.300000   0.224369e-01   0.262270e-05
     2.650000   0.629010e-01  -0.377403e-04   1.325000   0.227198e-01  -0.498314e-04
     2.700000   0.635451e-01  -0.778311e-04   1.350000   0.223840e-01  -0.991175e-04
     2.750000   0.641221e-01  -0.115092e-03   1.375000   0.215050e-01  -0.144314e-03
     2.800000   0.646263e-01  -0.148882e-03   1.400000   0.201650e-01  -0.184642e-03
     2.850000   0.650535e-01  -0.178653e-03   1.425000   0.184500e-01  -0.219472e-03
     2.900000   0.654007e-01  -0.203960e-03   1.450000   0.164471e-01  -0.248341e-03
     2.950000   0.656663e-01  -0.224485e-03   1.475000   0.142419e-01  -0.270948e-03
     3.000000   0.658500e-01  -0.240047e-03   1.500000   0.119169e-01  -0.287160e-03
     3.050000   0.659529e-01  -0.250614e-03   1.525000   0.954900e-02  -0.297004e-03
     3.100000   0.659768e-01  -0.256315e-03   1.550000   0.720857e-02  -0.300660e-03
     3.150000   0.659251e-01  -0.257427e-03   1.575000   0.495788e-02  -0.298447e-03
     3.200000   0.658020e-01  -0.254368e-03   1.600000   0.285046e-02  -0.290813e-03
     3.250000   0.656124e-01  -0.247666e-03   1.625000   0.930469e-03  -0.278313e-03
     3.300000   0.653625e-01  -0.237932e-03   1.650000  -0.767482e-03  -0.261591e-03
     3.350000   0.650586e-01  -0.225820e-03   1.675000  -0.221832e-02  -0.241361e-03
     3.400000   0.647081e-01  -0.211988e-03   1.700000  -0.340620e-02  -0.218384e-03
     3.450000   0.643186e-01  -0.197071e-03   1.725000  -0.432400e-02  -0.193446e-03
     3.500000   0.638979e-01  -0.181650e-03   1.750000  -0.497261e-02  -0.167341e-03
     3.550000   0.634542e-01  -0.166239e-03   1.775000  -0.536013e-02  -0.140846e-03
     3.600000   0.629956e-01  -0.151280e-03   1.800000  -0.550090e-02  -0.114705e-03
     3.650000   0.625303e-01  -0.137140e-03   1.825000  -0.541446e-02  -0.896125e-04
     3.700000   0.620662e-01  -0.124124e-03   1.850000  -0.512456e-02  -0.661970e-04
     3.750000   0.616109e-01  -0.112482e-03   1.875000  -0.465804e-02  -0.450102e-04
     3.800000   0.611715e-01  -0.102416e-03   1.900000  -0.404379e-02  -0.265167e-04
     3.850000   0.607548e-01  -0.940941e-04   1.925000  -0.331182e-02  -0.110873e-04
     3.900000   0.603669e-01  -0.876473e-04   1.950000  -0.249230e-02   0.100526e-05
     3.950000   0.600130e-01  -0.831740e-04   1.975000  -0.161473e-02   0.958778e-05
     4.000000   0.596978e-01  -0.807373e-04   2.000000  -0.707239e-03   0.145855e-04
     4.050000   0.594251e-01  -0.803628e-04   2.025000   0.204034e-03   0.160185e-04
     4.100000   0.591976e-01  -0.820380e-04   2.050000   0.109544e-02   0.139962e-04
     4.150000   0.590173e-01  -0.857133e-04   2.075000   0.194619e-02   0.870937e-05
     4.200000   0.588853e-01  -0.913062e-04   2.100000   0.273863e-02   0.421251e-06
     4.250000   0.588016e-01  -0.987080e-04   2.125000   0.345835e-02  -0.105433e-04
     4.300000   0.587654e-01  -0.107791e-03   2.150000   0.409426e-02  -0.238092e-04
     4.350000   0.587749e-01  -0.118414e-03   2.175000   0.463854e-02  -0.389631e-04
     4.400000   0.588276e-01  -0.130430e-03   2.200000   0.508648e-02  -0.555659e-04
     4.450000   0.589201e-01  -0.143687e-03   2.225000   0.543629e-02  -0.731649e-04
     4.500000   0.590482e-01  -0.158022e-03   2.250000   0.568884e-02  -0.913057e-04
     4.550000   0.592071e-01  -0.173261e-03   2.275000   0.584732e-02  -0.109543e-03
     4.600000   0.593915e-01  -0.189210e-03   2.300000   0.591696e-02  -0.127453e-03
     4.650000   0.595954e-01  -0.205645e-03   2.325000   0.590460e-02  -0.144637e-03
     4.700000   0.598125e-01  -0.222312e-03   2.350000   0.581841e-02  -0.160738e-03
     4.750000   0.600362e-01  -0.238920e-03   2.375000   0.566745e-02  -0.175438e-03
     4.800000   0.602596e-01  -0.255149e-03   2.400000   0.546137e-02  -0.188471e-03
     4.850000   0.604756e-01  -0.270652e-03   2.425000   0.521010e-02  -0.199619e-03
     4.900000   0.606771e-01  -0.285070e-03   2.450000   0.492351e-02  -0.208721e-03
     4.950000   0.608573e-01  -0.298044e-03   2.475000   0.461121e-02  -0.215669e-03
     5.000000   0.610091e-01  -0.309230e-03   2.500000   0.428227e-02  -0.220409e-03
     5.050000   0.611261e-01  -0.318314e-03   2.525000   0.394507e-02  -0.222938e-03
     5.100000   0.612017e-01  -0.325021e-03   2.550000   0.360717e-02  -0.223302e-03
     5.150000   0.612300e-01  -0.329125e-03   2.575000   0.327519e-02  -0.221590e-03
     5.200000   0.612055e-01  -0.330452e-03   2.600000   0.295475e-02  -0.217932e-03
     5.250000   0.611229e-01  -0.328884e-03   2.625000   0.265042e-02  -0.212491e-03
     5.300000   0.609778e-01  -0.324355e-03   2.650000   0.236578e-02  -0.205457e-03
     5.350000   0.607661e-01  -0.316855e-03   2.675000   0.210342e-02  -0.197042e-03
     5.400000   0.604843e-01  -0.306424e-03   2.700000   0.186498e-02  -0.187472e-03
     5.450000   0.601294e-01  -0.293153e-03   2.725000   0.165125e-02  -0.176985e-03
     5.500000   0.596993e-01  -0.277184e-03   2.750000   0.146229e-02  -0.165819e-03
     5.550000   0.591922e-01  -0.258705e-03   2.775000   0.129746e-02  -0.154209e-03
     5.600000   0.586069e-01  -0.237954e-03   2.800000   0.115559e-02  -0.142385e-03
     5.650000   0.579432e-01  -0.215211e-03   2.825000   0.103509e-02  -0.130562e-03
     5.700000   0.572009e-01  -0.190794e-03   2.850000   0.934011e-03  -0.118939e-03
     5.750000   0.563809e-01  -0.165051e-03   2.875000   0.850207e-03  -0.107697e-03
     5.800000   0.554843e-01  -0.138346e-03   2.900000   0.781396e-03  -0.969925e-04
     5.850000   0.545129e-01  -0.111053e-03   2.925000   0.725266e-03  -0.869601e-04
     5.900000   0.534690e-01  -0.835392e-04   2.950000   0.679549e-03  -0.777085e-04
     5.950000   0.523553e-01  -0.561548e-04   2.975000   0.642084e-03  -0.693213e-04
     6.000000   0.511750e-01  -0.292256e-04   3.000000   0.610876e-03  -0.618568e-04
     6.050000   0.499317e-01  -0.304599e-05   3.025000   0.584134e-03  -0.553494e-04
     6.100000   0.486295e-01   0.221239e-04   3.050000   0.560300e-03  -0.498103e-04
     6.150000   0.472727e-01   0.460579e-04   3.075000   0.538066e-03  -0.452297e-04
     6.200000   0.458662e-01   0.685620e-04   3.100000   0.516382e-03  -0.415787e-04
     6.250000   0.444148e-01   0.894709e-04   3.125000   0.494448e-03  -0.388118e-04
     6.300000   0.429240e-01   0.108645e-03   3.150000   0.471709e-03  -0.368695e-04
     6.350000   0.413993e-01   0.125970e-03   3.175000   0.447830e-03  -0.356811e-04
     6.400000   0.398464e-01   0.141353e-03   3.200000   0.422679e-03  -0.351670e-04
     6.450000   0.382712e-01   0.154727e-03   3.225000   0.396292e-03  -0.352420e-04
     6.500000   0.366799e-01   0.166049e-03   3.250000   0.368849e-03  -0.358171e-04
     6.550000   0.350785e-01   0.175306e-03   3.275000   0.340641e-03  -0.368027e-04
     6.600000   0.334731e-01   0.182517e-03   3.300000   0.312037e-03  -0.381102e-04
     6.650000   0.318699e-01   0.187729e-03   3.325000   0.283457e-03  -0.396543e-04
     6.700000   0.302750e-01   0.191021e-03   3.350000   0.255342e-03  -0.413545e-04
     6.750000   0.286941e-01   0.192495e-03   3.375000   0.228132e-03  -0.431363e-04
     6.800000   0.271330e-01   0.192280e-03   3.400000   0.202239e-03  -0.449329e-04
     6.850000   0.255972e-01   0.190516e-03   3.425000   0.178037e-03  -0.466853e-04
     6.900000   0.240919e-01   0.187356e-03   3.450000   0.155839e-03  -0.483434e-04
     6.950000   0.226219e-01   0.182956e-03   3.475000   0.135894e-03  -0.498657e-04
     7.000000   0.211917e-01   0.177476e-03   3.500000   0.118378e-03  -0.512198e-04
     7.050000   0.198052e-01   0.171070e-03   3.525000   0.103390e-03  -0.523816e-04
     7.100000   0.184661e-01   0.163892e-03   3.550000   0.909564e-04  -0.533356e-04
     7.150000   0.171773e-01   0.156089e-03   3.575000   0.810295e-04  -0.540736e-04
     7.200000   0.159415e-01   0.147806e-03   3.600000   0.734978e-04  -0.545942e-04
     7.250000   0.147607e-01   0.139186e-03   3.625000   0.681920e-04  -0.549024e-04
     7.300000   0.136364e-01   0.130364e-03   3.650000   0.648945e-04  -0.550080e-04
     7.350000   0.125697e-01   0.121472e-03   3.675000   0.633503e-04  -0.549252e-04
     7.400000   0.115609e-01   0.112629e-03   3.700000   0.632775e-04  -0.546714e-04
     7.450000   0.106103e-01   0.103946e-03   3.725000   0.643782e-04  -0.542667e-04
     7.500000   0.971733e-02   0.955170e-04   3.750000   0.663493e-04  -0.537324e-04
     7.550000   0.888126e-02   0.874175e-04   3.775000   0.688921e-04  -0.530908e-04
     7.600000   0.810093e-02   0.797057e-04   3.800000   0.717215e-04  -0.523640e-04
     7.650000   0.737486e-02   0.724206e-04   3.825000   0.745734e-04  -0.515737e-04
     7.700000   0.670130e-02   0.655843e-04   3.850000   0.772114e-04  -0.507402e-04
     7.750000   0.607827e-02   0.592052e-04   3.875000   0.794316e-04  -0.498826e-04
     7.800000   0.550358e-02   0.532810e-04   3.900000   0.810659e-04  -0.490177e-04
     7.850000   0.497493e-02   0.478031e-04   3.925000   0.819843e-04  -0.481603e-04
     7.900000   0.448989e-02   0.427588e-04   3.950000   0.820952e-04  -0.473228e-04
     7.950000   0.404597e-02   0.381344e-04   3.975000   0.813452e-04  -0.465154e-04
     8.000000   0.364066e-02   0.339155e-04   4.000000   0.797166e-04  -0.457457e-04
     8.050000   0.327144e-02   0.300874e-04   4.025000   0.772252e-04  -0.450192e-04
     8.100000   0.293584e-02   0.266341e-04   4.050000   0.739165e-04  -0.443392e-04
     8.150000   0.263142e-02   0.235370e-04   4.075000   0.698614e-04  -0.437070e-04
     8.200000   0.235583e-02   0.207745e-04   4.100000   0.651516e-04  -0.431222e-04
     8.250000   0.210682e-02   0.183212e-04   4.125000   0.598950e-04  -0.425830e-04
     8.300000   0.188221e-02   0.161487e-04   4.150000   0.542104e-04  -0.420860e-04
     8.350000   0.167995e-02   0.142265e-04   4.175000   0.482230e-04  -0.416273e-04
     8.400000   0.149812e-02   0.125244e-04   4.200000   0.420597e-04  -0.412019e-04
     8.450000   0.133489e-02   0.110139e-04   4.225000   0.358450e-04  -0.408045e-04
     8.500000   0.118856e-02   0.967007e-05   4.250000   0.296973e-04  -0.404295e-04
     8.550000   0.105755e-02   0.847290e-05   4.275000   0.237256e-04  -0.400711e-04
     8.600000   0.940402e-03   0.740712e-05   4.300000   0.180269e-04  -0.397237e-04
     8.650000   0.835754e-03   0.646174e-05   4.325000   0.126845e-04  -0.393819e-04
     8.700000   0.742368e-03   0.562871e-05   4.350000   0.776661e-05  -0.390407e-04
     8.750000   0.659108e-03   0.490120e-05   4.375000   0.332519e-05  -0.386956e-04
     8.800000   0.584939e-03   0.427206e-05   4.400000  -0.603778e-06  -0.383425e-04
     8.850000   0.518920e-03   0.373261e-05   4.425000  -0.400011e-05  -0.379778e-04
     8.900000   0.460200e-03   0.327222e-05   4.450000  -0.685863e-05  -0.375987e-04
     8.950000   0.408007e-03   0.287859e-05   4.475000  -0.918800e-05  -0.372028e-04
     9.000000   0.361646e-03   0.253873e-05   4.500000  -0.110092e-04  -0.367881e-04
     9.050000   0.320491e-03   0.224028e-05   4.525000  -0.123538e-04  -0.363533e-04
     9.100000   0.283977e-03   0.197289e-05   4.550000  -0.132620e-04  -0.358976e-04
     9.150000   0.251596e-03   0.172923e-05   4.575000  -0.137809e-04  -0.354204e-04
     9.200000   0.222890e-03   0.150543e-05   4.600000  -0.139622e-04  -0.349215e-04
     9.250000   0.197449e-03   0.130082e-05   4.625000  -0.138604e-04  -0.344012e-04
     9.300000   0.174906e-03   0.111697e-05   4.650000  -0.135310e-04  -0.338599e-04
     9.350000   0.154932e-03   0.956457e-06   4.675000  -0.130288e-04  -0.332981e-04
     9.400000   0.137237e-03   0.821363e-06   4.700000  -0.124063e-04  -0.327167e-04
     9.450000   0.121561e-03   0.712145e-06   4.725000  -0.117125e-04  -0.321165e-04
     9.500000   0.107675e-03   0.626958e-06   4.750000  -0.109920e-04  -0.314985e-04
     9.550000   0.953770e-04   0.561648e-06   4.775000  -0.102838e-04  -0.308639e-04
     9.600000   0.844881e-04   0.510371e-06   4.800000  -0.962129e-05  -0.302137e-04
     9.650000   0.748497e-04   0.466670e-06   4.825000  -0.903134e-05  -0.295491e-04
     9.700000   0.663207e-04   0.424728e-06   4.850000  -0.853461e-05  -0.288713e-04
     9.750000   0.587751e-04   0.380483e-06   4.875000  -0.814553e-05  -0.281817e-04
     9.800000   0.521000e-04   0.332322e-06   4.900000  -0.787253e-05  -0.274815e-04
     9.850000   0.461942e-04   0.281198e-06   4.925000  -0.771855e-05  -0.267721e-04
     9.900000   0.409673e-04   0.230147e-06   4.950000  -0.768156e-05  -0.260549e-04
     9.950000   0.363385e-04   0.183323e-06   4.975000  -0.775520e-05  -0.253316e-04
    10.000000   0.322368e-04   0.144807e-06   5.000000  -0.792952e-05  -0.246036e-04
    10.050000   0.285998e-04   0.117480e-06   5.025000  -0.819170e-05  -0.238726e-04
    10.100000   0.253735e-04   0.102219e-06   5.050000  -0.852686e-05  -0.231404e-04
    10.150000   0.225112e-04   0.976253e-07   5.075000  -0.891871e-05  -0.224088e-04
    10.200000   0.199726e-04   0.100320e-06   5.100000  -0.935035e-05  -0.216796e-04
    10.250000   0.177225e-04   0.105735e-06   5.125000  -0.980485e-05  -0.209548e-04
    10.300000   0.157300e-04   0.109183e-06   5.150000  -0.102658e-04  -0.202364e-04
    10.350000   0.139672e-04   0.106954e-06   5.175000  -0.107180e-04  -0.195264e-04
    10.400000   0.124085e-04   0.971491e-07   5.200000  -0.111475e-04  -0.188268e-04
    10.450000   0.110303e-04   0.800690e-07   5.225000  -0.115424e-04  -0.181395e-04
    10.500000   0.981068e-05   0.580623e-07   5.250000  -0.118924e-04  -0.174665e-04
    10.550000   0.872966e-05   0.348793e-07   5.275000  -0.121899e-04  -0.168097e-04
    10.600000   0.776929e-05   0.147003e-07   5.300000  -0.124289e-04  -0.161707e-04
    10.650000   0.691405e-05   0.108045e-08   5.325000  -0.126061e-04  -0.155513e-04
    10.700000   0.615091e-05  -0.393052e-08   5.350000  -0.127199e-04  -0.149528e-04
    10.750000   0.546931e-05  -0.282164e-09   5.375000  -0.127708e-04  -0.143766e-04
    10.800000   0.486088e-05   0.100825e-07   5.400000  -0.127609e-04  -0.138237e-04
    10.850000   0.431892e-05   0.237216e-07   5.425000  -0.126940e-04  -0.132949e-04
    10.900000   0.383784e-05   0.365480e-07   5.450000  -0.125749e-04  -0.127910e-04
    10.950000   0.341255e-05   0.448274e-07   5.475000  -0.124095e-04  -0.123123e-04
    11.000000   0.303797e-05   0.460736e-07   5.500000  -0.122044e-04  -0.118590e-04
    11.050000   0.270873e-05   0.396253e-07   5.525000  -0.119666e-04  -0.114310e-04
    11.100000   0.241915e-05   0.267682e-07   5.550000  -0.117032e-04  -0.110279e-04
    11.150000   0.216346e-05   0.103810e-07   5.575000  -0.114213e-04  -0.106492e-04
    11.200000   0.193606e-05  -0.580039e-08   5.600000  -0.111278e-04  -0.102942e-04
    11.250000   0.173204e-05  -0.181147e-07   5.625000  -0.108290e-04  -0.996182e-05
    11.300000   0.154746e-05  -0.238720e-07   5.650000  -0.105306e-04  -0.965104e-05
    11.350000   0.137955e-05  -0.219983e-07   5.675000  -0.102379e-04  -0.936054e-05
    11.400000   0.122676e-05  -0.132736e-07   5.700000  -0.995493e-05  -0.908895e-05
    11.450000   0.108848e-05  -0.114246e-09   5.725000  -0.968527e-05  -0.883477e-05
    11.500000   0.964674e-06   0.140413e-07   5.750000  -0.943147e-05  -0.859645e-05
    11.550000   0.855454e-06   0.255859e-07   5.775000  -0.919530e-05  -0.837241e-05
    11.600000   0.760612e-06   0.316240e-07   5.800000  -0.897772e-05  -0.816105e-05
    11.650000   0.679338e-06   0.306650e-07   5.825000  -0.877896e-05  -0.796081e-05
    11.700000   0.610105e-06   0.229619e-07   5.850000  -0.859857e-05  -0.777015e-05
    11.750000   0.550776e-06   0.104200e-07   5.875000  -0.843556e-05  -0.758761e-05
    11.800000   0.498875e-06  -0.389599e-08   5.900000  -0.828845e-05  -0.741182e-05
    11.850000   0.451978e-06  -0.165293e-07   5.925000  -0.815536e-05  -0.724151e-05
    11.900000   0.408093e-06  -0.244812e-07   5.950000  -0.803419e-05  -0.707553e-05
    11.950000   0.365966e-06  -0.259363e-07   5.975000  -0.792264e-05  -0.691287e-05
    12.000000   0.325208e-06  -0.206866e-07   6.000000  -0.781835e-05  -0.675263e-05
    12.050000   0.286241e-06  -0.101579e-07   6.025000  -0.771897e-05  -0.659408e-05
    12.100000   0.250053e-06   0.296346e-08   6.050000  -0.762223e-05  -0.643661e-05
    12.150000   0.217843e-06   0.154049e-07   6.075000  -0.752604e-05  -0.627977e-05
    12.200000   0.190625e-06   0.241145e-07   6.100000  -0.742852e-05  -0.612321e-05
    12.250000   0.168904e-06   0.270008e-07   6.125000  -0.732804e-05  -0.596674e-05
    12.300000   0.152482e-06   0.234280e-07   6.150000  -0.722325e-05  -0.581026e-05
    12.350000   0.140450e-06   0.143476e-07   6.175000  -0.711311e-05  -0.565379e-05
    12.400000   0.131360e-06   0.204186e-08   6.200000  -0.699688e-05  -0.549743e-05
    12.450000   0.123531e-06  -0.104536e-07   6.225000  -0.687413e-05  -0.534136e-05
    12.500000   0.115409e-06  -0.201016e-07   6.250000  -0.674471e-05  -0.518582e-05
    12.550000   0.105901e-06  -0.246042e-07   6.275000  -0.660874e-05  -0.503110e-05
    12.600000   0.945908e-07  -0.229515e-07   6.300000  -0.646658e-05  -0.487753e-05
    12.650000   0.817953e-07  -0.156488e-07   6.325000  -0.631878e-05  -0.472544e-05
    12.700000   0.684434e-07  -0.457032e-08   6.350000  -0.616609e-05  -0.457520e-05
    12.750000   0.558139e-07   0.751812e-08   6.375000  -0.600935e-05  -0.442714e-05
    12.800000   0.451947e-07   0.176467e-07   6.400000  -0.584951e-05  -0.428159e-05
    12.850000   0.375490e-07   0.233685e-07   6.425000  -0.568760e-05  -0.413887e-05
    12.900000   0.332675e-07   0.233481e-07   6.450000  -0.552462e-05  -0.399924e-05
    12.950000   0.320657e-07   0.176707e-07   6.475000  -0.536160e-05  -0.386295e-05
    13.000000   0.330488e-07   0.779992e-08   6.500000  -0.519951e-05  -0.373020e-05
    13.050000   0.349243e-07  -0.379924e-08   6.525000  -0.503926e-05  -0.360114e-05
    13.100000   0.363101e-07  -0.142761e-07   6.550000  -0.488166e-05  -0.347588e-05
    13.150000   0.360597e-07  -0.210949e-07   6.575000  -0.472743e-05  -0.335449e-05
    13.200000   0.335266e-07  -0.226485e-07   6.600000  -0.457719e-05  -0.323700e-05
    13.250000   0.287045e-07  -0.186364e-07   6.625000  -0.443141e-05  -0.312339e-05
    13.300000   0.222102e-07  -0.101193e-07   6.650000  -0.429047e-05  -0.301361e-05
    13.350000   0.151174e-07   0.759163e-09   6.675000  -0.415462e-05  -0.290758e-05
    13.400000   0.868222e-08   0.113108e-07   6.700000  -0.402399e-05  -0.280518e-05
    13.450000   0.403020e-08   0.189657e-07   6.725000  -0.389860e-05  -0.270628e-05
    13.500000   0.187993e-08   0.218969e-07   6.750000  -0.377839e-05  -0.261073e-05
    13.550000   0.237058e-08   0.194555e-07   6.775000  -0.366321e-05  -0.251837e-05
    13.600000   0.503313e-08   0.123116e-07   6.800000  -0.355285e-05  -0.242903e-05
    13.650000   0.891000e-08   0.227280e-08   6.825000  -0.344701e-05  -0.234252e-05
    13.700000   0.127918e-07  -0.817316e-08   6.850000  -0.334540e-05  -0.225867e-05
    13.750000   0.155118e-07  -0.164739e-07   6.875000  -0.324765e-05  -0.217732e-05
    13.800000   0.162262e-07  -0.206358e-07   6.900000  -0.315341e-05  -0.209831e-05
    13.850000   0.146112e-07  -0.197019e-07   6.925000  -0.306231e-05  -0.202148e-05
    13.900000   0.109323e-07  -0.139711e-07   6.950000  -0.297399e-05  -0.194670e-05
    13.950000   0.596846e-08  -0.490752e-08   6.975000  -0.288813e-05  -0.187384e-05
    14.000000   0.813823e-09   0.523222e-08   7.000000  -0.280440e-05  -0.180279e-05
    14.050000  -0.339426e-08   0.139603e-07   7.025000  -0.272252e-05  -0.173347e-05
    14.100000  -0.575349e-08   0.191672e-07   7.050000  -0.264225e-05  -0.166578e-05
    14.150000  -0.581348e-08   0.196309e-07   7.075000  -0.256337e-05  -0.159968e-05
    14.200000  -0.367956e-08   0.153023e-07   7.100000  -0.248573e-05  -0.153510e-05
    14.250000   0.200878e-10   0.730166e-08   7.125000  -0.240919e-05  -0.147202e-05
    14.300000   0.429376e-08  -0.237053e-08   7.150000  -0.233367e-05  -0.141040e-05
    14.350000   0.803173e-08  -0.113333e-07   7.175000  -0.225911e-05  -0.135023e-05
    14.400000   0.102769e-07  -0.174104e-07   7.200000  -0.218550e-05  -0.129151e-05
    14.450000   0.104543e-07  -0.191587e-07   7.225000  -0.211284e-05  -0.123422e-05
    14.500000   0.850518e-08  -0.162095e-07   7.250000  -0.204118e-05  -0.117838e-05
    14.550000   0.489269e-08  -0.934445e-08   7.275000  -0.197057e-05  -0.112399e-05
    14.600000   0.481950e-09  -0.289769e-09   7.300000  -0.190109e-05  -0.107106e-05
    14.650000  -0.367663e-08   0.871735e-08   7.325000  -0.183281e-05  -0.101959e-05
    14.700000  -0.660552e-08   0.154808e-07   7.350000  -0.176583e-05  -0.969602e-06
    14.750000  -0.763702e-08   0.183804e-07   7.375000  -0.170025e-05  -0.921097e-06
    14.800000  -0.657142e-08   0.167594e-07   7.400000  -0.163615e-05  -0.874082e-06
    14.850000  -0.371926e-08   0.110719e-07   7.425000  -0.157363e-05  -0.828560e-06
    14.900000   0.181047e-09   0.275778e-08   7.450000  -0.151276e-05  -0.784529e-06
    14.950000   0.414848e-08  -0.612135e-08   7.475000  -0.145362e-05  -0.741986e-06
    15.000000   0.720108e-08  -0.133927e-07   7.500000  -0.139627e-05  -0.700926e-06
    15.050000   0.859450e-08  -0.173035e-07   7.525000  -0.134075e-05  -0.661337e-06
    15.100000   0.799956e-08  -0.169432e-07   7.550000  -0.128709e-05  -0.623206e-06
    15.150000   0.557641e-08  -0.124540e-07   7.575000  -0.123533e-05  -0.586517e-06
    15.200000   0.192881e-08  -0.498368e-08   7.600000  -0.118546e-05  -0.551252e-06
    15.250000  -0.204885e-08   0.360802e-08   7.625000  -0.113749e-05  -0.517388e-06
    15.300000  -0.539313e-08   0.112113e-07   7.650000  -0.109139e-05  -0.484903e-06
    15.350000  -0.730678e-08   0.159842e-07   7.675000  -0.104713e-05  -0.453769e-06
    15.400000  -0.735055e-08   0.167980e-07   7.700000  -0.100469e-05  -0.423961e-06
    15.450000  -0.554522e-08   0.135040e-07   7.725000  -0.964011e-06  -0.395448e-06
    15.500000  -0.236050e-08   0.695696e-08   7.750000  -0.925045e-06  -0.368201e-06
    15.550000   0.140515e-08  -0.120576e-08   7.775000  -0.887734e-06  -0.342188e-06
    15.600000   0.482304e-08  -0.897305e-08   7.800000  -0.852015e-06  -0.317376e-06
    15.650000   0.706183e-08  -0.144552e-07   7.825000  -0.817823e-06  -0.293732e-06
    15.700000   0.758839e-08  -0.163434e-07   7.850000  -0.785092e-06  -0.271219e-06
    15.750000   0.629359e-08  -0.142211e-07   7.875000  -0.753754e-06  -0.249803e-06
    15.800000   0.351320e-08  -0.865539e-08   7.900000  -0.723741e-06  -0.229446e-06
    15.850000  -0.595623e-10  -0.104595e-08   7.925000  -0.694986e-06  -0.210109e-06
    15.900000  -0.354743e-08   0.672610e-08   7.950000  -0.667425e-06  -0.191754e-06
    15.950000  -0.610487e-08   0.127629e-07   7.975000  -0.640994e-06  -0.174338e-06
    16.000000  -0.712347e-08   0.156130e-07   8.000000  -0.615631e-06  -0.157822e-06
    16.050000  -0.637693e-08   0.146197e-07   8.025000  -0.591280e-06  -0.142161e-06
    16.100000  -0.407124e-08   0.100715e-07   8.050000  -0.567883e-06  -0.127314e-06
    16.150000  -0.789075e-09   0.312064e-08   8.075000  -0.545389e-06  -0.113235e-06
    16.200000   0.265679e-08  -0.450841e-08   8.100000  -0.523747e-06  -0.998797e-07
    16.250000   0.542416e-08  -0.109465e-07   8.125000  -0.502910e-06  -0.872046e-07
    16.300000   0.684673e-08  -0.146374e-07   8.150000  -0.482835e-06  -0.751649e-07
    16.350000   0.659407e-08  -0.147132e-07   8.175000  -0.463481e-06  -0.637173e-07
    16.400000   0.474773e-08  -0.111982e-07   8.200000  -0.444808e-06  -0.528193e-07
    16.450000   0.177630e-08  -0.499245e-08   8.225000  -0.426783e-06  -0.424299e-07
    16.500000  -0.158350e-08   0.235857e-08   8.250000  -0.409371e-06  -0.325105e-07
    16.550000  -0.450946e-08   0.904804e-08   8.275000  -0.392545e-06  -0.230244e-07
    16.600000  -0.629512e-08   0.134517e-07   8.300000  -0.376277e-06  -0.139383e-07
    16.650000  -0.652028e-08   0.145220e-07   8.325000  -0.360544e-06  -0.522172e-08
    16.700000  -0.514977e-08   0.120364e-07   8.350000  -0.345326e-06   0.315184e-08
    16.750000  -0.253731e-08   0.664278e-08   8.375000  -0.330604e-06   0.112052e-07
    16.800000   0.665336e-09  -0.309471e-09   8.400000  -0.316364e-06   0.189569e-07
    16.850000   0.367067e-08  -0.710619e-08   8.425000  -0.302595e-06   0.264215e-07
    16.900000   0.574884e-08  -0.120909e-07   8.450000  -0.289288e-06   0.336092e-07
    16.950000   0.640460e-08  -0.140683e-07   8.475000  -0.276436e-06   0.405261e-07
    17.000000   0.549507e-08  -0.125902e-07   8.500000  -0.264037e-06   0.471745e-07
    17.050000   0.326029e-08  -0.805680e-08   8.525000  -0.252089e-06   0.535529e-07
    17.100000   0.260206e-09  -0.160878e-08   8.550000  -0.240593e-06   0.596569e-07
    17.150000  -0.276555e-08   0.515886e-08   8.575000  -0.229550e-06   0.654792e-07
    17.200000  -0.507985e-08   0.105913e-07   8.600000  -0.218964e-06   0.710105e-07
    17.250000  -0.612757e-08   0.133780e-07   8.625000  -0.208838e-06   0.762404e-07
    17.300000  -0.566858e-08   0.128690e-07   8.650000  -0.199177e-06   0.811574e-07
    17.350000  -0.383257e-08   0.922517e-08   8.675000  -0.189982e-06   0.857505e-07
    17.400000  -0.108307e-08   0.337080e-08   8.700000  -0.181256e-06   0.900093e-07
    17.450000   0.189931e-08  -0.324103e-08   8.725000  -0.173000e-06   0.939251e-07
    17.500000   0.438521e-08  -0.898857e-08   8.750000  -0.165210e-06   0.974915e-07
    17.550000   0.577468e-08  -0.124790e-07   8.775000  -0.157882e-06   0.100705e-06
    17.600000   0.574181e-08  -0.128855e-07   8.800000  -0.151008e-06   0.103566e-06
    17.650000   0.431095e-08  -0.101429e-07   8.825000  -0.144577e-06   0.106079e-06
    17.700000   0.184673e-08  -0.495513e-08   8.850000  -0.138573e-06   0.108252e-06
    17.750000  -0.103864e-08   0.138521e-08   8.875000  -0.132978e-06   0.110097e-06
    17.800000  -0.363740e-08   0.731832e-08   8.900000  -0.127769e-06   0.111633e-06
    17.850000  -0.531965e-08   0.114008e-07   8.925000  -0.122921e-06   0.112881e-06
    17.900000  -0.568594e-08   0.126566e-07   8.950000  -0.118403e-06   0.113867e-06
    17.950000  -0.466199e-08   0.108099e-07   8.975000  -0.114186e-06   0.114620e-06
    18.000000  -0.251305e-08   0.634484e-08   9.000000  -0.110234e-06   0.115173e-06
    18.050000   0.224518e-09   0.379315e-09   9.025000  -0.106513e-06   0.115560e-06
    18.100000   0.287697e-08  -0.561475e-08   9.050000  -0.102986e-06   0.115818e-06
    18.150000   0.479883e-08  -0.101743e-07   9.075000  -0.996193e-07   0.115982e-06
    18.200000   0.552989e-08  -0.122019e-07   9.100000  -0.963774e-07   0.116090e-06
    18.250000   0.490521e-08  -0.112299e-07   9.125000  -0.932282e-07   0.116175e-06
    18.300000   0.309204e-08  -0.752722e-08   9.150000  -0.901424e-07   0.116268e-06
    18.350000   0.545410e-09  -0.202657e-08   9.175000  -0.870941e-07   0.116400e-06
    18.400000  -0.210595e-08   0.391063e-08   9.200000  -0.840621e-07   0.116592e-06
    18.450000  -0.421470e-08   0.883079e-08   9.225000  -0.810302e-07   0.116864e-06
    18.500000  -0.527284e-08   0.115438e-07   9.250000  -0.779877e-07   0.117229e-06
    18.550000  -0.503396e-08   0.114108e-07   9.275000  -0.749295e-07   0.117693e-06
    18.600000  -0.357043e-08   0.849393e-08   9.300000  -0.718567e-07   0.118256e-06
    18.650000  -0.125230e-08   0.353419e-08   9.325000  -0.687760e-07   0.118913e-06
    18.700000   0.134611e-08  -0.223667e-08   9.350000  -0.656998e-07   0.119649e-06
    18.750000   0.358839e-08  -0.740175e-08   9.375000  -0.626453e-07   0.120446e-06
    18.800000   0.493179e-08  -0.107067e-07   9.400000  -0.596345e-07   0.121281e-06
    18.850000   0.505849e-08  -0.113641e-07   9.425000  -0.566928e-07   0.122124e-06
    18.900000   0.395061e-08  -0.924075e-08   9.450000  -0.538483e-07   0.122943e-06
    18.950000   0.189141e-08  -0.488351e-08   9.475000  -0.511306e-07   0.123704e-06
    19.000000  -0.606986e-09   0.621238e-09   9.500000  -0.485698e-07   0.124371e-06
    19.050000  -0.293086e-08   0.591817e-08   9.525000  -0.461953e-07   0.124908e-06
    19.100000  -0.451551e-08   0.971651e-08   9.550000  -0.440344e-07   0.125282e-06
    19.150000  -0.498244e-08   0.111044e-07   9.575000  -0.421116e-07   0.125461e-06
    19.200000  -0.422956e-08   0.976749e-08   9.600000  -0.404470e-07   0.125418e-06
    19.250000  -0.245325e-08   0.605970e-08   9.625000  -0.390557e-07   0.125132e-06
    19.300000  -0.972925e-10   0.909984e-09   9.650000  -0.379470e-07   0.124587e-06
    19.350000   0.225783e-08  -0.441014e-08   9.675000  -0.371237e-07   0.123775e-06
    19.400000   0.403792e-08  -0.860034e-08   9.700000  -0.365818e-07   0.122695e-06
    19.450000   0.481490e-08  -0.106491e-07   9.725000  -0.363103e-07   0.121354e-06
    19.500000   0.440972e-08  -0.100777e-07   9.750000  -0.362913e-07   0.119767e-06
    19.550000   0.293337e-08  -0.705176e-08   9.775000  -0.365003e-07   0.117959e-06
    19.600000   0.756858e-09  -0.233426e-08   9.800000  -0.369068e-07   0.115958e-06
    19.650000  -0.158190e-08   0.290642e-08   9.825000  -0.374752e-07   0.113803e-06
    19.700000  -0.351095e-08   0.738583e-08   9.850000  -0.381653e-07   0.111536e-06
    19.750000  -0.456409e-08   0.100180e-07   9.875000  -0.389340e-07   0.109204e-06
    19.800000  -0.449341e-08   0.101785e-07   9.900000  -0.397362e-07   0.106857e-06
    19.850000  -0.332758e-08   0.785246e-08   9.925000  -0.405261e-07   0.104548e-06
    19.900000  -0.136197e-08   0.363202e-08   9.950000  -0.412590e-07   0.102327e-06
    19.950000   0.915985e-09  -0.143403e-08   9.975000  -0.418920e-07   0.100244e-06
    20.000000   0.294762e-08  -0.610072e-08  10.000000  -0.423860e-07   0.983474e-07
