     0.000000   0.413118e-01   0.331496e-02   0.000000   0.100000e+01   0.000000e+00
     0.050000   0.414622e-01   0.331980e-02   0.025000   0.996638e+00  -0.558162e-05
     0.100000   0.419122e-01   0.333393e-02   0.050000   0.986604e+00  -0.221515e-04
     0.150000   0.426587e-01   0.335622e-02   0.075000   0.970053e+00  -0.491900e-04
     0.200000   0.436963e-01   0.338480e-02   0.100000   0.947242e+00  -0.858482e-04
     0.250000   0.450173e-01   0.341717e-02   0.125000   0.918520e+00  -0.130973e-03
     0.300000   0.466116e-01   0.345025e-02   0.150000   0.884324e+00  -0.183143e-03
     0.350000   0.484664e-01   0.348046e-02   0.175000   0.845169e+00  -0.240707e-03
     0.400000   0.505665e-01   0.350385e-02   0.200000   0.801635e+00  -0.301839e-03
     0.450000   0.528939e-01   0.351620e-02   0.225000   0.754358e+00  -0.364584e-03
     0.500000   0.554275e-01   0.351309e-02   0.250000   0.704014e+00  -0.426925e-03
     0.550000   0.581438e-01   0.349007e-02   0.275000   0.651309e+00  -0.486835e-03
     0.600000   0.610165e-01   0.344280e-02   0.300000   0.596960e+00  -0.542340e-03
     0.650000   0.640167e-01   0.336717e-02   0.325000   0.541685e+00  -0.591578e-03
     0.700000   0.671137e-01   0.325958e-02   0.350000   0.486188e+00  -0.632848e-03
     0.750000   0.702749e-01   0.311707e-02   0.375000   0.431148e+00  -0.664665e-03
     0.800000   0.734667e-01   0.293764e-02   0.400000   0.377204e+00  -0.685799e-03
     0.850000   0.766550e-01   0.272041e-02   0.425000   0.324947e+00  -0.695309e-03
     0.900000   0.798059e-01   0.246592e-02   0.450000   0.274910e+00  -0.692575e-03
     0.950000   0.828864e-01   0.217622e-02   0.475000   0.227563e+00  -0.677308e-03
     1.000000   0.858649e-01   0.185500e-02   0.500000   0.183302e+00  -0.649560e-03
     1.050000   0.887120e-01   0.150757e-02   0.525000   0.142452e+00  -0.609725e-03
     1.100000   0.914013e-01   0.114076e-02   0.550000   0.105259e+00  -0.558518e-03
     1.150000   0.939089e-01   0.762701e-03   0.575000   0.718945e-01  -0.496963e-03
     1.200000   0.962146e-01   0.382434e-03   0.600000   0.424525e-01  -0.426356e-03
     1.250000   0.983017e-01   0.954331e-05   0.625000   0.169558e-01  -0.348230e-03
     1.300000   0.100157e+00  -0.346355e-03   0.650000  -0.464109e-02  -0.264314e-03
     1.350000   0.101770e+00  -0.676106e-03   0.675000  -0.224463e-01  -0.176481e-03
     1.400000   0.103134e+00  -0.971497e-03   0.700000  -0.366237e-01  -0.866971e-04
     1.450000   0.104246e+00  -0.122568e-02   0.725000  -0.473859e-01   0.303150e-05
     1.500000   0.105105e+00  -0.143348e-02   0.750000  -0.549860e-01   0.907118e-04
     1.550000   0.105712e+00  -0.159163e-02   0.775000  -0.597094e-01   0.174418e-03
     1.600000   0.106071e+00  -0.169883e-02   0.800000  -0.618658e-01   0.252339e-03
     1.650000   0.106189e+00  -0.175573e-02   0.825000  -0.617803e-01   0.322828e-03
     1.700000   0.106073e+00  -0.176471e-02   0.850000  -0.597857e-01   0.384438e-03
     1.750000   0.105733e+00  -0.172969e-02   0.875000  -0.562152e-01   0.435960e-03
     1.800000   0.105183e+00  -0.165578e-02   0.900000  -0.513947e-01   0.476446e-03
     1.850000   0.104436e+00  -0.154893e-02   0.925000  -0.456377e-01   0.505231e-03
     1.900000   0.103508e+00  -0.141557e-02   0.950000  -0.392387e-01   0.521944e-03
     1.950000   0.102417e+00  -0.126225e-02   0.975000  -0.324698e-01   0.526508e-03
     2.000000   0.101183e+00  -0.109539e-02   1.000000  -0.255762e-01   0.519139e-03
     2.050000   0.998265e-01  -0.920973e-03   1.025000  -0.187740e-01   0.500330e-03
     2.100000   0.983699e-01  -0.744400e-03   1.050000  -0.122487e-01   0.470832e-03
     2.150000   0.968365e-01  -0.570333e-03   1.075000  -0.615380e-02   0.431629e-03
     2.200000   0.952503e-01  -0.402636e-03   1.100000  -0.611187e-03   0.383907e-03
     2.250000   0.936353e-01  -0.244349e-03   1.125000   0.428824e-02   0.329015e-03
     2.300000   0.920154e-01  -0.977076e-04   1.150000   0.848314e-02   0.268431e-03
     2.350000   0.904139e-01   0.357987e-04   1.175000   0.119398e-01   0.203715e-03
     2.400000   0.888531e-01   0.155351e-03   1.200000   0.146495e-01   0.136475e-03
     2.450000   0.873537e-01   0.260703e-03   1.225000   0.166259e-01   0.683174e-04
     2.500000   0.859348e-01   0.352069e-03   1.250000   0.179019e-01   0.813489e-06
     2.550000   0.846135e-01   0.430015e-03   1.275000   0.185264e-01  -0.645411e-04
     2.600000   0.834043e-01   0.495345e-03   1.300000   0.185609e-01  -0.126360e-03
     2.650000   0.823197e-01   0.548998e-03   1.325000   0.180765e-01  -0.183394e-03
     2.700000   0.813692e-01   0.591954e-03   1.350000   0.171504e-01  -0.234561e-03
     2.750000   0.805598e-01   0.625161e-03   1.375000   0.158635e-01  -0.278957e-03
     2.800000   0.798960e-01   0.649476e-03   1.400000   0.142971e-01  -0.315880e-03
     2.850000   0.793797e-01   0.665626e-03   1.425000   0.125308e-01  -0.344831e-03
     2.900000   0.790101e-01   0.674196e-03   1.450000   0.106405e-01  -0.365520e-03
     2.950000   0.787843e-01   0.675623e-03   1.475000   0.869634e-02  -0.377860e-03
     3.000000   0.786973e-01   0.670219e-03   1.500000   0.676171e-02  -0.381964e-03
     3.050000   0.787419e-01   0.658191e-03   1.525000   0.489190e-02  -0.378126e-03
     3.100000   0.789096e-01   0.639680e-03   1.550000   0.313355e-02  -0.366811e-03
     3.150000   0.791900e-01   0.614792e-03   1.575000   0.152430e-02  -0.348627e-03
     3.200000   0.795719e-01   0.583638e-03   1.600000   0.927088e-04  -0.324306e-03
     3.250000   0.800429e-01   0.546363e-03   1.625000  -0.114151e-02  -0.294682e-03
     3.300000   0.805901e-01   0.503173e-03   1.650000  -0.216706e-02  -0.260656e-03
     3.350000   0.812001e-01   0.454356e-03   1.675000  -0.298040e-02  -0.223177e-03
     3.400000   0.818593e-01   0.400299e-03   1.700000  -0.358493e-02  -0.183215e-03
     3.450000   0.825542e-01   0.341498e-03   1.725000  -0.399012e-02  -0.141730e-03
     3.500000   0.832716e-01   0.278559e-03   1.750000  -0.421047e-02  -0.996550e-04
     3.550000   0.839988e-01   0.212204e-03   1.775000  -0.426453e-02  -0.578700e-04
     3.600000   0.847236e-01   0.143260e-03   1.800000  -0.417382e-02  -0.171859e-04
     3.650000   0.854347e-01   0.726475e-04   1.825000  -0.396185e-02   0.216724e-04
     3.700000   0.861218e-01   0.136423e-05   1.850000  -0.365316e-02   0.580783e-04
     3.750000   0.867753e-01  -0.695415e-04   1.875000  -0.327243e-02   0.915123e-04
     3.800000   0.873871e-01  -0.139001e-03   1.900000  -0.284374e-02   0.121568e-03
     3.850000   0.879500e-01  -0.205961e-03   1.925000  -0.238982e-02   0.147953e-03
     3.900000   0.884581e-01  -0.269421e-03   1.950000  -0.193156e-02   0.170490e-03
     3.950000   0.889066e-01  -0.328473e-03   1.975000  -0.148752e-02   0.189110e-03
     4.000000   0.892921e-01  -0.382333e-03   2.000000  -0.107363e-02   0.203850e-03
     4.050000   0.896120e-01  -0.430375e-03   2.025000  -0.702945e-03   0.214837e-03
     4.100000   0.898651e-01  -0.472148e-03   2.050000  -0.385610e-03   0.222283e-03
     4.150000   0.900513e-01  -0.507388e-03   2.075000  -0.128807e-03   0.226470e-03
     4.200000   0.901711e-01  -0.536022e-03   2.100000   0.631291e-04   0.227737e-03
     4.250000   0.902262e-01  -0.558156e-03   2.125000   0.188543e-03   0.226465e-03
     4.300000   0.902190e-01  -0.574060e-03   2.150000   0.248227e-03   0.223063e-03
     4.350000   0.901527e-01  -0.584144e-03   2.175000   0.245138e-03   0.217954e-03
     4.400000   0.900309e-01  -0.588931e-03   2.200000   0.184075e-03   0.211564e-03
     4.450000   0.898578e-01  -0.589028e-03   2.225000   0.713414e-04   0.204304e-03
     4.500000   0.896379e-01  -0.585100e-03   2.250000  -0.856113e-04   0.196565e-03
     4.550000   0.893759e-01  -0.577840e-03   2.275000  -0.278530e-03   0.188702e-03
     4.600000   0.890767e-01  -0.567944e-03   2.300000  -0.498699e-03   0.181035e-03
     4.650000   0.887449e-01  -0.556096e-03   2.325000  -0.737256e-03   0.173832e-03
     4.700000   0.883852e-01  -0.542938e-03   2.350000  -0.985481e-03   0.167313e-03
     4.750000   0.880021e-01  -0.529064e-03   2.375000  -0.123505e-02   0.161644e-03
     4.800000   0.875994e-01  -0.514999e-03   2.400000  -0.147825e-02   0.156938e-03
     4.850000   0.871806e-01  -0.501188e-03   2.425000  -0.170816e-02   0.153253e-03
     4.900000   0.867487e-01  -0.487991e-03   2.450000  -0.191877e-02   0.150597e-03
     4.950000   0.863061e-01  -0.475670e-03   2.475000  -0.210508e-02   0.148934e-03
     5.000000   0.858543e-01  -0.464390e-03   2.500000  -0.226319e-02   0.148183e-03
     5.050000   0.853942e-01  -0.454218e-03   2.525000  -0.239024e-02   0.148229e-03
     5.100000   0.849261e-01  -0.445129e-03   2.550000  -0.248446e-02   0.148928e-03
     5.150000   0.844494e-01  -0.437011e-03   2.575000  -0.254508e-02   0.150112e-03
     5.200000   0.839628e-01  -0.429679e-03   2.600000  -0.257231e-02   0.151602e-03
     5.250000   0.834644e-01  -0.422887e-03   2.625000  -0.256718e-02   0.153209e-03
     5.300000   0.829515e-01  -0.416341e-03   2.650000  -0.253148e-02   0.154743e-03
     5.350000   0.824211e-01  -0.409716e-03   2.675000  -0.246762e-02   0.156021e-03
     5.400000   0.818694e-01  -0.402667e-03   2.700000  -0.237852e-02   0.156871e-03
     5.450000   0.812923e-01  -0.394842e-03   2.725000  -0.226748e-02   0.157139e-03
     5.500000   0.806856e-01  -0.385896e-03   2.750000  -0.213805e-02   0.156693e-03
     5.550000   0.800447e-01  -0.375502e-03   2.775000  -0.199391e-02   0.155423e-03
     5.600000   0.793648e-01  -0.363357e-03   2.800000  -0.183877e-02   0.153247e-03
     5.650000   0.786412e-01  -0.349196e-03   2.825000  -0.167627e-02   0.150115e-03
     5.700000   0.778695e-01  -0.332798e-03   2.850000  -0.150988e-02   0.146002e-03
     5.750000   0.770452e-01  -0.313999e-03   2.875000  -0.134282e-02   0.140913e-03
     5.800000   0.761643e-01  -0.292699e-03   2.900000  -0.117806e-02   0.134882e-03
     5.850000   0.752231e-01  -0.268869e-03   2.925000  -0.101819e-02   0.127966e-03
     5.900000   0.742185e-01  -0.242559e-03   2.950000  -0.865440e-03   0.120249e-03
     5.950000   0.731479e-01  -0.213899e-03   2.975000  -0.721664e-03   0.111832e-03
     6.000000   0.720092e-01  -0.183098e-03   3.000000  -0.588316e-03   0.102831e-03
     6.050000   0.708011e-01  -0.150443e-03   3.025000  -0.466464e-03   0.933790e-04
     6.100000   0.695230e-01  -0.116286e-03   3.050000  -0.356809e-03   0.836136e-04
     6.150000   0.681751e-01  -0.810352e-04   3.075000  -0.259705e-03   0.736787e-04
     6.200000   0.667581e-01  -0.451401e-04   3.100000  -0.175191e-03   0.637187e-04
     6.250000   0.652737e-01  -0.907479e-05   3.125000  -0.103030e-03   0.538746e-04
     6.300000   0.637243e-01   0.266774e-04   3.150000  -0.427428e-04   0.442812e-04
     6.350000   0.621129e-01   0.616396e-04   3.175000   0.634740e-05   0.350634e-04
     6.400000   0.604432e-01   0.953555e-04   3.200000   0.450744e-04   0.263341e-04
     6.450000   0.587198e-01   0.127401e-03   3.225000   0.743886e-04   0.181917e-04
     6.500000   0.569476e-01   0.157392e-03   3.250000   0.953177e-04   0.107182e-04
     6.550000   0.551321e-01   0.184995e-03   3.275000   0.108931e-03   0.397872e-05
     6.600000   0.532793e-01   0.209928e-03   3.300000   0.116306e-03  -0.197993e-05
     6.650000   0.513955e-01   0.231968e-03   3.325000   0.118501e-03  -0.712887e-05
     6.700000   0.494873e-01   0.250951e-03   3.350000   0.116529e-03  -0.114571e-04
     6.750000   0.475617e-01   0.266772e-03   3.375000   0.111338e-03  -0.149706e-04
     6.800000   0.456256e-01   0.279390e-03   3.400000   0.103796e-03  -0.176912e-04
     6.850000   0.436859e-01   0.288820e-03   3.425000   0.946792e-04  -0.196555e-04
     6.900000   0.417497e-01   0.295136e-03   3.450000   0.846658e-04  -0.209125e-04
     6.950000   0.398239e-01   0.298465e-03   3.475000   0.743309e-04  -0.215221e-04
     7.000000   0.379150e-01   0.298980e-03   3.500000   0.641481e-04  -0.215528e-04
     7.050000   0.360295e-01   0.296894e-03   3.525000   0.544916e-04  -0.210800e-04
     7.100000   0.341735e-01   0.292452e-03   3.550000   0.456419e-04  -0.201831e-04
     7.150000   0.323526e-01   0.285920e-03   3.575000   0.377932e-04  -0.189439e-04
     7.200000   0.305721e-01   0.277576e-03   3.600000   0.310621e-04  -0.174446e-04
     7.250000   0.288368e-01   0.267704e-03   3.625000   0.254977e-04  -0.157656e-04
     7.300000   0.271509e-01   0.256582e-03   3.650000   0.210916e-04  -0.139839e-04
     7.350000   0.255183e-01   0.244478e-03   3.675000   0.177890e-04  -0.121717e-04
     7.400000   0.239421e-01   0.231646e-03   3.700000   0.154987e-04  -0.103949e-04
     7.450000   0.224249e-01   0.218320e-03   3.725000   0.141029e-04  -0.871244e-05
     7.500000   0.209689e-01   0.204717e-03   3.750000   0.134670e-04  -0.717511e-05
     7.550000   0.195757e-01   0.191028e-03   3.775000   0.134470e-04  -0.582525e-05
     7.600000   0.182462e-01   0.177428e-03   3.800000   0.138975e-04  -0.469644e-05
     7.650000   0.169810e-01   0.164066e-03   3.825000   0.146772e-04  -0.381344e-05
     7.700000   0.157802e-01   0.151071e-03   3.850000   0.156543e-04  -0.319236e-05
     7.750000   0.146434e-01   0.138550e-03   3.875000   0.167100e-04  -0.284101e-05
     7.800000   0.135699e-01   0.126588e-03   3.900000   0.177413e-04  -0.275949e-05
     7.850000   0.125587e-01   0.115251e-03   3.925000   0.186624e-04  -0.294082e-05
     7.900000   0.116082e-01   0.104581e-03   3.950000   0.194060e-04  -0.337172e-05
     7.950000   0.107169e-01   0.946052e-04   3.975000   0.199227e-04  -0.403355e-05
     8.000000   0.988276e-02   0.853315e-04   4.000000   0.201805e-04  -0.490316e-05
     8.050000   0.910381e-02   0.767554e-04   4.025000   0.201633e-04  -0.595390e-05
     8.100000   0.837778e-02   0.688612e-04   4.050000   0.198693e-04  -0.715655e-05
     8.150000   0.770231e-02   0.616253e-04   4.075000   0.193091e-04  -0.848026e-05
     8.200000   0.707501e-02   0.550191e-04   4.100000   0.185032e-04  -0.989343e-05
     8.250000   0.649340e-02   0.490108e-04   4.125000   0.174800e-04  -0.113645e-04
     8.300000   0.595499e-02   0.435672e-04   4.150000   0.162733e-04  -0.128629e-04
     8.350000   0.545733e-02   0.386544e-04   4.175000   0.149206e-04  -0.143592e-04
     8.400000   0.499796e-02   0.342381e-04   4.200000   0.134606e-04  -0.158263e-04
     8.450000   0.457449e-02   0.302836e-04   4.225000   0.119320e-04  -0.172395e-04
     8.500000   0.418459e-02   0.267555e-04   4.250000   0.103717e-04  -0.185769e-04
     8.550000   0.382601e-02   0.236178e-04   4.275000   0.881367e-05  -0.198196e-04
     8.600000   0.349657e-02   0.208340e-04   4.300000   0.728813e-05  -0.209522e-04
     8.650000   0.319421e-02   0.183680e-04   4.325000   0.582089e-05  -0.219622e-04
     8.700000   0.291695e-02   0.161848e-04   4.350000   0.443291e-05  -0.228408e-04
     8.750000   0.266291e-02   0.142518e-04   4.375000   0.314026e-05  -0.235819e-04
     8.800000   0.243032e-02   0.125392e-04   4.400000   0.195415e-05  -0.241828e-04
     8.850000   0.221751e-02   0.110212e-04   4.425000   0.881219e-06  -0.246431e-04
     8.900000   0.202293e-02   0.967601e-05   4.450000  -0.760877e-07  -0.249652e-04
     8.950000   0.184512e-02   0.848556e-05   4.475000  -0.918972e-06  -0.251536e-04
     9.000000   0.168270e-02   0.743491e-05   4.500000  -0.165172e-05  -0.252147e-04
     9.050000   0.153441e-02   0.651127e-05   4.525000  -0.228106e-05  -0.251562e-04
     9.100000   0.139908e-02   0.570304e-05   4.550000  -0.281556e-05  -0.249873e-04
     9.150000   0.127562e-02   0.499894e-05   4.575000  -0.326495e-05  -0.247179e-04
     9.200000   0.116303e-02   0.438747e-05   4.600000  -0.363962e-05  -0.243583e-04
     9.250000   0.106036e-02   0.385682e-05   4.625000  -0.395004e-05  -0.239194e-04
     9.300000   0.966780e-03   0.339514e-05   4.650000  -0.420631e-05  -0.234119e-04
     9.350000   0.881487e-03   0.299109e-05   4.675000  -0.441784e-05  -0.228463e-04
     9.400000   0.803761e-03   0.263452e-05   4.700000  -0.459301e-05  -0.222326e-04
     9.450000   0.732939e-03   0.231711e-05   4.725000  -0.473898e-05  -0.215804e-04
     9.500000   0.668411e-03   0.203272e-05   4.750000  -0.486160e-05  -0.208985e-04
     9.550000   0.609622e-03   0.177742e-05   4.775000  -0.496531e-05  -0.201949e-04
     9.600000   0.556061e-03   0.154915e-05   4.800000  -0.505320e-05  -0.194767e-04
     9.650000   0.507264e-03   0.134708e-05   4.825000  -0.512710e-05  -0.187502e-04
     9.700000   0.462806e-03   0.117084e-05   4.850000  -0.518767e-05  -0.180206e-04
     9.750000   0.422301e-03   0.101976e-05   4.875000  -0.523460e-05  -0.172926e-04
     9.800000   0.385396e-03   0.892313e-06   4.900000  -0.526680e-05  -0.165696e-04
     9.850000   0.351770e-03   0.785896e-06   4.925000  -0.528259e-05  -0.158546e-04
     9.900000   0.321129e-03   0.696901e-06   4.950000  -0.527990e-05  -0.151499e-04
     9.950000   0.293206e-03   0.621137e-06   4.975000  -0.525653e-05  -0.144568e-04
    10.000000   0.267758e-03   0.554430e-06   5.000000  -0.521026e-05  -0.137765e-04
    10.050000   0.244561e-03   0.493254e-06   5.025000  -0.513909e-05  -0.131095e-04
    10.100000   0.223414e-03   0.435228e-06   5.050000  -0.504135e-05  -0.124562e-04
    10.150000   0.204131e-03   0.379374e-06   5.075000  -0.491582e-05  -0.118163e-04
    10.200000   0.186545e-03   0.326051e-06   5.100000  -0.476182e-05  -0.111899e-04
    10.250000   0.170504e-03   0.276609e-06   5.125000  -0.457929e-05  -0.105764e-04
    10.300000   0.155869e-03   0.232830e-06   5.150000  -0.436878e-05  -0.997565e-05
    10.350000   0.142515e-03   0.196311e-06   5.175000  -0.413147e-05  -0.938718e-05
    10.400000   0.130329e-03   0.167925e-06   5.200000  -0.386913e-05  -0.881072e-05
    10.450000   0.119206e-03   0.147494e-06   5.225000  -0.358408e-05  -0.824606e-05
    10.500000   0.109052e-03   0.133741e-06   5.250000  -0.327911e-05  -0.769312e-05
    10.550000   0.997831e-04   0.124529e-06   5.275000  -0.295741e-05  -0.715195e-05
    10.600000   0.913197e-04   0.117313e-06   5.300000  -0.262247e-05  -0.662271e-05
    10.650000   0.835906e-04   0.109691e-06   5.325000  -0.227797e-05  -0.610575e-05
    10.700000   0.765304e-04   0.999221e-07   5.350000  -0.192769e-05  -0.560150e-05
    10.750000   0.700795e-04   0.872738e-07   5.375000  -0.157544e-05  -0.511055e-05
    10.800000   0.641836e-04   0.721240e-07   5.400000  -0.122492e-05  -0.463355e-05
    10.850000   0.587935e-04   0.557971e-07   5.425000  -0.879638e-06  -0.417125e-05
    10.900000   0.538643e-04   0.401775e-07   5.450000  -0.542881e-06  -0.372442e-05
    10.950000   0.493559e-04   0.272006e-07   5.475000  -0.217615e-06  -0.329389e-05
    11.000000   0.452317e-04   0.183468e-07   5.500000   0.935549e-07  -0.288044e-05
    11.050000   0.414587e-04   0.142611e-07   5.525000   0.388417e-06  -0.248486e-05
    11.100000   0.380069e-04   0.145891e-07   5.550000   0.665176e-06  -0.210786e-05
    11.150000   0.348488e-04   0.180630e-07   5.575000   0.922459e-06  -0.175008e-05
    11.200000   0.319593e-04   0.228113e-07   5.600000   0.115932e-05  -0.141205e-05
    11.250000   0.293152e-04   0.268119e-07   5.625000   0.137520e-05  -0.109421e-05
    11.300000   0.268952e-04   0.283739e-07   5.650000   0.156995e-05  -0.796851e-06
    11.350000   0.246794e-04   0.265314e-07   5.675000   0.174373e-05  -0.520136e-06
    11.400000   0.226499e-04   0.212524e-07   5.700000   0.189705e-05  -0.264084e-06
    11.450000   0.207902e-04   0.134174e-07   5.725000   0.203066e-05  -0.285701e-07
    11.500000   0.190853e-04   0.457753e-08   5.750000   0.214552e-05   0.186672e-06
    11.550000   0.175219e-04  -0.344618e-08   5.775000   0.224280e-05   0.382049e-06
    11.600000   0.160880e-04  -0.901970e-08   5.800000   0.232375e-05   0.558098e-06
    11.650000   0.147729e-04  -0.110975e-07   5.825000   0.238974e-05   0.715477e-06
    11.700000   0.135670e-04  -0.947166e-08   5.850000   0.244215e-05   0.854952e-06
    11.750000   0.124615e-04  -0.481101e-08   5.875000   0.248238e-05   0.977386e-06
    11.800000   0.114482e-04   0.151519e-08   5.900000   0.251179e-05   0.108372e-05
    11.850000   0.105196e-04   0.778167e-08   5.925000   0.253168e-05   0.117497e-05
    11.900000   0.966855e-05   0.123322e-07   5.950000   0.254328e-05   0.125218e-05
    11.950000   0.888824e-05   0.139803e-07   5.975000   0.254772e-05   0.131644e-05
    12.000000   0.817235e-05   0.122874e-07   6.000000   0.254600e-05   0.136887e-05
    12.050000   0.751507e-05   0.765444e-08   6.025000   0.253903e-05   0.141057e-05
    12.100000   0.691111e-05   0.120596e-08   6.050000   0.252758e-05   0.144263e-05
    12.150000   0.635577e-05  -0.549941e-08   6.075000   0.251232e-05   0.146613e-05
    12.200000   0.584496e-05  -0.108592e-07   6.100000   0.249380e-05   0.148209e-05
    12.250000   0.537514e-05  -0.136206e-07   6.125000   0.247246e-05   0.149151e-05
    12.300000   0.494321e-05  -0.131814e-07   6.150000   0.244866e-05   0.149531e-05
    12.350000   0.454645e-05  -0.972639e-08   6.175000   0.242268e-05   0.149437e-05
    12.400000   0.418231e-05  -0.416890e-08   6.200000   0.239473e-05   0.148947e-05
    12.450000   0.384837e-05   0.208423e-08   6.225000   0.236494e-05   0.148135e-05
    12.500000   0.354224e-05   0.748449e-08   6.250000   0.233344e-05   0.147066e-05
    12.550000   0.326155e-05   0.107218e-07   6.275000   0.230031e-05   0.145798e-05
    12.600000   0.300393e-05   0.110399e-07   6.300000   0.226560e-05   0.144380e-05
    12.650000   0.276716e-05   0.841087e-08   6.325000   0.222936e-05   0.142856e-05
    12.700000   0.254916e-05   0.352930e-08   6.350000   0.219165e-05   0.141261e-05
    12.750000   0.234809e-05  -0.237037e-08   6.375000   0.215253e-05   0.139625e-05
    12.800000   0.216245e-05  -0.782465e-08   6.400000   0.211206e-05   0.137968e-05
    12.850000   0.199099e-05  -0.115027e-07   6.425000   0.207032e-05   0.136310e-05
    12.900000   0.183276e-05  -0.125291e-07   6.450000   0.202741e-05   0.134661e-05
    12.950000   0.168699e-05  -0.106904e-07   6.475000   0.198344e-05   0.133028e-05
    13.000000   0.155302e-05  -0.647633e-08   6.500000   0.193855e-05   0.131413e-05
    13.050000   0.143019e-05  -0.948338e-09   6.525000   0.189286e-05   0.129817e-05
    13.100000   0.131778e-05   0.452875e-08   6.550000   0.184655e-05   0.128235e-05
    13.150000   0.121497e-05   0.862508e-08   6.575000   0.179975e-05   0.126662e-05
    13.200000   0.112085e-05   0.103699e-07   6.600000   0.175264e-05   0.125089e-05
    13.250000   0.103445e-05   0.938270e-08   6.625000   0.170537e-05   0.123507e-05
    13.300000   0.954851e-06   0.595654e-08   6.650000   0.165811e-05   0.121908e-05
    13.350000   0.881194e-06   0.975497e-09   6.675000   0.161099e-05   0.120279e-05
    13.400000   0.812799e-06  -0.431075e-08   6.700000   0.156415e-05   0.118611e-05
    13.450000   0.749175e-06  -0.859807e-08   6.725000   0.151771e-05   0.116894e-05
    13.500000   0.690022e-06  -0.108472e-07   6.750000   0.147176e-05   0.115118e-05
    13.550000   0.635196e-06  -0.105336e-07   6.775000   0.142640e-05   0.113275e-05
    13.600000   0.584640e-06  -0.776713e-08   6.800000   0.138167e-05   0.111358e-05
    13.650000   0.538304e-06  -0.325555e-08   6.825000   0.133762e-05   0.109360e-05
    13.700000   0.496078e-06   0.187776e-08   6.850000   0.129427e-05   0.107277e-05
    13.750000   0.457744e-06   0.637465e-08   6.875000   0.125161e-05   0.105104e-05
    13.800000   0.422957e-06   0.915154e-08   6.900000   0.120962e-05   0.102840e-05
    13.850000   0.391272e-06   0.956140e-08   6.925000   0.116828e-05   0.100485e-05
    13.900000   0.362188e-06   0.754507e-08   6.950000   0.112754e-05   0.980375e-06
    13.950000   0.335223e-06   0.363678e-08   6.975000   0.108732e-05   0.955011e-06
    14.000000   0.309973e-06  -0.117537e-08   7.000000   0.104758e-05   0.928788e-06
    14.050000   0.286163e-06  -0.569755e-08   7.025000   0.100825e-05   0.901749e-06
    14.100000   0.263673e-06  -0.882489e-08   7.050000   0.969246e-06   0.873950e-06
    14.150000   0.242519e-06  -0.980998e-08   7.075000   0.930515e-06   0.845457e-06
    14.200000   0.222812e-06  -0.844003e-08   7.100000   0.891995e-06   0.816344e-06
    14.250000   0.204699e-06  -0.508095e-08   7.125000   0.853636e-06   0.786693e-06
    14.300000   0.188295e-06  -0.579356e-09   7.150000   0.815400e-06   0.756592e-06
    14.350000   0.173627e-06   0.395123e-08   7.175000   0.777262e-06   0.726136e-06
    14.400000   0.160605e-06   0.740630e-08   7.200000   0.739214e-06   0.695422e-06
    14.450000   0.149024e-06   0.895996e-08   7.225000   0.701261e-06   0.664551e-06
    14.500000   0.138589e-06   0.826259e-08   7.250000   0.663427e-06   0.633628e-06
    14.550000   0.128974e-06   0.551939e-08   7.275000   0.625753e-06   0.602756e-06
    14.600000   0.119878e-06   0.143221e-08   7.300000   0.588296e-06   0.572041e-06
    14.650000   0.111082e-06  -0.297895e-08   7.325000   0.551127e-06   0.541584e-06
    14.700000   0.102484e-06  -0.662962e-08   7.350000   0.514334e-06   0.511488e-06
    14.750000   0.941071e-07  -0.863658e-08   7.375000   0.478012e-06   0.481850e-06
    14.800000   0.860775e-07  -0.853077e-08   7.400000   0.442271e-06   0.452765e-06
    14.850000   0.785810e-07  -0.636596e-08   7.425000   0.407223e-06   0.424322e-06
    14.900000   0.718048e-07  -0.269823e-08   7.450000   0.372988e-06   0.396605e-06
    14.950000   0.658827e-07   0.155684e-08   7.475000   0.339686e-06   0.369691e-06
    15.000000   0.608539e-07   0.535285e-08   7.500000   0.307433e-06   0.343650e-06
    15.050000   0.566467e-07   0.776992e-08   7.525000   0.276345e-06   0.318543e-06
    15.100000   0.530899e-07   0.823767e-08   7.550000   0.246526e-06   0.294424e-06
    15.150000   0.499483e-07   0.666964e-08   7.575000   0.218072e-06   0.271338e-06
    15.200000   0.469735e-07   0.347781e-08   7.600000   0.191067e-06   0.249319e-06
    15.250000   0.439581e-07  -0.534883e-09   7.625000   0.165580e-06   0.228392e-06
    15.300000   0.407786e-07  -0.437593e-08   7.650000   0.141664e-06   0.208574e-06
    15.350000   0.374182e-07  -0.710824e-08   7.675000   0.119355e-06   0.189870e-06
    15.400000   0.339641e-07  -0.807831e-08   7.700000   0.986709e-07   0.172275e-06
    15.450000   0.305798e-07  -0.707190e-08   7.725000   0.796112e-07   0.155777e-06
    15.500000   0.274600e-07  -0.436056e-08   7.750000   0.621577e-07   0.140354e-06
    15.550000   0.247791e-07  -0.628741e-09   7.775000   0.462751e-07   0.125976e-06
    15.600000   0.226463e-07   0.319887e-08   7.800000   0.319116e-07   0.112604e-06
    15.650000   0.210766e-07   0.618636e-08   7.825000   0.190009e-07   0.100195e-06
    15.700000   0.199862e-07   0.761537e-08   7.850000   0.746376e-08   0.886987e-07
    15.750000   0.192115e-07   0.715764e-08   7.875000  -0.278996e-08   0.780613e-07
    15.800000   0.185474e-07   0.495010e-08   7.900000  -0.118587e-07   0.682249e-07
    15.850000   0.177950e-07   0.155530e-08   7.925000  -0.198470e-07   0.591299e-07
    15.900000   0.168074e-07  -0.218149e-08   7.950000  -0.268628e-07   0.507155e-07
    15.950000   0.155221e-07  -0.534244e-08   7.975000  -0.330153e-07   0.429212e-07
    16.000000   0.139723e-07  -0.716226e-08   8.000000  -0.384119e-07   0.356876e-07
    16.050000   0.122761e-07  -0.721314e-08   8.025000  -0.431567e-07   0.289579e-07
    16.100000   0.106043e-07  -0.550491e-08   8.050000  -0.473477e-07   0.226783e-07
    16.150000   0.913702e-08  -0.247702e-08   8.075000  -0.510757e-07   0.167992e-07
    16.200000   0.801886e-08   0.111425e-08   8.100000  -0.544223e-07   0.112756e-07
    16.250000   0.732304e-08   0.438457e-08   8.125000  -0.574590e-07   0.606766e-08
    16.300000   0.703398e-08   0.653915e-08   8.150000  -0.602462e-07   0.114114e-08
    16.350000   0.705146e-08   0.706576e-08   8.175000  -0.628333e-07  -0.353258e-08
    16.400000   0.721526e-08   0.585629e-08   8.200000  -0.652578e-07  -0.797647e-08
    16.450000   0.734393e-08   0.322807e-08   8.225000  -0.675464e-07  -0.122080e-07
    16.500000   0.727805e-08  -0.158931e-09   8.250000  -0.697151e-07  -0.162395e-07
    16.550000   0.691760e-08  -0.346760e-08   8.275000  -0.717704e-07  -0.200787e-07
    16.600000   0.624429e-08  -0.589030e-08   8.300000  -0.737101e-07  -0.237289e-07
    16.650000   0.532398e-08  -0.684582e-08   8.325000  -0.755249e-07  -0.271901e-07
    16.700000   0.428870e-08  -0.611851e-08   8.350000  -0.771997e-07  -0.304595e-07
    16.750000   0.330313e-08  -0.390651e-08   8.375000  -0.787153e-07  -0.335322e-07
    16.800000   0.252372e-08  -0.768228e-09   8.400000  -0.800497e-07  -0.364020e-07
    16.850000   0.206062e-08   0.251840e-08   8.425000  -0.811798e-07  -0.390621e-07
    16.900000   0.195132e-08   0.514864e-08   8.450000  -0.820829e-07  -0.415055e-07
    16.950000   0.215245e-08   0.648780e-08   8.475000  -0.827379e-07  -0.437265e-07
    17.000000   0.255113e-08   0.622426e-08   8.500000  -0.831265e-07  -0.457199e-07
    17.050000   0.299305e-08   0.444168e-08   8.525000  -0.832344e-07  -0.474828e-07
    17.100000   0.332006e-08   0.159380e-08   8.550000  -0.830515e-07  -0.490139e-07
    17.150000   0.340812e-08  -0.161078e-08   8.575000  -0.825731e-07  -0.503144e-07
    17.200000   0.319642e-08  -0.438475e-08   8.600000  -0.817999e-07  -0.513876e-07
    17.250000   0.270081e-08  -0.605533e-08   8.625000  -0.807379e-07  -0.522393e-07
    17.300000   0.200847e-08  -0.622725e-08   8.650000  -0.793989e-07  -0.528778e-07
    17.350000   0.125549e-08  -0.487605e-08   8.675000  -0.777993e-07  -0.533133e-07
    17.400000   0.593010e-09  -0.234964e-08   8.700000  -0.759604e-07  -0.535580e-07
    17.450000   0.150287e-09   0.721003e-09   8.725000  -0.739074e-07  -0.536260e-07
    17.500000   0.361326e-11   0.357929e-08   8.750000  -0.716687e-07  -0.535326e-07
    17.550000   0.158564e-09   0.552930e-08   8.775000  -0.692751e-07  -0.532940e-07
    17.600000   0.549611e-09   0.610508e-08   8.800000  -0.667590e-07  -0.529276e-07
    17.650000   0.105692e-08   0.518181e-08   8.825000  -0.641535e-07  -0.524507e-07
    17.700000   0.153605e-08   0.300231e-08   8.850000  -0.614916e-07  -0.518810e-07
    17.750000   0.185309e-08   0.113560e-09   8.875000  -0.588055e-07  -0.512359e-07
    17.800000   0.191677e-08  -0.277046e-08   8.900000  -0.561255e-07  -0.505326e-07
    17.850000   0.169975e-08  -0.494507e-08   8.925000  -0.534802e-07  -0.497875e-07
    17.900000   0.124416e-08  -0.588690e-08   8.950000  -0.508950e-07  -0.490164e-07
    17.950000   0.650262e-09  -0.537973e-08   8.975000  -0.483927e-07  -0.482343e-07
    18.000000   0.512282e-10  -0.356379e-08   9.000000  -0.459925e-07  -0.474552e-07
    18.050000  -0.419602e-09  -0.897501e-09   9.025000  -0.437101e-07  -0.466921e-07
    18.100000  -0.661043e-09   0.195812e-08   9.050000  -0.415578e-07  -0.459571e-07
    18.150000  -0.628101e-09   0.430319e-08   9.075000  -0.395444e-07  -0.452613e-07
    18.200000  -0.342068e-09   0.557036e-08   9.100000  -0.376753e-07  -0.446146e-07
    18.250000   0.115569e-09   0.546198e-08   9.125000  -0.359529e-07  -0.440262e-07
    18.300000   0.623676e-09   0.401975e-08   9.150000  -0.343766e-07  -0.435039e-07
    18.350000   0.105131e-08   0.161083e-08   9.175000  -0.329434e-07  -0.430543e-07
    18.400000   0.128947e-08  -0.116550e-08   9.200000  -0.316479e-07  -0.426832e-07
    18.450000   0.127713e-08  -0.362677e-08   9.225000  -0.304829e-07  -0.423947e-07
    18.500000   0.101521e-08  -0.517498e-08   9.250000  -0.294395e-07  -0.421915e-07
    18.550000   0.565425e-09  -0.544174e-08   9.275000  -0.285073e-07  -0.420750e-07
    18.600000   0.344468e-10  -0.437579e-08   9.300000  -0.276752e-07  -0.420445e-07
    18.650000  -0.452590e-09  -0.225204e-08   9.325000  -0.269310e-07  -0.420978e-07
    18.700000  -0.782654e-09   0.399117e-09   9.350000  -0.262617e-07  -0.422307e-07
    18.750000  -0.882000e-09   0.292416e-08   9.375000  -0.256541e-07  -0.424365e-07
    18.800000  -0.733475e-09   0.470741e-08   9.400000  -0.250946e-07  -0.427069e-07
    18.850000  -0.379863e-09   0.532105e-08   9.425000  -0.245691e-07  -0.430312e-07
    18.900000   0.872946e-10   0.462762e-08   9.450000  -0.240636e-07  -0.433963e-07
    18.950000   0.550532e-09   0.281051e-08   9.475000  -0.235640e-07  -0.437875e-07
    19.000000   0.895227e-09   0.325688e-09   9.500000  -0.230562e-07  -0.441879e-07
    19.050000   0.103728e-08  -0.221254e-08   9.525000  -0.225264e-07  -0.445792e-07
    19.100000   0.943018e-09  -0.418335e-08   9.550000  -0.219608e-07  -0.449416e-07
    19.150000   0.636615e-09  -0.511108e-08   9.575000  -0.213464e-07  -0.452546e-07
    19.200000   0.193419e-09  -0.477998e-08   9.600000  -0.206705e-07  -0.454970e-07
    19.250000  -0.279008e-09  -0.328413e-08   9.625000  -0.199216e-07  -0.456479e-07
    19.300000  -0.667383e-09  -0.100123e-08   9.650000  -0.190889e-07  -0.456871e-07
    19.350000  -0.880204e-09   0.150263e-08   9.675000  -0.181630e-07  -0.455954e-07
    19.400000  -0.869607e-09   0.361329e-08   9.700000  -0.171364e-07  -0.453558e-07
    19.450000  -0.642347e-09   0.481901e-08   9.725000  -0.160030e-07  -0.449536e-07
    19.500000  -0.257427e-09   0.483449e-08   9.750000  -0.147590e-07  -0.443771e-07
    19.550000   0.188905e-09   0.366820e-08   9.775000  -0.134032e-07  -0.436181e-07
    19.600000   0.586949e-09   0.161729e-08   9.800000  -0.119366e-07  -0.426727e-07
    19.650000   0.840293e-09  -0.807959e-09   9.825000  -0.103633e-07  -0.415412e-07
    19.700000   0.888961e-09  -0.301104e-08   9.850000  -0.869000e-08  -0.402282e-07
    19.750000   0.723436e-09  -0.445582e-08   9.875000  -0.692660e-08  -0.387436e-07
    19.800000   0.386276e-09  -0.479691e-08   9.900000  -0.508581e-08  -0.371015e-07
    19.850000  -0.389001e-10  -0.396211e-08   9.925000  -0.318319e-08  -0.353208e-07
    19.900000  -0.448213e-09  -0.216733e-08   9.950000  -0.123694e-08  -0.334247e-07
    19.950000  -0.742955e-09   0.139158e-09   9.975000   0.732376e-09  -0.314401e-07
    20.000000  -0.853430e-09   0.238853e-08  10.000000   0.270218e-08  -0.293974e-07
