     0.000000   0.923320e-01  -0.172615e-02   0.000000   0.100000e+01   0.000000e+00
     0.050000   0.922578e-01  -0.171862e-02   0.025000   0.996899e+00  -0.520871e-05
     0.100000   0.920359e-01  -0.169620e-02   0.050000   0.987638e+00  -0.206836e-04
     0.150000   0.916681e-01  -0.165939e-02   0.075000   0.972348e+00  -0.459754e-04
     0.200000   0.911576e-01  -0.160903e-02   0.100000   0.951241e+00  -0.803491e-04
     0.250000   0.905090e-01  -0.154623e-02   0.125000   0.924612e+00  -0.122804e-03
     0.300000   0.897279e-01  -0.147237e-02   0.150000   0.892827e+00  -0.172104e-03
     0.350000   0.888216e-01  -0.138902e-02   0.175000   0.856319e+00  -0.226807e-03
     0.400000   0.877983e-01  -0.129792e-02   0.200000   0.815583e+00  -0.285311e-03
     0.450000   0.866676e-01  -0.120090e-02   0.225000   0.771162e+00  -0.345892e-03
     0.500000   0.854401e-01  -0.109981e-02   0.250000   0.723636e+00  -0.406758e-03
     0.550000   0.841276e-01  -0.996484e-03   0.275000   0.673618e+00  -0.466093e-03
     0.600000   0.827425e-01  -0.892646e-03   0.300000   0.621738e+00  -0.522110e-03
     0.650000   0.812979e-01  -0.789892e-03   0.325000   0.568632e+00  -0.573097e-03
     0.700000   0.798073e-01  -0.689631e-03   0.350000   0.514933e+00  -0.617467e-03
     0.750000   0.782845e-01  -0.593056e-03   0.375000   0.461259e+00  -0.653797e-03
     0.800000   0.767431e-01  -0.501128e-03   0.400000   0.408205e+00  -0.680867e-03
     0.850000   0.751967e-01  -0.414573e-03   0.425000   0.356329e+00  -0.697695e-03
     0.900000   0.736584e-01  -0.333886e-03   0.450000   0.306150e+00  -0.703558e-03
     0.950000   0.721409e-01  -0.259354e-03   0.475000   0.258137e+00  -0.698013e-03
     1.000000   0.706562e-01  -0.191078e-03   0.500000   0.212703e+00  -0.680906e-03
     1.050000   0.692155e-01  -0.129007e-03   0.525000   0.170202e+00  -0.652376e-03
     1.100000   0.678291e-01  -0.729743e-04   0.550000   0.130925e+00  -0.612850e-03
     1.150000   0.665064e-01  -0.227243e-04   0.575000   0.950948e-01  -0.563027e-03
     1.200000   0.652560e-01   0.220515e-04   0.600000   0.628722e-01  -0.503860e-03
     1.250000   0.640851e-01   0.616911e-04   0.625000   0.343508e-01  -0.436532e-03
     1.300000   0.630002e-01   0.965401e-04   0.650000   0.956153e-02  -0.362418e-03
     1.350000   0.620064e-01   0.126936e-03   0.675000  -0.115250e-01  -0.283052e-03
     1.400000   0.611078e-01   0.153198e-03   0.700000  -0.289940e-01  -0.200087e-03
     1.450000   0.603073e-01   0.175617e-03   0.725000  -0.429816e-01  -0.115246e-03
     1.500000   0.596066e-01   0.194458e-03   0.750000  -0.536691e-01  -0.302872e-04
     1.550000   0.590065e-01   0.209949e-03   0.775000  -0.612767e-01   0.530493e-04
     1.600000   0.585065e-01   0.222289e-03   0.800000  -0.660567e-01   0.133079e-03
     1.650000   0.581050e-01   0.231645e-03   0.825000  -0.682865e-01   0.208218e-03
     1.700000   0.577997e-01   0.238156e-03   0.850000  -0.682616e-01   0.277014e-03
     1.750000   0.575872e-01   0.241932e-03   0.875000  -0.662888e-01   0.338189e-03
     1.800000   0.574632e-01   0.243064e-03   0.900000  -0.626793e-01   0.390659e-03
     1.850000   0.574228e-01   0.241625e-03   0.925000  -0.577424e-01   0.433559e-03
     1.900000   0.574603e-01   0.237680e-03   0.950000  -0.517795e-01   0.466262e-03
     1.950000   0.575695e-01   0.231291e-03   0.975000  -0.450793e-01   0.488386e-03
     2.000000   0.577437e-01   0.222529e-03   1.000000  -0.379129e-01   0.499796e-03
     2.050000   0.579758e-01   0.211479e-03   1.025000  -0.305296e-01   0.500604e-03
     2.100000   0.582584e-01   0.198253e-03   1.050000  -0.231545e-01   0.491160e-03
     2.150000   0.585836e-01   0.182990e-03   1.075000  -0.159856e-01   0.472032e-03
     2.200000   0.589439e-01   0.165868e-03   1.100000  -0.919238e-02   0.443993e-03
     2.250000   0.593313e-01   0.147101e-03   1.125000  -0.291505e-02   0.407989e-03
     2.300000   0.597381e-01   0.126938e-03   1.150000   0.273560e-02   0.365116e-03
     2.350000   0.601567e-01   0.105664e-03   1.175000   0.767766e-02   0.316586e-03
     2.400000   0.605796e-01   0.835907e-04   1.200000   0.118569e-01   0.263696e-03
     2.450000   0.609999e-01   0.610505e-04   1.225000   0.152453e-01   0.207792e-03
     2.500000   0.614109e-01   0.383863e-04   1.250000   0.178384e-01   0.150234e-03
     2.550000   0.618065e-01   0.159430e-04   1.275000   0.196537e-01   0.923672e-04
     2.600000   0.621810e-01  -0.594259e-05   1.300000   0.207270e-01   0.354845e-04
     2.650000   0.625294e-01  -0.269514e-04   1.325000   0.211101e-01  -0.191987e-04
     2.700000   0.628471e-01  -0.467904e-04   1.350000   0.208675e-01  -0.705720e-04
     2.750000   0.631306e-01  -0.652000e-04   1.375000   0.200738e-01  -0.117653e-03
     2.800000   0.633766e-01  -0.819605e-04   1.400000   0.188099e-01  -0.159603e-03
     2.850000   0.635828e-01  -0.968968e-04   1.425000   0.171611e-01  -0.195746e-03
     2.900000   0.637475e-01  -0.109882e-03   1.450000   0.152139e-01  -0.225573e-03
     2.950000   0.638697e-01  -0.120839e-03   1.475000   0.130537e-01  -0.248750e-03
     3.000000   0.639491e-01  -0.129742e-03   1.500000   0.107627e-01  -0.265116e-03
     3.050000   0.639860e-01  -0.136614e-03   1.525000   0.841800e-02  -0.274680e-03
     3.100000   0.639815e-01  -0.141526e-03   1.550000   0.609012e-02  -0.277614e-03
     3.150000   0.639373e-01  -0.144594e-03   1.575000   0.384184e-02  -0.274238e-03
     3.200000   0.638555e-01  -0.145972e-03   1.600000   0.172721e-02  -0.265007e-03
     3.250000   0.637390e-01  -0.145847e-03   1.625000  -0.208900e-03  -0.250493e-03
     3.300000   0.635910e-01  -0.144433e-03   1.650000  -0.193111e-02  -0.231365e-03
     3.350000   0.634151e-01  -0.141963e-03   1.675000  -0.341348e-02  -0.208367e-03
     3.400000   0.632152e-01  -0.138684e-03   1.700000  -0.463928e-02  -0.182296e-03
     3.450000   0.629957e-01  -0.134845e-03   1.725000  -0.560045e-02  -0.153980e-03
     3.500000   0.627609e-01  -0.130694e-03   1.750000  -0.629695e-02  -0.124258e-03
     3.550000   0.625154e-01  -0.126472e-03   1.775000  -0.673595e-02  -0.939528e-04
     3.600000   0.622638e-01  -0.122405e-03   1.800000  -0.693089e-02  -0.638579e-04
     3.650000   0.620107e-01  -0.118703e-03   1.825000  -0.690046e-02  -0.347159e-04
     3.700000   0.617606e-01  -0.115554e-03   1.850000  -0.666757e-02  -0.720365e-05
     3.750000   0.615179e-01  -0.113126e-03   1.875000  -0.625831e-02   0.180807e-04
     3.800000   0.612866e-01  -0.111560e-03   1.900000  -0.570087e-02   0.406285e-04
     3.850000   0.610705e-01  -0.110975e-03   1.925000  -0.502462e-02   0.600280e-04
     3.900000   0.608732e-01  -0.111468e-03   1.950000  -0.425914e-02   0.759694e-04
     3.950000   0.606976e-01  -0.113112e-03   1.975000  -0.343341e-02   0.882466e-04
     4.000000   0.605464e-01  -0.115956e-03   2.000000  -0.257509e-02   0.967564e-04
     4.050000   0.604216e-01  -0.120033e-03   2.025000  -0.170992e-02   0.101495e-03
     4.100000   0.603248e-01  -0.125353e-03   2.050000  -0.861171e-03   0.102554e-03
     4.150000   0.602570e-01  -0.131906e-03   2.075000  -0.493108e-04   0.100108e-03
     4.200000   0.602184e-01  -0.139666e-03   2.100000   0.708279e-03   0.944115e-04
     4.250000   0.602089e-01  -0.148583e-03   2.125000   0.139745e-02   0.857837e-04
     4.300000   0.602276e-01  -0.158591e-03   2.150000   0.200733e-02   0.745976e-04
     4.350000   0.602731e-01  -0.169600e-03   2.175000   0.253029e-02   0.612679e-04
     4.400000   0.603435e-01  -0.181500e-03   2.200000   0.296179e-02   0.462381e-04
     4.450000   0.604362e-01  -0.194156e-03   2.225000   0.330018e-02   0.299674e-04
     4.500000   0.605481e-01  -0.207415e-03   2.250000   0.354646e-02   0.129188e-04
     4.550000   0.606759e-01  -0.221097e-03   2.275000   0.370392e-02  -0.445319e-05
     4.600000   0.608154e-01  -0.235006e-03   2.300000   0.377786e-02  -0.217128e-04
     4.650000   0.609624e-01  -0.248923e-03   2.325000   0.377519e-02  -0.384530e-04
     4.700000   0.611124e-01  -0.262617e-03   2.350000   0.370408e-02  -0.543034e-04
     4.750000   0.612602e-01  -0.275843e-03   2.375000   0.357360e-02  -0.689376e-04
     4.800000   0.614010e-01  -0.288350e-03   2.400000   0.339337e-02  -0.820778e-04
     4.850000   0.615293e-01  -0.299886e-03   2.425000   0.317322e-02  -0.934992e-04
     4.900000   0.616398e-01  -0.310200e-03   2.450000   0.292292e-02  -0.103032e-03
     4.950000   0.617273e-01  -0.319050e-03   2.475000   0.265191e-02  -0.110560e-03
     5.000000   0.617862e-01  -0.326209e-03   2.500000   0.236907e-02  -0.116025e-03
     5.050000   0.618115e-01  -0.331468e-03   2.525000   0.208256e-02  -0.119419e-03
     5.100000   0.617981e-01  -0.334643e-03   2.550000   0.179962e-02  -0.120782e-03
     5.150000   0.617411e-01  -0.335576e-03   2.575000   0.152656e-02  -0.120201e-03
     5.200000   0.616358e-01  -0.334142e-03   2.600000   0.126862e-02  -0.117803e-03
     5.250000   0.614781e-01  -0.330250e-03   2.625000   0.102999e-02  -0.113745e-03
     5.300000   0.612640e-01  -0.323848e-03   2.650000   0.813789e-03  -0.108216e-03
     5.350000   0.609898e-01  -0.314922e-03   2.675000   0.622139e-03  -0.101424e-03
     5.400000   0.606523e-01  -0.303499e-03   2.700000   0.456199e-03  -0.935913e-04
     5.450000   0.602489e-01  -0.289649e-03   2.725000   0.316258e-03  -0.849485e-04
     5.500000   0.597772e-01  -0.273479e-03   2.750000   0.201835e-03  -0.757283e-04
     5.550000   0.592352e-01  -0.255137e-03   2.775000   0.111792e-03  -0.661593e-04
     5.600000   0.586217e-01  -0.234807e-03   2.800000   0.444417e-04  -0.564609e-04
     5.650000   0.579358e-01  -0.212703e-03   2.825000  -0.232348e-05  -0.468388e-04
     5.700000   0.571769e-01  -0.189070e-03   2.850000  -0.309213e-04  -0.374809e-04
     5.750000   0.563452e-01  -0.164173e-03   2.875000  -0.439643e-04  -0.285542e-04
     5.800000   0.554413e-01  -0.138295e-03   2.900000  -0.441561e-04  -0.202023e-04
     5.850000   0.544662e-01  -0.111729e-03   2.925000  -0.341959e-04  -0.125440e-04
     5.900000   0.534216e-01  -0.847742e-04   2.950000  -0.166964e-04  -0.567228e-05
     5.950000   0.523094e-01  -0.577294e-04   2.975000   0.588727e-05   0.345895e-06
     6.000000   0.511323e-01  -0.308879e-04   3.000000   0.313138e-04   0.546897e-05
     6.050000   0.498931e-01  -0.453350e-05   3.025000   0.575988e-04   0.967970e-05
     6.100000   0.485954e-01   0.210638e-04   3.050000   0.830450e-04   0.129835e-04
     6.150000   0.472430e-01   0.456512e-04   3.075000   0.106259e-03   0.154063e-04
     6.200000   0.458403e-01   0.689956e-04   3.100000   0.126155e-03   0.169921e-04
     6.250000   0.443918e-01   0.908869e-04   3.125000   0.141953e-03   0.178007e-04
     6.300000   0.429027e-01   0.111139e-03   3.150000   0.153160e-03   0.179039e-04
     6.350000   0.413783e-01   0.129595e-03   3.175000   0.159552e-03   0.173835e-04
     6.400000   0.398242e-01   0.146123e-03   3.200000   0.161143e-03   0.163280e-04
     6.450000   0.382465e-01   0.160624e-03   3.225000   0.158154e-03   0.148295e-04
     6.500000   0.366510e-01   0.173029e-03   3.250000   0.150976e-03   0.129817e-04
     6.550000   0.350441e-01   0.183301e-03   3.275000   0.140137e-03   0.108766e-04
     6.600000   0.334321e-01   0.191434e-03   3.300000   0.126260e-03   0.860294e-05
     6.650000   0.318213e-01   0.197453e-03   3.325000   0.110032e-03   0.624383e-05
     6.700000   0.302179e-01   0.201414e-03   3.350000   0.921680e-04   0.387549e-05
     6.750000   0.286280e-01   0.203400e-03   3.375000   0.733821e-04   0.156575e-05
     6.800000   0.270578e-01   0.203518e-03   3.400000   0.543597e-04  -0.626757e-06
     6.850000   0.255129e-01   0.201900e-03   3.425000   0.357357e-04  -0.265322e-05
     6.900000   0.239986e-01   0.198696e-03   3.450000   0.180761e-04  -0.447495e-05
     6.950000   0.225202e-01   0.194070e-03   3.475000   0.186422e-05  -0.606329e-05
     7.000000   0.210822e-01   0.188197e-03   3.500000  -0.125083e-04  -0.739941e-05
     7.050000   0.196889e-01   0.181260e-03   3.525000  -0.247464e-04  -0.847368e-05
     7.100000   0.183439e-01   0.173444e-03   3.550000  -0.346529e-04  -0.928503e-05
     7.150000   0.170503e-01   0.164934e-03   3.575000  -0.421259e-04  -0.983999e-05
     7.200000   0.158109e-01   0.155906e-03   3.600000  -0.471531e-04  -0.101517e-04
     7.250000   0.146277e-01   0.146533e-03   3.625000  -0.498039e-04  -0.102389e-04
     7.300000   0.135021e-01   0.136971e-03   3.650000  -0.502193e-04  -0.101246e-04
     7.350000   0.124353e-01   0.127366e-03   3.675000  -0.486002e-04  -0.983520e-05
     7.400000   0.114276e-01   0.117846e-03   3.700000  -0.451955e-04  -0.939913e-05
     7.450000   0.104790e-01   0.108521e-03   3.725000  -0.402888e-04  -0.884596e-05
     7.500000   0.958910e-02   0.994839e-04   3.750000  -0.341863e-04  -0.820535e-05
     7.550000   0.875688e-02   0.908100e-04   3.775000  -0.272041e-04  -0.750616e-05
     7.600000   0.798112e-02   0.825569e-04   3.800000  -0.196572e-04  -0.677575e-05
     7.650000   0.726019e-02   0.747663e-04   3.825000  -0.118495e-04  -0.603925e-05
     7.700000   0.659224e-02   0.674655e-04   3.850000  -0.406476e-05  -0.531915e-05
     7.750000   0.597514e-02   0.606693e-04   3.875000   0.344077e-05  -0.463483e-05
     7.800000   0.540662e-02   0.543818e-04   3.900000   0.104437e-04  -0.400241e-05
     7.850000   0.488426e-02   0.485982e-04   3.925000   0.167576e-04  -0.343455e-05
     7.900000   0.440554e-02   0.433068e-04   3.950000   0.222358e-04  -0.294050e-05
     7.950000   0.396790e-02   0.384900e-04   3.975000   0.267718e-04  -0.252616e-05
     8.000000   0.356875e-02   0.341263e-04   4.000000   0.302991e-04  -0.219431e-05
     8.050000   0.320553e-02   0.301908e-04   4.025000   0.327896e-04  -0.194483e-05
     8.100000   0.287569e-02   0.266564e-04   4.050000   0.342505e-04  -0.177507e-05
     8.150000   0.257679e-02   0.234944e-04   4.075000   0.347209e-04  -0.168016e-05
     8.200000   0.230644e-02   0.206755e-04   4.100000   0.342676e-04  -0.165345e-05
     8.250000   0.206234e-02   0.181701e-04   4.125000   0.329799e-04  -0.168692e-05
     8.300000   0.184233e-02   0.159493e-04   4.150000   0.309653e-04  -0.177153e-05
     8.350000   0.164435e-02   0.139849e-04   4.175000   0.283437e-04  -0.189768e-05
     8.400000   0.146645e-02   0.122504e-04   4.200000   0.252429e-04  -0.205554e-05
     8.450000   0.130683e-02   0.107213e-04   4.225000   0.217934e-04  -0.223538e-05
     8.500000   0.116379e-02   0.937496e-05   4.250000   0.181247e-04  -0.242788e-05
     8.550000   0.103577e-02   0.819112e-05   4.275000   0.143608e-04  -0.262440e-05
     8.600000   0.921316e-03   0.715160e-05   4.300000   0.106169e-04  -0.281713e-05
     8.650000   0.819097e-03   0.624024e-05   4.325000   0.699706e-05  -0.299928e-05
     8.700000   0.727890e-03   0.544262e-05   4.350000   0.359169e-05  -0.316519e-05
     8.750000   0.646580e-03   0.474580e-05   4.375000   0.476242e-06  -0.331034e-05
     8.800000   0.574150e-03   0.413807e-05   4.400000  -0.228973e-05  -0.343140e-05
     8.850000   0.509675e-03   0.360876e-05   4.425000  -0.466279e-05  -0.352622e-05
     8.900000   0.452321e-03   0.314810e-05   4.450000  -0.661546e-05  -0.359369e-05
     8.950000   0.401330e-03   0.274720e-05   4.475000  -0.813542e-05  -0.363373e-05
     9.000000   0.356022e-03   0.239803e-05   4.500000  -0.922445e-05  -0.364714e-05
     9.050000   0.315782e-03   0.209349e-05   4.525000  -0.989693e-05  -0.363546e-05
     9.100000   0.280060e-03   0.182743e-05   4.550000  -0.101782e-04  -0.360084e-05
     9.150000   0.248361e-03   0.159464e-05   4.575000  -0.101027e-04  -0.354591e-05
     9.200000   0.220239e-03   0.139082e-05   4.600000  -0.971189e-05  -0.347359e-05
     9.250000   0.195299e-03   0.121245e-05   4.625000  -0.905247e-05  -0.338699e-05
     9.300000   0.173183e-03   0.105663e-05   4.650000  -0.817427e-05  -0.328928e-05
     9.350000   0.153576e-03   0.920910e-06   4.675000  -0.712849e-05  -0.318353e-05
     9.400000   0.136195e-03   0.803123e-06   4.700000  -0.596597e-05  -0.307264e-05
     9.450000   0.120787e-03   0.701232e-06   4.725000  -0.473568e-05  -0.295929e-05
     9.500000   0.107130e-03   0.613263e-06   4.750000  -0.348345e-05  -0.284578e-05
     9.550000   0.950250e-04   0.537281e-06   4.775000  -0.225084e-05  -0.273409e-05
     9.600000   0.842970e-04   0.471425e-06   4.800000  -0.107435e-05  -0.262578e-05
     9.650000   0.747897e-04   0.413984e-06   4.825000   0.151777e-07  -0.252200e-05
     9.700000   0.663649e-04   0.363480e-06   4.850000   0.992911e-06  -0.242351e-05
     9.750000   0.588997e-04   0.318727e-06   4.875000   0.184016e-05  -0.233068e-05
     9.800000   0.522846e-04   0.278869e-06   4.900000   0.254432e-05  -0.224356e-05
     9.850000   0.464224e-04   0.243353e-06   4.925000   0.309856e-05  -0.216187e-05
     9.900000   0.412263e-04   0.211871e-06   4.950000   0.350150e-05  -0.208510e-05
     9.950000   0.366196e-04   0.184255e-06   4.975000   0.375662e-05  -0.201251e-05
    10.000000   0.325340e-04   0.160376e-06   5.000000   0.387162e-05  -0.194326e-05
    10.050000   0.289093e-04   0.140045e-06   5.025000   0.385780e-05  -0.187640e-05
    10.100000   0.256925e-04   0.122954e-06   5.050000   0.372923e-05  -0.181098e-05
    10.150000   0.228372e-04   0.108659e-06   5.075000   0.350208e-05  -0.174604e-05
    10.200000   0.203025e-04   0.966090e-07   5.100000   0.319387e-05  -0.168072e-05
    10.250000   0.180525e-04   0.862119e-07   5.125000   0.282277e-05  -0.161425e-05
    10.300000   0.160556e-04   0.769191e-07   5.150000   0.240697e-05  -0.154602e-05
    10.350000   0.142837e-04   0.683029e-07   5.175000   0.196407e-05  -0.147558e-05
    10.400000   0.127116e-04   0.601111e-07   5.200000   0.151065e-05  -0.140263e-05
    10.450000   0.113167e-04   0.522828e-07   5.225000   0.106182e-05  -0.132709e-05
    10.500000   0.100785e-04   0.449231e-07   5.250000   0.630890e-06  -0.124906e-05
    10.550000   0.897882e-05   0.382416e-07   5.275000   0.229182e-06  -0.116880e-05
    10.600000   0.800120e-05   0.324716e-07   5.300000  -0.134146e-06  -0.108674e-05
    10.650000   0.713123e-05   0.277882e-07   5.325000  -0.452145e-06  -0.100344e-05
    10.700000   0.635632e-05   0.242460e-07   5.350000  -0.720054e-06  -0.919604e-06
    10.750000   0.566563e-05   0.217497e-07   5.375000  -0.935220e-06  -0.835992e-06
    10.800000   0.504993e-05   0.200647e-07   5.400000  -0.109695e-05  -0.753439e-06
    10.850000   0.450131e-05   0.188630e-07   5.425000  -0.120633e-05  -0.672804e-06
    10.900000   0.401293e-05   0.177927e-07   5.450000  -0.126598e-05  -0.594944e-06
    10.950000   0.357874e-05   0.165538e-07   5.475000  -0.127983e-05  -0.520684e-06
    11.000000   0.319319e-05   0.149604e-07   5.500000  -0.125283e-05  -0.450793e-06
    11.050000   0.285111e-05   0.129760e-07   5.525000  -0.119069e-05  -0.385958e-06
    11.100000   0.254756e-05   0.107115e-07   5.550000  -0.109960e-05  -0.326764e-06
    11.150000   0.227787e-05   0.838977e-08   5.575000  -0.986035e-06  -0.273680e-06
    11.200000   0.203768e-05   0.628289e-08   5.600000  -0.856432e-06  -0.227049e-06
    11.250000   0.182310e-05   0.464068e-08   5.625000  -0.717051e-06  -0.187075e-06
    11.300000   0.163076e-05   0.362586e-08   5.650000  -0.573765e-06  -0.153827e-06
    11.350000   0.145794e-05   0.327244e-08   5.675000  -0.431921e-06  -0.127239e-06
    11.400000   0.130249e-05   0.347668e-08   5.700000  -0.296220e-06  -0.107114e-06
    11.450000   0.116285e-05   0.402205e-08   5.725000  -0.170638e-06  -0.931340e-07
    11.500000   0.103781e-05   0.463150e-08   5.750000  -0.583718e-07  -0.848759e-07
    11.550000   0.926402e-06   0.503377e-08   5.775000   0.381778e-07  -0.818220e-07
    11.600000   0.827693e-06   0.502729e-08   5.800000   0.117400e-06  -0.833797e-07
    11.650000   0.740654e-06   0.452616e-08   5.825000   0.178439e-06  -0.888991e-07
    11.700000   0.664086e-06   0.357742e-08   5.850000   0.221143e-06  -0.976920e-07
    11.750000   0.596629e-06   0.234584e-08   5.875000   0.245995e-06  -0.109051e-06
    11.800000   0.536835e-06   0.107059e-08   5.900000   0.254022e-06  -0.122267e-06
    11.850000   0.483297e-06   0.471013e-11   5.925000   0.246712e-06  -0.136650e-06
    11.900000   0.434789e-06  -0.647466e-09   5.950000   0.225909e-06  -0.151541e-06
    11.950000   0.390374e-06  -0.779916e-09   5.975000   0.193718e-06  -0.166329e-06
    12.000000   0.349473e-06  -0.409592e-09   6.000000   0.152409e-06  -0.180461e-06
    12.050000   0.311855e-06   0.329280e-09   6.025000   0.104320e-06  -0.193455e-06
    12.100000   0.277559e-06   0.121936e-08   6.050000   0.517774e-07  -0.204903e-06
    12.150000   0.246765e-06   0.201398e-08   6.075000  -0.298073e-08  -0.214480e-06
    12.200000   0.219651e-06   0.249719e-08   6.100000  -0.578702e-07  -0.221942e-06
    12.250000   0.196256e-06   0.253527e-08   6.125000  -0.111012e-06  -0.227130e-06
    12.300000   0.176390e-06   0.210749e-08   6.150000  -0.160775e-06  -0.229963e-06
    12.350000   0.159616e-06   0.130885e-08   6.175000  -0.205802e-06  -0.230440e-06
    12.400000   0.145293e-06   0.324772e-09   6.200000  -0.245025e-06  -0.228625e-06
    12.450000   0.132680e-06  -0.615737e-09   6.225000  -0.277677e-06  -0.224648e-06
    12.500000   0.121063e-06  -0.129667e-08   6.250000  -0.303278e-06  -0.218690e-06
    12.550000   0.109887e-06  -0.156742e-08   6.275000  -0.321628e-06  -0.210979e-06
    12.600000   0.988443e-07  -0.137845e-08   6.300000  -0.332782e-06  -0.201772e-06
    12.650000   0.879130e-07  -0.791670e-09   6.325000  -0.337022e-06  -0.191354e-06
    12.700000   0.773216e-07   0.362836e-10   6.350000  -0.334829e-06  -0.180021e-06
    12.750000   0.674628e-07   0.893639e-09   6.375000  -0.326841e-06  -0.168074e-06
    12.800000   0.587690e-07   0.156575e-08   6.400000  -0.313821e-06  -0.155807e-06
    12.850000   0.515827e-07   0.188719e-08   6.425000  -0.296619e-06  -0.143501e-06
    12.900000   0.460540e-07   0.178109e-08   6.450000  -0.276133e-06  -0.131419e-06
    12.950000   0.420879e-07   0.127622e-08   6.475000  -0.253277e-06  -0.119793e-06
    13.000000   0.393547e-07   0.498270e-09   6.500000  -0.228951e-06  -0.108828e-06
    13.050000   0.373585e-07  -0.362392e-09   6.525000  -0.204010e-06  -0.986900e-07
    13.100000   0.355472e-07  -0.109803e-08   6.550000  -0.179244e-06  -0.895113e-07
    13.150000   0.334356e-07  -0.153435e-08   6.575000  -0.155355e-06  -0.813848e-07
    13.200000   0.307123e-07  -0.157234e-08   6.600000  -0.132947e-06  -0.743661e-07
    13.250000   0.273032e-07  -0.121115e-08   6.625000  -0.112515e-06  -0.684744e-07
    13.300000   0.233774e-07  -0.546749e-09   6.650000  -0.944385e-07  -0.636948e-07
    13.350000   0.192953e-07   0.252939e-09   6.675000  -0.789820e-07  -0.599818e-07
    13.400000   0.155107e-07   0.989938e-09   6.700000  -0.662982e-07  -0.572625e-07
    13.450000   0.124532e-07   0.148480e-08   6.725000  -0.564338e-07  -0.554414e-07
    13.500000   0.104181e-07   0.161991e-08   6.750000  -0.493387e-07  -0.544047e-07
    13.550000   0.949124e-08   0.136705e-08   6.775000  -0.448776e-07  -0.540253e-07
    13.600000   0.952698e-08   0.792895e-09   6.800000  -0.428431e-07  -0.541679e-07
    13.650000   0.101826e-07   0.412498e-10   6.825000  -0.429695e-07  -0.546931e-07
    13.700000   0.110009e-07  -0.703059e-09   6.850000  -0.449477e-07  -0.554626e-07
    13.750000   0.115204e-07  -0.125977e-08   6.875000  -0.484396e-07  -0.563429e-07
    13.800000   0.113842e-07  -0.149695e-08   6.900000  -0.530922e-07  -0.572092e-07
    13.850000   0.104236e-07  -0.136229e-08   6.925000  -0.585510e-07  -0.579487e-07
    13.900000   0.869390e-08  -0.894647e-09   6.950000  -0.644717e-07  -0.584628e-07
    13.950000   0.645578e-08  -0.213200e-09   6.975000  -0.705309e-07  -0.586693e-07
    14.000000   0.410723e-08   0.512741e-09   7.000000  -0.764346e-07  -0.585038e-07
    14.050000   0.208294e-08   0.110564e-08   7.025000  -0.819253e-07  -0.579205e-07
    14.100000   0.746405e-09   0.142301e-08   7.050000  -0.867871e-07  -0.568920e-07
    14.150000   0.300936e-09   0.139154e-08   7.075000  -0.908489e-07  -0.554092e-07
    14.200000   0.741072e-09   0.102385e-08   7.100000  -0.939857e-07  -0.534801e-07
    14.250000   0.185560e-08   0.414160e-09   7.125000  -0.961184e-07  -0.511287e-07
    14.300000   0.328078e-08  -0.285815e-09   7.150000  -0.972125e-07  -0.483927e-07
    14.350000   0.459013e-08  -0.904639e-09   7.175000  -0.972743e-07  -0.453221e-07
    14.400000   0.539837e-08  -0.129311e-08   7.200000  -0.963477e-07  -0.419765e-07
    14.450000   0.545404e-08  -0.136021e-08   7.225000  -0.945085e-07  -0.384225e-07
    14.500000   0.469834e-08  -0.109442e-08   7.250000  -0.918592e-07  -0.347317e-07
    14.550000   0.327636e-08  -0.565318e-09   7.275000  -0.885231e-07  -0.309779e-07
    14.600000   0.149851e-08   0.944773e-10   7.300000  -0.846381e-07  -0.272347e-07
    14.650000  -0.237763e-09   0.722479e-09   7.325000  -0.803506e-07  -0.235734e-07
    14.700000  -0.154640e-08   0.116628e-08   7.350000  -0.758100e-07  -0.200609e-07
    14.750000  -0.214704e-08   0.132046e-08   7.375000  -0.711633e-07  -0.167578e-07
    14.800000  -0.193232e-08   0.115158e-08   7.400000  -0.665499e-07  -0.137171e-07
    14.850000  -0.992106e-09   0.705256e-09   7.425000  -0.620979e-07  -0.109831e-07
    14.900000   0.410629e-09   0.939693e-10   7.450000  -0.579207e-07  -0.859020e-08
    14.950000   0.190591e-08  -0.531251e-09   7.475000  -0.541141e-07  -0.656257e-08
    15.000000   0.310805e-08  -0.101810e-08   7.500000  -0.507546e-07  -0.491404e-08
    15.050000   0.370963e-08  -0.125007e-08   7.525000  -0.478982e-07  -0.364812e-08
    15.100000   0.355529e-08  -0.117429e-08   7.550000  -0.455805e-07  -0.275841e-08
    15.150000   0.267742e-08  -0.813490e-09   7.575000  -0.438168e-07  -0.222931e-08
    15.200000   0.128583e-08  -0.259445e-09   7.600000  -0.426033e-07  -0.203691e-08
    15.250000  -0.285823e-09   0.350320e-09   7.625000  -0.419183e-07  -0.215009e-08
    15.300000  -0.166302e-08   0.866612e-09   7.650000  -0.417249e-07  -0.253173e-08
    15.350000  -0.252229e-08   0.116503e-08   7.675000  -0.419727e-07  -0.314009e-08
    15.400000  -0.266950e-08   0.117589e-08   7.700000  -0.426010e-07  -0.393018e-08
    15.450000  -0.208570e-08   0.900448e-09   7.725000  -0.435410e-07  -0.485519e-08
    15.500000  -0.929603e-09   0.409599e-09   7.750000  -0.447190e-07  -0.586785e-08
    15.550000   0.503207e-09  -0.174276e-09   7.775000  -0.460589e-07  -0.692177e-08
    15.600000   0.185395e-08  -0.707806e-09   7.800000  -0.474851e-07  -0.797264e-08
    15.650000   0.278882e-08  -0.106179e-08   7.825000  -0.489243e-07  -0.897932e-08
    15.700000   0.308002e-08  -0.115247e-08   7.850000  -0.503082e-07  -0.990480e-08
    15.750000   0.265990e-08  -0.961259e-09   7.875000  -0.515750e-07  -0.107169e-07
    15.800000   0.163552e-08  -0.538455e-09   7.900000  -0.526711e-07  -0.113889e-07
    15.850000   0.260324e-09   0.994413e-11   7.925000  -0.535516e-07  -0.118998e-07
    15.900000  -0.112942e-08   0.548765e-09   7.950000  -0.541817e-07  -0.122347e-07
    15.950000  -0.219765e-08   0.946940e-09   7.975000  -0.545366e-07  -0.123846e-07
    16.000000  -0.269044e-08   0.110935e-08   8.000000  -0.546016e-07  -0.123464e-07
    16.050000  -0.249697e-08   0.999525e-09   8.025000  -0.543719e-07  -0.121225e-07
    16.100000  -0.167484e-08   0.647724e-09   8.050000  -0.538517e-07  -0.117202e-07
    16.150000  -0.434069e-09   0.142740e-09   8.075000  -0.530535e-07  -0.111512e-07
    16.200000   0.915959e-09  -0.390492e-09   8.100000  -0.519970e-07  -0.104311e-07
    16.250000   0.204304e-08  -0.821761e-09   8.125000  -0.507081e-07  -0.957833e-08
    16.300000   0.267341e-08  -0.104735e-08   8.150000  -0.492171e-07  -0.861349e-08
    16.350000   0.265780e-08  -0.101495e-08   8.175000  -0.475580e-07  -0.755867e-08
    16.400000   0.200634e-08  -0.735734e-09   8.200000  -0.457666e-07  -0.643655e-08
    16.450000   0.884224e-09  -0.280823e-09   8.225000  -0.438796e-07  -0.526970e-08
    16.500000  -0.430414e-09   0.236772e-09   8.250000  -0.419332e-07  -0.407990e-08
    16.550000  -0.161563e-08   0.690200e-09   8.275000  -0.399621e-07  -0.288756e-08
    16.600000  -0.238469e-08   0.969830e-09   8.300000  -0.379984e-07  -0.171119e-08
    16.650000  -0.255560e-08   0.100973e-08   8.325000  -0.360712e-07  -0.567093e-09
    16.700000  -0.209425e-08   0.803155e-09   8.350000  -0.342057e-07   0.531013e-09
    16.750000  -0.112106e-08   0.403492e-09   8.375000  -0.324230e-07   0.157209e-08
    16.800000   0.120145e-09  -0.895260e-10   8.400000  -0.307397e-07   0.254784e-08
    16.850000   0.132305e-08  -0.554656e-09   8.425000  -0.291681e-07   0.345268e-08
    16.900000   0.219420e-08  -0.878940e-09   8.450000  -0.277162e-07   0.428354e-08
    16.950000   0.252444e-08  -0.985110e-09   8.475000  -0.263878e-07   0.503968e-08
    17.000000   0.223897e-08  -0.849967e-09   8.500000  -0.251834e-07   0.572234e-08
    17.050000   0.141400e-08  -0.509370e-09   8.525000  -0.241001e-07   0.633441e-08
    17.100000   0.256533e-09  -0.487873e-10   8.550000  -0.231327e-07   0.688003e-08
    17.150000  -0.947643e-09   0.418123e-09   8.575000  -0.222737e-07   0.736422e-08
    17.200000  -0.190453e-08   0.777535e-09   8.600000  -0.215145e-07   0.779240e-08
    17.250000  -0.238370e-08   0.943174e-09   8.625000  -0.208456e-07   0.817012e-08
    17.300000  -0.227382e-08   0.877007e-09   8.650000  -0.202575e-07   0.850263e-08
    17.350000  -0.160842e-08   0.597923e-09   8.675000  -0.197407e-07   0.879462e-08
    17.400000  -0.556158e-09   0.176452e-09   8.700000  -0.192867e-07   0.904997e-08
    17.450000   0.621821e-09  -0.283023e-09   8.725000  -0.188879e-07   0.927163e-08
    17.500000   0.163661e-08  -0.668098e-09   8.750000  -0.185382e-07   0.946144e-08
    17.550000   0.224230e-08  -0.885822e-09   8.775000  -0.182328e-07   0.962020e-08
    17.600000   0.229549e-08  -0.885111e-09   8.800000  -0.179686e-07   0.974761e-08
    17.650000   0.178913e-08  -0.668696e-09   8.825000  -0.177440e-07   0.984249e-08
    17.700000   0.852730e-09  -0.291833e-09   8.850000  -0.175585e-07   0.990285e-08
    17.750000  -0.280660e-09   0.151774e-09   8.875000  -0.174132e-07   0.992616e-08
    17.800000  -0.133248e-08   0.553249e-09   8.900000  -0.173098e-07   0.990955e-08
    17.850000  -0.204707e-08   0.815242e-09   8.925000  -0.172508e-07   0.985014e-08
    17.900000  -0.225379e-08   0.875514e-09   8.950000  -0.172390e-07   0.974525e-08
    17.950000  -0.190773e-08   0.721697e-09   8.975000  -0.172772e-07   0.959268e-08
    18.000000  -0.109930e-08   0.393731e-09   9.000000  -0.173677e-07   0.939100e-08
    18.050000  -0.307405e-10  -0.264617e-10   9.025000  -0.175122e-07   0.913970e-08
    18.100000   0.103440e-08  -0.435422e-09   9.050000  -0.177116e-07   0.883942e-08
    18.150000   0.183624e-08  -0.733604e-09   9.075000  -0.179656e-07   0.849203e-08
    18.200000   0.218189e-08  -0.849587e-09   9.100000  -0.182724e-07   0.810073e-08
    18.250000   0.199178e-08  -0.757159e-09   9.125000  -0.186291e-07   0.767002e-08
    18.300000   0.131794e-08  -0.481195e-09   9.150000  -0.190311e-07   0.720568e-08
    18.350000   0.329831e-09  -0.910201e-10   9.175000  -0.194724e-07   0.671468e-08
    18.400000  -0.728164e-09   0.316984e-09   9.200000  -0.199458e-07   0.620495e-08
    18.450000  -0.159718e-08   0.643165e-09   9.225000  -0.204428e-07   0.568523e-08
    18.500000  -0.206716e-08   0.808925e-09   9.250000  -0.209541e-07   0.516482e-08
    18.550000  -0.202760e-08   0.775636e-09   9.275000  -0.214694e-07   0.465330e-08
    18.600000  -0.149346e-08   0.553615e-09   9.300000  -0.219782e-07   0.416024e-08
    18.650000  -0.600219e-09   0.199065e-09   9.325000  -0.224698e-07   0.369495e-08
    18.700000   0.430428e-09  -0.200126e-09   9.350000  -0.229336e-07   0.326615e-08
    18.750000   0.134555e-08  -0.546154e-09   9.375000  -0.233593e-07   0.288176e-08
    18.800000   0.192300e-08  -0.755243e-09   9.400000  -0.237377e-07   0.254864e-08
    18.850000   0.202531e-08  -0.777911e-09   9.425000  -0.240603e-07   0.227242e-08
    18.900000   0.163237e-08  -0.610658e-09   9.450000  -0.243199e-07   0.205735e-08
    18.950000   0.845107e-09  -0.296317e-09   9.475000  -0.245107e-07   0.190618e-08
    19.000000  -0.140361e-09   0.868849e-10   9.500000  -0.246286e-07   0.182014e-08
    19.050000  -0.108153e-08   0.444778e-09   9.525000  -0.246709e-07   0.179895e-08
    19.100000  -0.174918e-08   0.690377e-09   9.550000  -0.246367e-07   0.184082e-08
    19.150000  -0.198312e-08   0.765001e-09   9.575000  -0.245269e-07   0.194259e-08
    19.200000  -0.173065e-08   0.652283e-09   9.600000  -0.243440e-07   0.209986e-08
    19.250000  -0.105826e-08   0.381701e-09   9.625000  -0.240920e-07   0.230712e-08
    19.300000  -0.134261e-09   0.209063e-10   9.650000  -0.237763e-07   0.255795e-08
    19.350000   0.813317e-09  -0.341171e-09   9.675000  -0.234037e-07   0.284520e-08
    19.400000   0.155297e-08  -0.616230e-09   9.700000  -0.229821e-07   0.316121e-08
    19.450000   0.190625e-08  -0.738115e-09   9.725000  -0.225204e-07   0.349800e-08
    19.500000   0.179074e-08  -0.678713e-09   9.750000  -0.220281e-07   0.384742e-08
    19.550000   0.123929e-08  -0.454408e-09   9.775000  -0.215152e-07   0.420135e-08
    19.600000   0.390769e-09  -0.121619e-09   9.800000  -0.209923e-07   0.455181e-08
    19.650000  -0.544791e-09   0.237372e-09   9.825000  -0.204698e-07   0.489112e-08
    19.700000  -0.133819e-08   0.534747e-09   9.850000  -0.199583e-07   0.521194e-08
    19.750000  -0.179718e-08   0.698624e-09   9.875000  -0.194679e-07   0.550737e-08
    19.800000  -0.181299e-08   0.690418e-09   9.900000  -0.190087e-07   0.577099e-08
    19.850000  -0.138608e-08   0.513901e-09   9.925000  -0.185898e-07   0.599687e-08
    19.900000  -0.624952e-09   0.213849e-09   9.950000  -0.182198e-07   0.617959e-08
    19.950000   0.281366e-09  -0.135294e-09   9.975000  -0.179065e-07   0.631426e-08
    20.000000   0.111025e-08  -0.447876e-09  10.000000  -0.176568e-07   0.639651e-08
