1.000000000000000e-15  1.000016498175857e+00  1.000015694915467e+00  8.032603908691982e-07
1.000000000000100e-02  9.998885603561840e-01  9.998759461491999e-01  1.261420698406290e-05
2.000000000000100e-02  9.995048301410041e-01  9.994567997738439e-01  4.803036716016784e-05
3.000000000000100e-02  9.988655571786488e-01  9.987585554475805e-01  1.070017310682569e-04
4.000000000000100e-02  9.979711572725810e-01  9.977817122269427e-01  1.894450456383368e-04
5.000000000000100e-02  9.968222119661299e-01  9.965269680067850e-01  2.952439593448819e-04
6.000000000000100e-02  9.954194679619240e-01  9.949952187375086e-01  4.242492244154183e-04
7.000000000000101e-02  9.937638363768432e-01  9.931875574207514e-01  5.762789560918025e-04
8.000000000000100e-02  9.918563918334516e-01  9.911052728851507e-01  7.511189483009328e-04
9.000000000000100e-02  9.896983713892308e-01  9.887498483441273e-01  9.485230451035109e-04
1.000000000000010e-01  9.872911733050248e-01  9.861229597379590e-01  1.168213567065757e-03
1.100000000000010e-01  9.846363556544071e-01  9.832264738627751e-01  1.409881791632039e-03
1.200000000000010e-01  9.817356347758510e-01  9.800624462894203e-01  1.673188486430721e-03
1.300000000000010e-01  9.785908835698690e-01  9.766331190754690e-01  1.957764494399994e-03
1.400000000000010e-01  9.752041296433637e-01  9.729409182739903e-01  2.263211369373352e-03
1.500000000000010e-01  9.715775533037752e-01  9.689884512429638e-01  2.589102060811310e-03
1.600000000000010e-01  9.677134854057607e-01  9.647785037595484e-01  2.934981646212309e-03
1.700000000000010e-01  9.636144050532163e-01  9.603140369437473e-01  3.300368109468987e-03
1.800000000000010e-01  9.592829371599152e-01  9.555981839962103e-01  3.684753163704868e-03
1.900000000000010e-01  9.547218498718884e-01  9.506342467552499e-01  4.087603116638472e-03
2.000000000000010e-01  9.499340518551440e-01  9.454256920784159e-01  4.508359776728144e-03
2.100000000000010e-01  9.449225894522868e-01  9.399761480541799e-01  4.946441398106849e-03
2.200000000000010e-01  9.396906437118405e-01  9.342894000495457e-01  5.401243662294775e-03
2.300000000000010e-01  9.342415272943123e-01  9.283693865996430e-01  5.872140694669348e-03
2.400000000000010e-01  9.285786812589929e-01  9.222201951455502e-01  6.358486113442696e-03
2.500000000000010e-01  9.227056717358634e-01  9.158460576268274e-01  6.859614109036016e-03
2.600000000000010e-01  9.166261864868990e-01  9.092513459353521e-01  7.374840551546913e-03
2.700000000000010e-01  9.103440313613715e-01  9.024405672373880e-01  7.903464123983572e-03
2.800000000000010e-01  9.038631266497278e-01  8.954183591707344e-01  8.444767478993365e-03
2.900000000000010e-01  8.971875033408405e-01  8.881894849242253e-01  8.998018416615183e-03
3.000000000000010e-01  8.903212992874481e-01  8.807588282067502e-01  9.562471080697854e-03
3.100000000000010e-01  8.832687552847860e-01  8.731313881132117e-01  1.013736717157432e-02
3.200000000000010e-01  8.760342110673657e-01  8.653122738949437e-01  1.072193717242198e-02
3.300000000000010e-01  8.686221012291557e-01  8.573066996421018e-01  1.131540158705391e-02
3.400000000000010e-01  8.610369510721767e-01  8.491199788857421e-01  1.191697218643462e-02
3.500000000000010e-01  8.532833723889208e-01  8.407575191272705e-01  1.252585326165034e-02
3.600000000000010e-01  8.453660591838099e-01  8.322248163030206e-01  1.314124288078933e-02
3.700000000000010e-01  8.372897833390816e-01  8.235274491917886e-01  1.376233414729300e-02
3.800000000000010e-01  8.290593902304293e-01  8.146710737730756e-01  1.438831645735372e-02
3.900000000000010e-01  8.206797942979176e-01  8.056614175439045e-01  1.501837675401307e-02
4.000000000000010e-01  8.121559745774578e-01  7.965042738019753e-01  1.565170077548250e-02
4.100000000000010e-01  8.034929701984408e-01  7.872054959029421e-01  1.628747429549871e-02
4.200000000000010e-01  7.946958758528223e-01  7.777709914995560e-01  1.692488435326633e-02
4.300000000000010e-01  7.857698372412200e-01  7.682067167703531e-01  1.756312047086683e-02
4.400000000000010e-01  7.767200465013459e-01  7.585186706454845e-01  1.820137585586135e-02
4.500000000000010e-01  7.675517376242502e-01  7.487128890372569e-01  1.883884858699336e-02
4.600000000000010e-01  7.582701818636870e-01  7.387954390828185e-01  1.947474278086847e-02
4.700000000000010e-01  7.488806831439476e-01  7.287724134063188e-01  2.010826973762880e-02
4.800000000000010e-01  7.393885734714721e-01  7.186499244078004e-01  2.073864906367173e-02
4.900000000000010e-01  7.297992083554130e-01  7.084340985859173e-01  2.136510976949568e-02
5.000000000000010e-01  7.201179622423503e-01  6.981310709014317e-01  2.198689134091858e-02
5.100000000000010e-01  7.103502239702661e-01  6.877469791883265e-01  2.260324478193965e-02
5.200000000000010e-01  7.005013922467718e-01  6.772879586192052e-01  2.321343362756656e-02
5.300000000000010e-01  6.905768711565310e-01  6.667601362314483e-01  2.381673492508274e-02
5.400000000000010e-01  6.805820657027672e-01  6.561696255204796e-01  2.441244018228761e-02
5.500000000000010e-01  6.705223773875544e-01  6.455225211062581e-01  2.499985628129631e-02
5.600000000000011e-01  6.604031998356029e-01  6.348248934789656e-01  2.557830635663727e-02
5.700000000000011e-01  6.502299144660552e-01  6.240827838296165e-01  2.614713063643870e-02
5.800000000000010e-01  6.400078862167284e-01  6.133021989711318e-01  2.670568724559663e-02
5.900000000000010e-01  6.297424593251664e-01  6.024891063552678e-01  2.725335296989861e-02
6.000000000000010e-01  6.194389531706344e-01  5.916494291904056e-01  2.778952398022871e-02
6.100000000000010e-01  6.091026581812008e-01  5.807890416652033e-01  2.831361651599751e-02
6.200000000000010e-01  5.987388318097844e-01  5.699137642826910e-01  2.882506752709335e-02
6.300000000000010e-01  5.883526945830220e-01  5.590293593093149e-01  2.932333527370712e-02
6.400000000000010e-01  5.779494262266061e-01  5.481415263430583e-01  2.980789988354771e-02
6.500000000000010e-01  5.675341618706015e-01  5.372558980046425e-01  3.027826386595900e-02
6.600000000000010e-01  5.571119883381671e-01  5.263780357555276e-01  3.073395258263956e-02
6.700000000000010e-01  5.466879405208791e-01  5.155134258461601e-01  3.117451467471899e-02
6.800000000000010e-01  5.362669978437503e-01  5.046674753977373e-01  3.159952244601305e-02
6.900000000000011e-01  5.258540808228733e-01  4.938455086204506e-01  3.200857220242270e-02
7.000000000000011e-01  5.154540477184876e-01  4.830527631709577e-01  3.240128454752983e-02
7.100000000000010e-01  5.050716912860260e-01  4.722943866515821e-01  3.277730463444389e-02
7.200000000000010e-01  4.947117356276910e-01  4.615754332535008e-01  3.313630237419024e-02
7.300000000000010e-01  4.843788331467808e-01  4.509008605459082e-01  3.347797260087254e-02
7.400000000000010e-01  4.740775616069429e-01  4.402755264129406e-01  3.380203519400227e-02
7.500000000000010e-01  4.638124212983465e-01  4.297041861398793e-01  3.410823515846723e-02
7.600000000000010e-01  4.535878323125599e-01  4.191914896499218e-01  3.439634266263819e-02
7.700000000000010e-01  4.434081319278126e-01  4.087419788925554e-01  3.466615303525727e-02
7.800000000000010e-01  4.332775721061434e-01  3.983600853843819e-01  3.491748672176148e-02
7.900000000000010e-01  4.232003171037402e-01  3.880501279029553e-01  3.515018920078483e-02
8.000000000000010e-01  4.131804411956856e-01  3.778163103339930e-01  3.536413086169254e-02
8.100000000000011e-01  4.032219265160847e-01  3.676627196721229e-01  3.555920684396185e-02
8.200000000000011e-01  3.933286610144734e-01  3.575933241750700e-01  3.573533683940339e-02
8.300000000000011e-01  3.835044365291782e-01  3.476119716709864e-01  3.589246485819181e-02
8.400000000000010e-01  3.737529469781708e-01  3.377223880184503e-01  3.603055895972046e-02
8.500000000000010e-01  3.640777866678442e-01  3.279281757184078e-01  3.614961094943642e-02
8.600000000000010e-01  3.544824487199096e-01  3.182328126771631e-01  3.624963604274656e-02
8.700000000000010e-01  3.449703236165284e-01  3.086396511193399e-01  3.633067249718847e-02
8.800000000000010e-01  3.355446978636208e-01  2.991519166495118e-01  3.639278121410899e-02
8.900000000000010e-01  3.262087527721368e-01  2.897727074610664e-01  3.643604531107036e-02
9.000000000000010e-01  3.169655633569658e-01  2.805049936906557e-01  3.646056966631006e-02
9.100000000000010e-01  3.078180973529910e-01  2.713516169164371e-01  3.646648043655398e-02
9.200000000000010e-01  2.987692143476615e-01  2.623152897981487e-01  3.645392454951280e-02
9.300000000000010e-01  2.898216650293584e-01  2.533985958568952e-01  3.642306917246318e-02
9.400000000000011e-01  2.809780905506414e-01  2.446039893923811e-01  3.637410115826023e-02
9.500000000000011e-01  2.722410220053849e-01  2.359337955351956e-01  3.630722647018930e-02
9.600000000000010e-01  2.636128800186801e-01  2.273902104315889e-01  3.622266958709119e-02
9.700000000000010e-01  2.550959744482241e-01  2.189753015580956e-01  3.612067289012855e-02
9.800000000000010e-01  2.466925041958729e-01  2.106910081632014e-01  3.600149603267155e-02
9.900000000000010e-01  2.384045571278322e-01  2.025391418331505e-01  3.586541529468174e-02
1.000000000000001e+00  2.302341101019434e-01  1.945213871788884e-01  3.571272292305505e-02
1.010000000000001e+00  2.221830291003482e-01  1.866393026410366e-01  3.554372645931153e-02
1.020000000000001e+00  2.142530694657480e-01  1.788943214096790e-01  3.535874805606895e-02
1.030000000000001e+00  2.064458762393836e-01  1.712877524556866e-01  3.515812378369701e-02
1.040000000000001e+00  1.987629845987427e-01  1.638207816702071e-01  3.494220292853567e-02
1.050000000000001e+00  1.912058203929415e-01  1.564944731088742e-01  3.471134728406730e-02
1.060000000000001e+00  1.837757007736282e-01  1.493097703372353e-01  3.446593043639287e-02
1.070000000000001e+00  1.764738349191810e-01  1.422674978738271e-01  3.420633704535397e-02
1.080000000000001e+00  1.693013248499083e-01  1.353683627272830e-01  3.393296212262534e-02
1.090000000000001e+00  1.622591663318659e-01  1.286129560238003e-01  3.364621030806567e-02
1.100000000000001e+00  1.553482498668624e-01  1.220017547212783e-01  3.334649514558413e-02
1.110000000000001e+00  1.485693617661576e-01  1.155351234063672e-01  3.303423835979043e-02
1.120000000000001e+00  1.419231853052874e-01  1.092133161706761e-01  3.270986913461135e-02
1.130000000000001e+00  1.354103019574162e-01  1.030364785623512e-01  3.237382339506505e-02
1.140000000000001e+00  1.290311927025547e-01  9.700464960921644e-02  3.202654309333826e-02
1.150000000000001e+00  1.227862394099390e-01  9.111776390967043e-02  3.166847550026859e-02
1.160000000000001e+00  1.166757262908423e-01  8.537565378751874e-02  3.130007250332355e-02
1.170000000000001e+00  1.106998414190237e-01  7.977805150692673e-02  3.092178991209699e-02
1.180000000000001e+00  1.048586783160203e-01  7.432459154369174e-02  3.053408677232855e-02
1.190000000000001e+00  9.915223759844362e-02  6.901481290903061e-02  3.013742468941301e-02
1.200000000000001e+00  9.358042868441645e-02  6.384816152210951e-02  2.973226716230694e-02
1.210000000000001e+00  8.814307155628226e-02  5.882399262755562e-02  2.931907892872664e-02
1.220000000000001e+00  8.283989857668186e-02  5.394157325422679e-02  2.889832532245508e-02
1.230000000000001e+00  7.767055635511019e-02  4.920008471153146e-02  2.847047164357873e-02
1.240000000000001e+00  7.263460766202909e-02  4.459862511964866e-02  2.803598254238043e-02
1.250000000000001e+00  6.773153338762758e-02  4.013621197001174e-02  2.759532141761584e-02
1.260000000000001e+00  6.296073454232269e-02  3.581178471248684e-02  2.714894982983585e-02
1.270000000000001e+00  5.832153429608099e-02  3.162420736571163e-02  2.669732693036936e-02
1.280000000000001e+00  5.381318005367049e-02  2.757227114711262e-02  2.624090890655788e-02
1.290000000000001e+00  4.943484556295007e-02  2.365469711918139e-02  2.578014844376867e-02
1.300000000000001e+00  4.518563305332203e-02  1.987013884863952e-02  2.531549420468251e-02
1.310000000000001e+00  4.106457540149242e-02  1.621718507518945e-02  2.484739032630297e-02
1.320000000000001e+00  3.707063832171008e-02  1.269436238661075e-02  2.437627593509933e-02
1.330000000000001e+00  3.320272257766646e-02  9.300137897031909e-03  2.390258468063455e-02
1.340000000000001e+00  2.945966621328523e-02  6.032921925269699e-03  2.342674428801553e-02
1.350000000000001e+00  2.584024679964449e-02  2.891070670213876e-03  2.294917612943062e-02
1.360000000000001e+00  2.234318369531828e-02  -1.271111197052799e-04  2.247029481502356e-02
1.370000000000001e+00  1.896714031745929e-02  -3.023367485838934e-03  2.199050780329822e-02
1.380000000000001e+00  1.571072642097906e-02  -5.799488610232330e-03  2.151021503121139e-02
1.390000000000001e+00  1.257250038323058e-02  -8.457308180846040e-03  2.102980856407662e-02
1.400000000000001e+00  9.550971491638600e-03  -1.099870077372124e-02  2.054967226535984e-02
1.410000000000001e+00  6.644602231769689e-03  -1.342557925463976e-02  2.007018148640944e-02
1.420000000000001e+00  3.851810573385210e-03  -1.573989220274720e-02  1.959170277613241e-02
1.430000000000001e+00  1.170972252068777e-03  -1.794362135851546e-02  1.911459361058424e-02
1.440000000000001e+00  -1.399576955922632e-03  -2.003877909834208e-02  1.863920214241944e-02
1.450000000000001e+00  -3.861538967885906e-03  -2.202740593798416e-02  1.816586697009825e-02
1.460000000000001e+00  -6.216651140216964e-03  -2.391156806694756e-02  1.769491692673059e-02
1.470000000000001e+00  -8.466684027457438e-03  -2.569335491585284e-02  1.722667088839541e-02
1.480000000000001e+00  -1.061343915696444e-02  -2.737487675871380e-02  1.676143760174936e-02
1.490000000000001e+00  -1.265874682126804e-02  -2.895826235197478e-02  1.629951553070674e-02
1.500000000000001e+00  -1.460446389010959e-02  -3.044565661205930e-02  1.584119272194971e-02
1.510000000000001e+00  -1.645247164409906e-02  -3.183921833309407e-02  1.538674668899501e-02
1.520000000000001e+00  -1.820467363185726e-02  -3.314111794638191e-02  1.493644431452465e-02
1.530000000000001e+00  -1.986299355244601e-02  -3.435353532310607e-02  1.449054177066005e-02
1.540000000000001e+00  -2.142937316482020e-02  -3.547865762165903e-02  1.404928445683883e-02
1.550000000000001e+00  -2.290577022596923e-02  -3.651867718090013e-02  1.361290695493091e-02
1.560000000000001e+00  -2.429415645934354e-02  -3.747578946055449e-02  1.318163300121095e-02
1.570000000000001e+00  -2.559651555509744e-02  -3.835219102988159e-02  1.275567547478415e-02
1.580000000000001e+00  -2.681484120360280e-02  -3.915007760565377e-02  1.233523640205097e-02
1.590000000000001e+00  -2.795113516362528e-02  -3.987164214039293e-02  1.192050697676765e-02
1.600000000000001e+00  -2.900740536647762e-02  -4.051907296173819e-02  1.151166759526057e-02
1.610000000000001e+00  -2.998566405739860e-02  -4.109455196372132e-02  1.110888790632272e-02
1.620000000000001e+00  -3.088792597533252e-02  -4.160025285065452e-02  1.071232687532200e-02
1.630000000000001e+00  -3.171620657221460e-02  -4.203833943424484e-02  1.032213286203024e-02
1.640000000000001e+00  -3.247252027279791e-02  -4.241096398447303e-02  9.938443711675120e-03
1.650000000000001e+00  -3.315887877598282e-02  -4.272026563469400e-02  9.561386858711177e-03
1.660000000000001e+00  -3.377728939854745e-02  -4.296836884133846e-02  9.191079442791017e-03
1.670000000000001e+00  -3.432975346209846e-02  -4.315738189852098e-02  8.827628436422520e-03
1.680000000000001e+00  -3.481826472400053e-02  -4.328939550778008e-02  8.471130783779542e-03
1.690000000000001e+00  -3.524480785296927e-02  -4.336648140310939e-02  8.121673550140117e-03
1.700000000000001e+00  -3.561135694994590e-02  -4.339069103136401e-02  7.779334081418114e-03
1.710000000000001e+00  -3.591987411480448e-02  -4.336405428805572e-02  7.444180173251241e-03
1.720000000000001e+00  -3.617230805937587e-02  -4.328857830848736e-02  7.116270249111489e-03
1.730000000000001e+00  -3.637059276720724e-02  -4.316624631410702e-02  6.795653546899788e-03
1.740000000000001e+00  -3.651664620041106e-02  -4.299901651390165e-02  6.482370313490596e-03
1.750000000000001e+00  -3.661236905389277e-02  -4.278882106058429e-02  6.176452006691514e-03
1.760000000000001e+00  -3.665964355718686e-02  -4.253756506127569e-02  5.877921504088827e-03
1.770000000000001e+00  -3.666033232406351e-02  -4.224712564231484e-02  5.586793318251335e-03
1.780000000000001e+00  -3.661627725001662e-02  -4.191935106778536e-02  5.303073817768740e-03
1.790000000000001e+00  -3.652929845767468e-02  -4.155605991128485e-02  5.026761453610175e-03
1.800000000000001e+00  -3.640119329012709e-02  -4.115904028041539e-02  4.757846990288292e-03
1.810000000000001e+00  -3.623373535209682e-02  -4.073004909342607e-02  4.496313741329250e-03
1.820000000000001e+00  -3.602867359883631e-02  -4.027081140738267e-02  4.242137808546362e-03
1.830000000000001e+00  -3.578773147257218e-02  -3.978301979720774e-02  3.995288324635561e-03
1.840000000000001e+00  -3.551260608626822e-02  -3.926833378487627e-02  3.755727698608054e-03
1.850000000000001e+00  -3.520496745443036e-02  -3.872837931802244e-02  3.523411863592077e-03
1.860000000000001e+00  -3.486645777062357e-02  -3.816474829716802e-02  3.298290526544449e-03
1.870000000000001e+00  -3.449869073132702e-02  -3.757899815074845e-02  3.080307419421432e-03
1.880000000000001e+00  -3.410325090570446e-02  -3.697265145707662e-02  2.869400551372164e-03
1.890000000000001e+00  -3.368169315082693e-02  -3.634719561235242e-02  2.665502461525492e-03
1.900000000000001e+00  -3.323554207183834e-02  -3.570408254379422e-02  2.468540471955875e-03
1.910000000000001e+00  -3.276629152651424e-02  -3.504472846694280e-02  2.278436940428563e-03
1.920000000000001e+00  -3.227540417362906e-02  -3.437051368615877e-02  2.095109512529711e-03
1.930000000000001e+00  -3.176431106450245e-02  -3.368278243731016e-02  1.918471372807713e-03
1.940000000000001e+00  -3.123441127706700e-02  -3.298284277162555e-02  1.748431494558542e-03
1.950000000000001e+00  -3.068707159175997e-02  -3.227196647966902e-02  1.584894887909045e-03
1.960000000000001e+00  -3.012362620851197e-02  -3.155138905436915e-02  1.427762845857182e-03
1.970000000000001e+00  -2.954537650407561e-02  -3.082230969202465e-02  1.276933187949036e-03
1.980000000000001e+00  -2.895359082890585e-02  -3.008589133018726e-02  1.132300501281411e-03
1.990000000000001e+00  -2.834950434277855e-02  -2.934326072131607e-02  9.937563785375157e-04
2.000000000000001e+00  -2.773431888830812e-02  -2.859550854108214e-02  8.611896527740172e-04
2.010000000000001e+00  -2.710920290150055e-02  -2.784368953019114e-02  7.344866286905921e-04
2.020000000000001e+00  -2.647529135845787e-02  -2.708882266859252e-02  6.135313101346546e-04
2.030000000000001e+00  -2.583368575732669e-02  -2.633189138092562e-02  4.982056235989310e-04
2.040000000000001e+00  -2.518545413456940e-02  -2.557384377205925e-02  3.883896374898520e-04
2.050000000000001e+00  -2.453163111461529e-02  -2.481559289157191e-02  2.839617769566129e-04
2.060000000000001e+00  -2.387321799193601e-02  -2.405801702602284e-02  1.847990340868300e-04
2.070000000000001e+00  -2.321118284457581e-02  -2.330196001786052e-02  9.077717328471666e-05
2.080000000000001e+00  -2.254646067815445e-02  -2.254823160982067e-02  1.770931666214559e-06
2.090000000000001e+00  -2.187995359934953e-02  -2.179760781366548e-02  -8.234578568404316e-05
2.100000000000001e+00  -2.121253101785873e-02  -2.105083130212421e-02  -1.616997157345215e-04
2.110000000000001e+00  -2.054502987583169e-02  -2.030861182289834e-02  -2.364180529333439e-04
2.120000000000001e+00  -1.987825490375641e-02  -1.957162663360144e-02  -3.066282701549676e-04
2.130000000000001e+00  -1.921297890178304e-02  -1.884052095651545e-02  -3.724579452675861e-04
2.140000000000001e+00  -1.854994304546035e-02  -1.811590845205141e-02  -4.340345934089364e-04
2.150000000000001e+00  -1.788985721486352e-02  -1.739837170981519e-02  -4.914855050483294e-04
2.160000000000001e+00  -1.723340034608604e-02  -1.668846275618954e-02  -5.449375898964985e-04
2.170000000000001e+00  -1.658122080407570e-02  -1.598670357735896e-02  -5.945172267167384e-04
2.180000000000001e+00  -1.593393677579189e-02  -1.529358665671398e-02  -6.403501190779086e-04
2.190000000000001e+00  -1.529213668266788e-02  -1.460957552559019e-02  -6.825611570776963e-04
2.200000000000001e+00  -1.465637961136505e-02  -1.393510532631076e-02  -7.212742850542901e-04
2.210000000000001e+00  -1.402719576181358e-02  -1.327058338651859e-02  -7.566123752949863e-04
2.220000000000001e+00  -1.340508691153922e-02  -1.261638980380081e-02  -7.886971077384099e-04
2.230000000000001e+00  -1.279052689528634e-02  -1.197287803962832e-02  -8.176488556580243e-04
2.240000000000001e+00  -1.218396209895408e-02  -1.134037552164984e-02  -8.435865773042481e-04
2.250000000000001e+00  -1.158581196687562e-02  -1.071918425340057e-02  -8.666277134750516e-04
2.260000000000001e+00  -1.099646952147837e-02  -1.010958143050546e-02  -8.868880909729086e-04
2.270000000000001e+00  -1.041630189437932e-02  -9.511820062478386e-03  -9.044818319009374e-04
2.280000000000001e+00  -9.845650867978561e-03  -8.926129599237626e-03  -9.195212687409353e-04
2.290000000000001e+00  -9.284833426631185e-03  -8.352716561483169e-03  -9.321168651480159e-04
2.300000000000001e+00  -8.734142316489998e-03  -7.791765174099742e-03  -9.423771423902562e-04
2.310000000000001e+00  -8.193846613130116e-03  -7.243438001775329e-03  -9.504086113547869e-04
2.320000000000001e+00  -7.664192296078415e-03  -6.707876586044704e-03  -9.563157100337108e-04
2.330000000000001e+00  -7.145402829391722e-03  -6.185202082993868e-03  -9.602007463978546e-04
2.340000000000001e+00  -6.637679747443020e-03  -5.675515900881212e-03  -9.621638465618079e-04
2.350000000000001e+00  -6.141203245092789e-03  -5.178900336958140e-03  -9.623029081346482e-04
2.360000000000001e+00  -5.656132771443534e-03  -4.695419212793380e-03  -9.607135586501532e-04
2.370000000000001e+00  -5.182607626391010e-03  -4.225118507430307e-03  -9.574891189607030e-04
2.380000000000001e+00  -4.720747559209504e-03  -3.768026987730451e-03  -9.527205714790535e-04
2.390000000000001e+00  -4.270653368424597e-03  -3.324156835280307e-03  -9.464965331442902e-04
2.400000000000001e+00  -3.832407502250926e-03  -2.893504269263008e-03  -9.389032329879181e-04
2.410000000000001e+00  -3.406074658889718e-03  -2.476050164720085e-03  -9.300244941696329e-04
2.420000000000001e+00  -2.991702386005520e-03  -2.071760665654318e-03  -9.199417203512024e-04
2.430000000000001e+00  -2.589321678719398e-03  -1.680587792445603e-03  -9.087338862737947e-04
2.440000000000001e+00  -2.198947575480544e-03  -1.302470043079790e-03  -8.964775324007545e-04
2.450000000000001e+00  -1.820579751198175e-03  -9.373329877108820e-04  -8.832467634872932e-04
2.460000000000001e+00  -1.454203107038069e-03  -5.850898561024554e-04  -8.691132509356138e-04
2.470000000000001e+00  -1.099788356310164e-03  -2.456421175176524e-04  -8.541462387925114e-04
2.480000000000001e+00  -7.572926058963824e-04  8.111994735001997e-05  -8.384125532464024e-04
2.490000000000001e+00  -4.266599326889817e-04  3.953166827900219e-04  -8.219766154790036e-04
2.500000000000001e+00  -1.078219545328562e-04  6.970785031929899e-04  -8.049004577258462e-04
2.510000000000001e+00  1.993016048125976e-04  9.865453472135900e-04  -7.872437424009924e-04
2.520000000000001e+00  4.948023571545668e-04  1.263866141294521e-03  -7.690637841399542e-04
2.530000000000001e+00  7.787826982310845e-04  1.529198272846474e-03  -7.504155746153893e-04
2.540000000000001e+00  1.051355263376265e-03  1.782707073357129e-03  -7.313518099808642e-04
2.550000000000001e+00  1.312642390882880e-03  2.024565311681408e-03  -7.119229207985282e-04
2.560000000000001e+00  1.562775593436493e-03  2.254952697743532e-03  -6.921771043070387e-04
2.570000000000001e+00  1.801895037973869e-03  2.474055396861869e-03  -6.721603588879996e-04
2.580000000000001e+00  2.030149034296887e-03  2.682065554886693e-03  -6.519165205898059e-04
2.590000000000001e+00  2.247693532752133e-03  2.879180834322022e-03  -6.314873015698893e-04
2.600000000000001e+00  2.454691631265080e-03  3.065603961582380e-03  -6.109123303172999e-04
2.610000000000001e+00  2.651313091997202e-03  3.241542285518035e-03  -5.902291935208337e-04
2.620000000000001e+00  2.837733867874468e-03  3.407207347322683e-03  -5.694734794482147e-04
2.630000000000001e+00  3.014135639214321e-03  3.562814461920228e-03  -5.486788227059072e-04
2.640000000000001e+00  3.180705360660026e-03  3.708582310909895e-03  -5.278769502498684e-04
2.650000000000001e+00  3.337634818610310e-03  3.844732547131777e-03  -5.070977285214673e-04
2.660000000000001e+00  3.485120199314554e-03  3.971489410899336e-03  -4.863692115847818e-04
2.670000000000001e+00  3.623361667783803e-03  4.089079357927699e-03  -4.657176901438961e-04
2.680000000000001e+00  3.752562957650506e-03  4.197730698973542e-03  -4.451677413230357e-04
2.690000000000001e+00  3.872930972091636e-03  4.297673251185326e-03  -4.247422790936897e-04
2.700000000000001e+00  3.984675395911944e-03  4.389138001149696e-03  -4.044626052377518e-04
2.710000000000001e+00  4.088008318867842e-03  4.472356779605048e-03  -3.843484607372067e-04
2.720000000000001e+00  4.183143870295189e-03  4.547561947780667e-03  -3.644180774854773e-04
2.730000000000001e+00  4.270297865088037e-03  4.614986095306375e-03  -3.446882302183376e-04
2.740000000000001e+00  4.349687461059835e-03  4.674861749625634e-03  -3.251742885657990e-04
2.750000000000001e+00  4.421530827703824e-03  4.727421096832928e-03  -3.058902691291041e-04
2.760000000000001e+00  4.486046826352843e-03  4.772895713845723e-03  -2.868488874928805e-04
2.770000000000001e+00  4.543454701727054e-03  4.811516311809178e-03  -2.680616100821246e-04
2.780000000000001e+00  4.593973784841526e-03  4.843512490622697e-03  -2.495387057811710e-04
2.790000000000001e+00  4.637823207234070e-03  4.869112504467314e-03  -2.312892972332432e-04
2.800000000000001e+00  4.675221626460295e-03  4.888543038202928e-03  -2.133214117426329e-04
2.810000000000001e+00  4.706386962789814e-03  4.902028994496798e-03  -1.956420317069845e-04
2.820000000000001e+00  4.731536147027237e-03  4.909793291535333e-03  -1.782571445080958e-04
2.830000000000001e+00  4.750884879367699e-03  4.912056671164023e-03  -1.611717917963246e-04
2.840000000000001e+00  4.764647399188504e-03  4.909037517292978e-03  -1.443901181044744e-04
2.850000000000001e+00  4.773036265665680e-03  4.900951684398224e-03  -1.279154187325436e-04
2.860000000000001e+00  4.776262149095914e-03  4.888012335943280e-03  -1.117501868473656e-04
2.870000000000001e+00  4.774533632793698e-03  4.870429792538608e-03  -9.589615974491070e-05
2.880000000000001e+00  4.768057025425424e-03  4.848411389652123e-03  -8.035436422669864e-05
2.890000000000001e+00  4.757036183633217e-03  4.822161344678096e-03  -6.512516104487890e-05
2.900000000000001e+00  4.741672344793070e-03  4.791880633167185e-03  -5.020828837411576e-05
2.910000000000001e+00  4.722163969744879e-03  4.757766874017073e-03  -3.560290427219448e-05
2.920000000000001e+00  4.698706595324479e-03  4.720014223417792e-03  -2.130762809331253e-05
2.930000000000001e+00  4.671492696520936e-03  4.678813277344171e-03  -7.320580823235757e-06
2.940000000000001e+00  4.640711558076951e-03  4.634350982383519e-03  6.360575693432555e-06
2.950000000000001e+00  4.606549155343605e-03  4.586810554684725e-03  1.973860065888032e-05
2.960000000000001e+00  4.569188044196164e-03  4.536371406812682e-03  3.281663738348168e-05
2.970000000000001e+00  4.528807259812124e-03  4.483209082289694e-03  4.559817752242991e-05
2.980000000000001e+00  4.485582224109014e-03  4.427495197604648e-03  5.808702650436561e-05
2.990000000000001e+00  4.439684661634541e-03  4.369397391468894e-03  7.028727016564641e-05
3.000000000000001e+00  4.391282523699176e-03  4.309079281097377e-03  8.220324260179920e-05
3.010000000000001e+00  4.340539920537207e-03  4.246700425292951e-03  9.383949524425627e-05
3.020000000000001e+00  4.287617061279704e-03  4.182416294111560e-03  1.052007671681439e-04
3.030000000000001e+00  4.232670201520799e-03  4.116378244885888e-03  1.162919566349112e-04
3.040000000000001e+00  4.175851598256402e-03  4.048733504385927e-03  1.271180938704755e-04
3.050000000000001e+00  4.117309471972326e-03  3.979625156895098e-03  1.376843150772281e-04
3.060000000000001e+00  4.057187975658740e-03  3.909192137981687e-03  1.479958376770533e-04
3.070000000000001e+00  3.995627170525301e-03  3.837569233746606e-03  1.580579367786951e-04
3.080000000000001e+00  3.932763008192096e-03  3.764887085329612e-03  1.678759228624840e-04
3.090000000000001e+00  3.868727319130251e-03  3.691272198458259e-03  1.774551206719923e-04
3.100000000000001e+00  3.803647807126539e-03  3.616846957825254e-03  1.868008493012842e-04
3.110000000000001e+00  3.737648049546725e-03  3.541729646082246e-03  1.959184034644795e-04
3.120000000000001e+00  3.670847503172354e-03  3.466034467240149e-03  2.048130359322050e-04
3.130000000000001e+00  3.603361515387250e-03  3.389871574269096e-03  2.134899411181538e-04
3.140000000000001e+00  3.535301340490896e-03  3.313347100693052e-03  2.219542397978438e-04
3.150000000000001e+00  3.466774160917314e-03  3.236563195977297e-03  2.302109649400166e-04
3.160000000000001e+00  3.397883113139218e-03  3.159618064510413e-03  2.382650486288046e-04
3.170000000000001e+00  3.328727318040244e-03  3.082606007984538e-03  2.461213100557053e-04
3.180000000000001e+00  3.259401915539000e-03  3.005617470981972e-03  2.537844445570279e-04
3.190000000000001e+00  3.189998103251631e-03  2.928739089578924e-03  2.612590136727069e-04
3.200000000000001e+00  3.120603178982129e-03  2.852053742781124e-03  2.685494362010053e-04
3.210000000000001e+00  3.051300586832115e-03  2.775640606609311e-03  2.756599802228041e-04
3.220000000000001e+00  2.982169966725088e-03  2.699575210656710e-03  2.825947560683786e-04
3.230000000000001e+00  2.913287207142751e-03  2.623929496944204e-03  2.893577101985472e-04
3.240000000000001e+00  2.844724500874728e-03  2.548771880903150e-03  2.959526199715775e-04
3.250000000000001e+00  2.776550403586239e-03  2.474167314318908e-03  3.023830892673308e-04
3.260000000000001e+00  2.708829895011897e-03  2.400177350073750e-03  3.086525449381467e-04
3.270000000000001e+00  2.641624442587200e-03  2.326860208530311e-03  3.147642340568897e-04
3.280000000000001e+00  2.574992067333567e-03  2.254270845401965e-03  3.207212219316028e-04
3.290000000000001e+00  2.508987411816614e-03  2.182461020960450e-03  3.265263908561644e-04
3.300000000000001e+00  2.443661810000729e-03  2.111479370435205e-03  3.321824395655236e-04
3.310000000000001e+00  2.379063358828229e-03  2.041371475463333e-03  3.376918833648958e-04
3.320000000000001e+00  2.315236991354616e-03  1.972179936453133e-03  3.430570549014826e-04
3.330000000000001e+00  2.252224551276546e-03  1.903944445729082e-03  3.482801055474641e-04
3.340000000000001e+00  2.190064868692598e-03  1.836701861329523e-03  3.533630073630750e-04
3.350000000000001e+00  2.128793836942137e-03  1.770486281333912e-03  3.583075556082250e-04
3.360000000000001e+00  2.068444490371944e-03  1.705329118599216e-03  3.631153717727285e-04
3.370000000000001e+00  2.009047082883815e-03  1.641259175791177e-03  3.677879070926378e-04
3.380000000000001e+00  1.950629167122735e-03  1.578302720598781e-03  3.723264465239540e-04
3.390000000000001e+00  1.893215674167613e-03  1.516483561025892e-03  3.767321131417211e-04
3.400000000000001e+00  1.836828993593117e-03  1.455823120657320e-03  3.810058729357964e-04
3.410000000000001e+00  1.781489053774422e-03  1.396340513801447e-03  3.851485399729746e-04
3.420000000000001e+00  1.727213402312014e-03  1.338052620415432e-03  3.891607818965821e-04
3.430000000000001e+00  1.674017286457875e-03  1.280974160723093e-03  3.930431257347818e-04
3.440000000000001e+00  1.621913733429411e-03  1.225117769440117e-03  3.967959639892933e-04
3.450000000000001e+00  1.570913630501630e-03  1.170494069524731e-03  4.004195609768992e-04
3.460000000000001e+00  1.521025804772999e-03  1.117111745376503e-03  4.039140593964962e-04
3.470000000000001e+00  1.472257102504774e-03  1.064977615409274e-03  4.072794870955006e-04
3.480000000000001e+00  1.424612467938213e-03  1.014096703929225e-03  4.105157640089880e-04
3.490000000000001e+00  1.378095021498373e-03  9.644723122513060e-04  4.136227092470673e-04
3.500000000000001e+00  1.332706137297932e-03  9.161060889926309e-04  4.166000483053009e-04
3.510000000000001e+00  1.288445519858799e-03  8.689980994841020e-04  4.194474203746966e-04
3.520000000000001e+00  1.245311279973046e-03  8.231468942456207e-04  4.221643857274254e-04
3.530000000000001e+00  1.203300009630245e-03  7.785495764735064e-04  4.247504331567388e-04
3.540000000000001e+00  1.162406855941040e-03  7.352018684927078e-04  4.272049874483324e-04
3.550000000000001e+00  1.122625593992090e-03  6.930981771291168e-04  4.295274168629735e-04
3.560000000000001e+00  1.083948698571059e-03  6.522316579613983e-04  4.317170406096602e-04
3.570000000000001e+00  1.046367414704567e-03  6.125942784141283e-04  4.337731362904385e-04
3.580000000000001e+00  1.009871826955755e-03  5.741768796583262e-04  4.356949472974290e-04
3.590000000000001e+00  9.744509274324048e-04  5.369692372871661e-04  4.374816901452387e-04
3.600000000000001e+00  9.400926824599594e-04  5.009601207389751e-04  4.391325617209844e-04
3.610000000000001e+00  9.067840978775777e-04  4.661373514417063e-04  4.406467464358714e-04
3.620000000000001e+00  8.745112829194049e-04  4.324878596561454e-04  4.420234232632596e-04
3.630000000000001e+00  8.432595126461218e-04  3.999977399980076e-04  4.432617726481142e-04
3.640000000000001e+00  8.130132888959504e-04  3.686523056214619e-04  4.443609832744884e-04
3.650000000000001e+00  7.837563997271687e-04  3.384361410494487e-04  4.453202586777201e-04
3.660000000000001e+00  7.554719773278781e-04  3.093331536384835e-04  4.461388236893946e-04
3.670000000000001e+00  7.281425543716857e-04  2.813266236680589e-04  4.468159307036268e-04
3.680000000000001e+00  7.017501188011347e-04  2.543992530471981e-04  4.473508657539366e-04
3.690000000000001e+00  6.762761670238385e-04  2.285332126327145e-04  4.477429543911240e-04
3.700000000000001e+00  6.517017555090451e-04  2.037101881560776e-04  4.479915673529675e-04
3.710000000000001e+00  6.280075507752936e-04  1.799114247577464e-04  4.480961260175472e-04
3.720000000000001e+00  6.051738777623848e-04  1.571177701298284e-04  4.480561076325564e-04
3.730000000000001e+00  5.831807665837576e-04  1.353097162697364e-04  4.478710503140212e-04
3.740000000000001e+00  5.620079976576564e-04  1.144674398493820e-04  4.475405578082744e-04
3.750000000000001e+00  5.416351452180640e-04  9.457084120627332e-05  4.470643040117906e-04
3.760000000000001e+00  5.220416192086064e-04  7.559958196425568e-05  4.464420372443507e-04
3.770000000000001e+00  5.032067055649975e-04  5.753312129337983e-05  4.456735842716176e-04
3.780000000000001e+00  4.851096048936313e-04  4.035075081987612e-05  4.447588540737552e-04
3.790000000000001e+00  4.677294695559877e-04  2.403162819847976e-05  4.436978413575080e-04
3.800000000000001e+00  4.510454391705659e-04  8.554809360779145e-06  4.424906298097867e-04
3.810000000000001e+00  4.350366745458317e-04  -6.100720545487661e-06  4.411373950913194e-04
3.820000000000001e+00  4.196823900594563e-04  -1.995601751025526e-05  4.396384075697115e-04
3.830000000000001e+00  4.049618845008083e-04  -3.303215029070554e-05  4.379940347915139e-04
3.840000000000001e+00  3.908545703953350e-04  -4.535017329870517e-05  4.362047436940401e-04
3.850000000000001e+00  3.773400018306394e-04  -5.693110072662464e-05  4.342711025572641e-04
3.860000000000001e+00  3.643979008060955e-04  -6.779588189180914e-05  4.321937826979046e-04
3.870000000000001e+00  3.520081821283691e-04  -7.796537777867082e-05  4.299735599070399e-04
3.880000000000001e+00  3.401509768771586e-04  -8.746033875682945e-05  4.276113156339881e-04
3.890000000000001e+00  3.288066544662051e-04  -9.630138345305182e-05  4.251080379192570e-04
3.900000000000001e+00  3.179558433257527e-04  -1.045089787540545e-04  4.224648220798072e-04
3.910000000000001e+00  3.075794502338428e-04  -1.121034209164379e-04  4.196828711502807e-04
3.920000000000001e+00  2.976586783244161e-04  -1.191048177602213e-04  4.167634960846374e-04
3.930000000000001e+00  2.881750438012889e-04  -1.255330719209422e-04  4.137081157222311e-04
3.940000000000001e+00  2.791103913876652e-04  -1.314078651357982e-04  4.105182565234634e-04
3.950000000000001e+00  2.704469085416667e-04  -1.367486435385146e-04  4.071955520801813e-04
3.960000000000001e+00  2.621671384687614e-04  -1.415746039373677e-04  4.037417424061291e-04
3.970000000000001e+00  2.542539919628106e-04  -1.459046810506357e-04  4.001586730134463e-04
3.980000000000001e+00  2.466907581076138e-04  -1.497575356734614e-04  3.964482937810752e-04
3.990000000000001e+00  2.394611138714653e-04  -1.531515437500510e-04  3.926126576215164e-04
4.000000000000001e+00  2.325491326274388e-04  -1.561047863248819e-04  3.886539189523207e-04
4.010000000000001e+00  2.259392916325024e-04  -1.586350403467663e-04  3.845743319792687e-04
4.020000000000001e+00  2.196164784986839e-04  -1.607597702991797e-04  3.803762487978636e-04
4.030000000000001e+00  2.135659966897104e-04  -1.624961206308447e-04  3.760621173205551e-04
4.040000000000001e+00  2.077735700767065e-04  -1.638609089600447e-04  3.716344790367512e-04
4.050000000000001e+00  2.022253465863976e-04  -1.648706200266056e-04  3.670959666130031e-04
4.060000000000001e+00  1.969079009756002e-04  -1.655414003654386e-04  3.624493013410388e-04
4.070000000000001e+00  1.918082367652492e-04  -1.658890536757585e-04  3.576972904410078e-04
4.080000000000001e+00  1.869137873676697e-04  -1.659290368602253e-04  3.528428242278949e-04
4.090000000000001e+00  1.822124164400963e-04  -1.656764567084496e-04  3.478888731485460e-04
4.100000000000001e+00  1.776924174976901e-04  -1.651460671997289e-04  3.428384846974191e-04
4.110000000000001e+00  1.733425128188542e-04  -1.643522673997909e-04  3.376947802186450e-04
4.120000000000001e+00  1.691518516753603e-04  -1.633090999269858e-04  3.324609516023461e-04
4.130000000000001e+00  1.651100079196000e-04  -1.620302499635144e-04  3.271402578831144e-04
4.140000000000001e+00  1.612069769608997e-04  -1.605290447874934e-04  3.217360217483931e-04
4.150000000000001e+00  1.574331721623060e-04  -1.588184538022855e-04  3.162516259645914e-04
4.160000000000001e+00  1.537794206890749e-04  -1.569110890397046e-04  3.106905097287796e-04
4.170000000000001e+00  1.502369588394590e-04  -1.548192061140909e-04  3.050561649535499e-04
4.180000000000001e+00  1.467974268879965e-04  -1.525547056048621e-04  2.993521324928586e-04
4.190000000000001e+00  1.434528634710182e-04  -1.501291348452347e-04  2.935819983162529e-04
4.200000000000001e+00  1.401956995434919e-04  -1.475536900956425e-04  2.877493896391343e-04
4.210000000000001e+00  1.370187519358695e-04  -1.448392190804856e-04  2.818579710163550e-04
4.220000000000001e+00  1.339152165389356e-04  -1.419962238674503e-04  2.759114404063859e-04
4.230000000000001e+00  1.308786611441223e-04  -1.390348640692386e-04  2.699135252133610e-04
4.240000000000001e+00  1.279030179661864e-04  -1.359649603476667e-04  2.638679783138530e-04
4.250000000000001e+00  1.249825758744003e-04  -1.327959982010783e-04  2.577785740754787e-04
4.260000000000001e+00  1.221119723578365e-04  -1.295371320159939e-04  2.516491043738304e-04
4.270000000000001e+00  1.192861852498384e-04  -1.261971893647672e-04  2.454833746146056e-04
4.280000000000001e+00  1.165005242356195e-04  -1.227846755314745e-04  2.392851997670940e-04
4.290000000000001e+00  1.137506221669575e-04  -1.193077782486130e-04  2.330584004155705e-04
4.300000000000001e+00  1.110324262065814e-04  -1.157743726278295e-04  2.268067988344109e-04
4.310000000000001e+00  1.083421888246609e-04  -1.121920262684166e-04  2.205342150930775e-04
4.320000000000001e+00  1.056764586688166e-04  -1.085680045277212e-04  2.142444631965378e-04
4.330000000000001e+00  1.030320713285175e-04  -1.049092759382979e-04  2.079413472668154e-04
4.340000000000001e+00  1.004061400139126e-04  -1.012225177568718e-04  2.016286577707845e-04
4.350000000000001e+00  9.779604616860764e-05  -9.751412163109392e-05  1.953101677997016e-04
4.360000000000001e+00  9.519943003493577e-05  -9.379019937011835e-05  1.889896294050541e-04
4.370000000000001e+00  9.261418118982118e-05  -9.005658880591726e-05  1.826707699957385e-04
4.380000000000001e+00  9.003842906844131e-05  -8.631885973255570e-05  1.763572888009970e-04
4.390000000000001e+00  8.747053349230757e-05  -8.258231991119032e-05  1.700528534034979e-04
4.400000000000001e+00  8.490907521755099e-05  -7.885202112899659e-05  1.637610963465476e-04
4.410000000000001e+00  8.235284651863847e-05  -7.513276530093682e-05  1.574856118195753e-04
4.420000000000001e+00  7.980084182198285e-05  -7.142911060335572e-05  1.512299524253386e-04
4.430000000000001e+00  7.725224840318748e-05  -6.774537762936227e-05  1.449976260325498e-04
4.440000000000001e+00  7.470643716104133e-05  -6.408565555597964e-05  1.387920927170210e-04
4.450000000000001e+00  7.216295348070101e-05  -6.045380831378049e-05  1.326167617944815e-04
4.460000000000001e+00  6.962150819779301e-05  -5.685348075015542e-05  1.264749889479484e-04
4.470000000000001e+00  6.708196867453409e-05  -5.328810477762688e-05  1.203700734521610e-04
4.480000000000001e+00  6.454434999833690e-05  -4.976090549926481e-05  1.143052554976017e-04
4.490000000000001e+00  6.200880631265914e-05  -4.627490730364570e-05  1.082837136163048e-04
4.500000000000001e+00  5.947562228936101e-05  -4.283293992208318e-05  1.023085622114442e-04
4.510000000000001e+00  5.694520475100044e-05  -3.943764444146984e-05  9.638284919247028e-05
4.520000000000001e+00  5.441807445123646e-05  -3.609147926626752e-05  9.050955371750397e-05
4.530000000000001e+00  5.189485802044440e-05  -3.279672602381662e-05  8.469158404426103e-05
4.540000000000001e+00  4.937628008354308e-05  -2.955549540726660e-05  7.893177549080968e-05
4.550000000000001e+00  4.686315555614856e-05  -2.636973295093091e-05  7.323288850707947e-05
4.560000000000001e+00  4.435638212475983e-05  -2.324122473331827e-05  6.759760685807811e-05
4.570000000000001e+00  4.185693291605657e-05  -2.017160300322235e-05  6.202853591927892e-05
4.580000000000001e+00  3.936584935996296e-05  -1.716235172479496e-05  5.652820108475792e-05
4.590000000000001e+00  3.688423425052085e-05  -1.421481203777978e-05  5.109904628830063e-05
4.600000000000001e+00  3.441324500818730e-05  -1.133018762935650e-05  4.574343263754380e-05
4.610000000000001e+00  3.195408714667242e-05  -8.509550014514361e-06  4.046363716118678e-05
4.620000000000001e+00  2.950800794688699e-05  -5.753843721930923e-06  3.526185166881791e-05
4.630000000000001e+00  2.707629034032263e-05  -3.063891382928871e-06  3.014018172325150e-05
4.640000000000001e+00  2.466024700344155e-05  -4.403987210497598e-07  2.510064572449131e-05
4.650000000000001e+00  2.226121466456186e-05  2.116040559711062e-06  2.014517410485080e-05
4.660000000000001e+00  1.988054862403956e-05  4.604939989783931e-06  1.527560863425563e-05
4.670000000000001e+00  1.751961748833387e-05  7.025915653622074e-06  1.049370183471180e-05
4.680000000000001e+00  1.517979811809929e-05  9.378681615215227e-06  5.801116502884064e-06
4.690000000000001e+00  1.286247079005754e-05  1.166304545062846e-05  1.199425339429078e-06
4.700000000000001e+00  1.056901457213836e-05  1.387890388843504e-05  -3.309889316296682e-06
4.710000000000001e+00  8.300802910939451e-06  1.602623855859868e-05  -7.725435647659231e-06
4.720000000000001e+00  6.059199430376473e-06  1.810511185028947e-05  -1.204591241991300e-05
4.730000000000001e+00  3.845553939908660e-06  2.011566287885123e-05  -1.627010893894257e-05
4.740000000000001e+00  1.661198650645599e-06  2.205810356199298e-05  -2.039690491134738e-05
4.750000000000001e+00  -4.925554028102121e-07  2.393271480502914e-05  -2.442527020783935e-05
4.760000000000001e+00  -2.614421737065275e-06  2.573984279499444e-05  -2.835426453205971e-05
4.770000000000001e+00  -4.703141593794934e-06  2.747989540306257e-05  -3.218303699685751e-05
4.780000000000001e+00  -6.757486915532431e-06  2.915333869477640e-05  -3.591082561030883e-05
4.790000000000001e+00  -8.776263126391285e-06  3.076069354737173e-05  -3.953695667376302e-05
4.800000000000001e+00  -1.075831172101690e-05  3.230253237325864e-05  -4.306084409427554e-05
4.810000000000001e+00  -1.270251266507640e-05  3.377947594875588e-05  -4.648198861383228e-05
4.820000000000001e+00  -1.460778661093735e-05  3.519219034700567e-05  -4.979997695794301e-05
4.830000000000001e+00  -1.647309693227735e-05  3.654138397378025e-05  -5.301448090605760e-05
4.840000000000001e+00  -1.829745158149453e-05  3.782780470497174e-05  -5.612525628646627e-05
4.850000000000001e+00  -2.007990477397984e-05  3.905223712436839e-05  -5.913214189834823e-05
4.860000000000001e+00  -2.181955850339273e-05  4.021549986016949e-05  -6.203505836356222e-05
4.870000000000001e+00  -2.351556389225647e-05  4.131844301881579e-05  -6.483400691107227e-05
4.880000000000001e+00  -2.516712238218662e-05  4.236194571438350e-05  -6.752906809657011e-05
4.890000000000001e+00  -2.677348676828028e-05  4.334691369194088e-05  -7.012040046022116e-05
4.900000000000001e+00  -2.833396208217686e-05  4.427427704311736e-05  -7.260823912529423e-05
4.910000000000001e+00  -2.984790632844637e-05  4.514498801200455e-05  -7.499289434045092e-05
4.920000000000001e+00  -3.131473107892974e-05  4.596001888967799e-05  -7.727474996860773e-05
4.930000000000001e+00  -3.273390192984963e-05  4.672035999532832e-05  -7.945426192517796e-05
4.940000000000001e+00  -3.410493882632373e-05  4.742701774215097e-05  -8.153195656847472e-05
4.950000000000001e+00  -3.542741625922023e-05  4.808101278601318e-05  -8.350842904523341e-05
4.960000000000001e+00  -3.670096333909424e-05  4.868337825492923e-05  -8.538434159402347e-05
4.970000000000001e+00  -3.792526375205202e-05  4.923515805733756e-05  -8.716042180938958e-05
4.980000000000001e+00  -3.910005560238006e-05  4.973740526715350e-05  -8.883746086953355e-05
4.990000000000001e+00  -4.022513114679926e-05  5.019118058358566e-05  -9.041631173038492e-05
5.000000000000001e+00  -4.130033642512339e-05  5.059755086366680e-05  -9.189788728879019e-05
5.010000000000001e+00  -4.232557079216231e-05  5.095758772544102e-05  -9.328315851760333e-05
5.020000000000001e+00  -4.330078635564464e-05  5.127236621979472e-05  -9.457315257543937e-05
5.030000000000001e+00  -4.422598732484953e-05  5.154296356887903e-05  -9.576895089372855e-05
5.040000000000001e+00  -4.510122927477346e-05  5.177045796907117e-05  -9.687168724384462e-05
5.050000000000001e+00  -4.592661833037019e-05  5.195592745647670e-05  -9.788254578684688e-05
5.060000000000001e+00  -4.670231027554657e-05  5.210044883293630e-05  -9.880275910848287e-05
5.070000000000001e+00  -4.742850959145213e-05  5.220509665058612e-05  -9.963360624203825e-05
5.080000000000001e+00  -4.810546842856129e-05  5.227094225293105e-05  -1.003764106814923e-04
5.090000000000001e+00  -4.873348551698437e-05  5.229905287053436e-05  -1.010325383875187e-04
5.100000000000001e+00  -4.931290501932366e-05  5.229049076935120e-05  -1.016033957886749e-04
5.110000000000001e+00  -4.984411533042075e-05  5.224631244980782e-05  -1.020904277802286e-04
5.120000000000001e+00  -5.032754782815749e-05  5.216756789478324e-05  -1.024951157229407e-04
5.130000000000001e+00  -5.076367557943310e-05  5.205529986456654e-05  -1.028189754439996e-04
5.140000000000001e+00  -5.115301200537756e-05  5.191054323705835e-05  -1.030635552424359e-04
5.150000000000001e+00  -5.149610950972611e-05  5.173432439136778e-05  -1.032304339010939e-04
5.160000000000001e+00  -5.179355807420061e-05  5.152766063306234e-05  -1.033212187072630e-04
5.170000000000001e+00  -5.204598382468704e-05  5.129155965940228e-05  -1.033375434840893e-04
5.180000000000001e+00  -5.225404757185167e-05  5.102701906281897e-05  -1.032810666346706e-04
5.190000000000001e+00  -5.241844332974694e-05  5.073502587101457e-05  -1.031534692007615e-04
5.200000000000001e+00  -5.253989681590911e-05  5.041655612211194e-05  -1.029564529380210e-04
5.210000000000001e+00  -5.261916393623418e-05  5.007257447323767e-05  -1.026917384094719e-04
5.220000000000001e+00  -5.265702925799161e-05  4.970403384108773e-05  -1.023610630990793e-04
5.230000000000001e+00  -5.265430447399677e-05  4.931187507288053e-05  -1.019661795468773e-04
5.240000000000001e+00  -5.261182686109838e-05  4.889702664640784e-05  -1.015088535075062e-04
5.250000000000001e+00  -5.253045773584463e-05  4.846040439764344e-05  -1.009908621334881e-04
5.260000000000001e+00  -5.241108091019548e-05  4.800291127462275e-05  -1.004139921848182e-04
5.270000000000001e+00  -5.225460114993152e-05  4.752543711629465e-05  -9.978003826622618e-05
5.280000000000001e+00  -5.206194263851251e-05  4.702885845501884e-05  -9.909080109353136e-05
5.290000000000001e+00  -5.183404744866398e-05  4.651403834149117e-05  -9.834808579015515e-05
5.300000000000001e+00  -5.157187402434473e-05  4.598182619096951e-05  -9.755370021531423e-05
5.310000000000001e+00  -5.127639567514043e-05  4.543305764955306e-05  -9.670945332469348e-05
5.320000000000001e+00  -5.094859908543752e-05  4.486855447947823e-05  -9.581715356491574e-05
5.330000000000001e+00  -5.058948284035040e-05  4.428912446235979e-05  -9.487860730271019e-05
5.340000000000001e+00  -5.020005597038296e-05  4.369556131932161e-05  -9.389561728970458e-05
5.350000000000001e+00  -4.978133651673057e-05  4.308864464706360e-05  -9.286998116379418e-05
5.360000000000001e+00  -4.933435011889140e-05  4.246913986890745e-05  -9.180348998779884e-05
5.370000000000001e+00  -4.886012862633260e-05  4.183779819992620e-05  -9.069792682625880e-05
5.380000000000001e+00  -4.835970873568492e-05  4.119535662527208e-05  -8.955506536095700e-05
5.390000000000001e+00  -4.783413065496011e-05  4.054253789089760e-05  -8.837666854585771e-05
5.400000000000001e+00  -4.728443679612975e-05  3.988005050585600e-05  -8.716448730198574e-05
5.410000000000001e+00  -4.671167049730286e-05  3.920858875546390e-05  -8.592025925276676e-05
5.420000000000001e+00  -4.611687477569787e-05  3.852883272455096e-05  -8.464570750024883e-05
5.430000000000001e+00  -4.550109111242008e-05  3.784144833014540e-05  -8.334253944256549e-05
5.440000000000001e+00  -4.486535827007744e-05  3.714708736298848e-05  -8.201244563306592e-05
5.450000000000001e+00  -4.421071114407188e-05  3.644638753714325e-05  -8.065709868121512e-05
5.460000000000001e+00  -4.353817964837623e-05  3.573997254723886e-05  -7.927815219561509e-05
5.470000000000001e+00  -4.284878763650525e-05  3.502845213271566e-05  -7.787723976922090e-05
5.480000000000001e+00  -4.214355185832159e-05  3.431242214857957e-05  -7.645597400690116e-05
5.490000000000001e+00  -4.142348095319490e-05  3.359246464217027e-05  -7.501594559536517e-05
5.500000000000001e+00  -4.068957447999241e-05  3.286914793545382e-05  -7.355872241544622e-05
5.510000000000001e+00  -3.994282198427345e-05  3.214302671245447e-05  -7.208584869672791e-05
5.520000000000001e+00  -3.918420210307217e-05  3.141464211132812e-05  -7.059884421440029e-05
5.530000000000001e+00  -3.841468170736949e-05  3.068452182078573e-05  -6.909920352815522e-05
5.540000000000001e+00  -3.763521508258315e-05  2.995318018045364e-05  -6.758839526303680e-05
5.550000000000001e+00  -3.684674314706028e-05  2.922111828481667e-05  -6.606786143187695e-05
5.560000000000001e+00  -3.605019270868388e-05  2.848882409047756e-05  -6.453901679916144e-05
5.570000000000001e+00  -3.524647575953020e-05  2.775677252639935e-05  -6.300324828592956e-05
5.580000000000001e+00  -3.443648880850103e-05  2.702542560688301e-05  -6.146191441538403e-05
5.590000000000001e+00  -3.362111225181358e-05  2.629523254701206e-05  -5.991634479882564e-05
5.600000000000001e+00  -3.280120978110035e-05  2.556662988033248e-05  -5.836783966143284e-05
5.610000000000001e+00  -3.197762782891245e-05  2.484004157854897e-05  -5.681766940746142e-05
5.620000000000001e+00  -3.115119505132125e-05  2.411587917308283e-05  -5.526707422440409e-05
5.630000000000001e+00  -3.032272184722463e-05  2.339454187820947e-05  -5.371726372543410e-05
5.640000000000001e+00  -2.949299991402819e-05  2.267641671573403e-05  -5.216941662976222e-05
5.650000000000001e+00  -2.866280183920293e-05  2.196187864093954e-05  -5.062468048014246e-05
5.660000000000001e+00  -2.783288072727416e-05  2.125129066976714e-05  -4.908417139704130e-05
5.670000000000001e+00  -2.700396986170937e-05  2.054500400700900e-05  -4.754897386871837e-05
5.680000000000001e+00  -2.617678240114227e-05  1.984335817549726e-05  -4.602014057663953e-05
5.690000000000001e+00  -2.535201110937361e-05  1.914668114609992e-05  -4.449869225547353e-05
5.700000000000001e+00  -2.453032811846732e-05  1.845528946850398e-05  -4.298561758697131e-05
5.710000000000001e+00  -2.371238472434675e-05  1.776948840265389e-05  -4.148187312700064e-05
5.720000000000001e+00  -2.289881121417835e-05  1.708957205081637e-05  -3.998838326499472e-05
5.730000000000001e+00  -2.209021672484494e-05  1.641582349016985e-05  -3.850604021501479e-05
5.740000000000001e+00  -2.128718913177199e-05  1.574851490591125e-05  -3.703570403768324e-05
5.750000000000001e+00  -2.049029496736734e-05  1.508790772478052e-05  -3.557820269214785e-05
5.760000000000001e+00  -1.970007936826001e-05  1.443425274900594e-05  -3.413433211726594e-05
5.770000000000001e+00  -1.891706605063953e-05  1.378779029062703e-05  -3.270485634126656e-05
5.780000000000001e+00  -1.814175731275663e-05  1.314875030615101e-05  -3.129050761890764e-05
5.790000000000001e+00  -1.737463406389715e-05  1.251735253155352e-05  -2.989198659545068e-05
5.800000000000001e+00  -1.661615587889549e-05  1.189380661755607e-05  -2.850996249645156e-05
5.810000000000001e+00  -1.586676107739651e-05  1.127831226523379e-05  -2.714507334263030e-05
5.820000000000001e+00  -1.512686682701646e-05  1.067105936187956e-05  -2.579792618889601e-05
5.830000000000001e+00  -1.439686926949288e-05  1.007222811716532e-05  -2.446909738665821e-05
5.840000000000001e+00  -1.367714366901220e-05  9.481989199570695e-06  -2.315913286858290e-05
5.850000000000001e+00  -1.296804458182479e-05  8.900503873092165e-06  -2.186854845491695e-05
5.860000000000001e+00  -1.226990604626168e-05  8.327924134231569e-06  -2.059783018049325e-05
5.870000000000001e+00  -1.158304179228712e-05  7.764392849253125e-06  -1.934743464154025e-05
5.880000000000001e+00  -1.090774546972788e-05  7.210043891736391e-06  -1.811778936146427e-05
5.890000000000001e+00  -1.024429089428866e-05  6.665002280423502e-06  -1.690929317471217e-05
5.900000000000001e+00  -9.592932310481314e-06  6.129384317344390e-06  -1.572231662782570e-05
5.910000000000001e+00  -8.953904670615165e-06  5.603297726261520e-06  -1.455720239687668e-05
5.920000000000001e+00  -8.327423928980140e-06  5.086841791407828e-06  -1.341426572038797e-05
5.930000000000001e+00  -7.713687350363874e-06  4.580107496561777e-06  -1.229379484692565e-05
5.940000000000001e+00  -7.112873832060670e-06  4.083177664411878e-06  -1.119605149647255e-05
5.950000000000001e+00  -6.525144238539303e-06  3.596127096271659e-06  -1.012127133481096e-05
5.960000000000001e+00  -5.950641747917484e-06  3.119022712106409e-06  -9.069664460023892e-06
5.970000000000001e+00  -5.389492209454718e-06  2.651923690913706e-06  -8.041415900368423e-06
5.980000000000001e+00  -4.841804511213827e-06  2.194881611399009e-06  -7.036686122612836e-06
5.990000000000001e+00  -4.307670957149200e-06  1.747940593022984e-06  -6.055611550172184e-06
6.000000000000001e+00  -3.787167652775778e-06  1.311137437362663e-06  -5.098305090138441e-06
6.010000000000001e+00  -3.280354898699804e-06  8.845017697836851e-07  -4.164856668483489e-06
6.020000000000001e+00  -2.787277591218905e-06  4.680561814852830e-07  -3.255333772704188e-06
6.030000000000001e+00  -2.307965629277503e-06  6.181637179335177e-08  -2.369782001070854e-06
6.040000000000001e+00  -1.842434327027550e-06  -3.342087091942221e-07  -1.508225617833328e-06
6.050000000000001e+00  -1.390684831300892e-06  -7.200167176745018e-07  -6.706681136263899e-07
6.060000000000001e+00  -9.527045432826208e-07  -1.095611772947245e-06  1.429072296646243e-07
6.070000000000001e+00  -5.284675437332491e-07  -1.461004313937793e-06  9.325367702045436e-07
6.080000000000001e+00  -1.179350210700416e-07  -1.816210955489026e-06  1.698275934418984e-06
6.090000000000001e+00  2.789442983176715e-07  -2.161254344419319e-06  2.440198642736991e-06
6.100000000000001e+00  6.622337181352058e-07  -2.496163015386519e-06  3.158396733521725e-06
6.110000000000001e+00  1.032008139271696e-06  -2.820971246580307e-06  3.852979385852003e-06
6.120000000000001e+00  1.388353626445506e-06  -3.135718915248831e-06  4.524072541694337e-06
6.130000000000001e+00  1.731366975043607e-06  -3.440451353140831e-06  5.171818328184437e-06
6.140000000000001e+00  2.061155278625014e-06  -3.735219201828046e-06  5.796374480453059e-06
6.150000000000001e+00  2.377835497695937e-06  -4.020078268008464e-06  6.397913765704400e-06
6.160000000000001e+00  2.681534030209407e-06  -4.295089378775977e-06  6.976623408985384e-06
6.170000000000001e+00  2.972386284315233e-06  -4.560318236941806e-06  7.532704521257039e-06
6.180000000000001e+00  3.250536253819044e-06  -4.815835276398377e-06  8.066371530217421e-06
6.190000000000001e+00  3.516136096807014e-06  -5.061715517608874e-06  8.577851614415888e-06
6.200000000000001e+00  3.769345717872114e-06  -5.298038423265340e-06  9.067384141137455e-06
6.210000000000001e+00  4.010332354350414e-06  -5.524887754130435e-06  9.535220108480849e-06
6.220000000000001e+00  4.239270166970682e-06  -5.742351425150877e-06  9.981621592121558e-06
6.230000000000001e+00  4.456339835279510e-06  -5.950521361863335e-06  1.040686119714284e-05
6.240000000000001e+00  4.661728158231608e-06  -6.149493357168664e-06  1.081122151540027e-05
6.250000000000001e+00  4.855627660231540e-06  -6.339366928504666e-06  1.119499458873621e-05
6.260000000000001e+00  5.038236202988870e-06  -6.520245175506445e-06  1.155848137849531e-05
6.270000000000001e+00  5.209756603487314e-06  -6.692234638143292e-06  1.190199124163061e-05
6.280000000000001e+00  5.370396258311426e-06  -6.855445155488790e-06  1.222584141380022e-05
6.290000000000001e+00  5.520366774633407e-06  -7.009989725086201e-06  1.253035649971961e-05
6.300000000000001e+00  5.659883608097089e-06  -7.155984363029551e-06  1.281586797112664e-05
6.310000000000001e+00  5.789165707821295e-06  -7.293547964793692e-06  1.308271367261499e-05
6.320000000000001e+00  5.908435168732777e-06  -7.422802166867674e-06  1.333123733560045e-05
6.330000000000001e+00  6.017916891433812e-06  -7.543871209283016e-06  1.356178810071683e-05
6.340000000000001e+00  6.117838249788021e-06  -7.656881799063385e-06  1.377472004885141e-05
6.350000000000001e+00  6.208428766337644e-06  -7.761962974668389e-06  1.397039174100603e-05
6.360000000000001e+00  6.289919795788929e-06  -7.859245971507155e-06  1.414916576729609e-05
6.370000000000001e+00  6.362544216595611e-06  -7.948864088547102e-06  1.431140830514271e-05
6.380000000000001e+00  6.426536130825802e-06  -8.030952556127230e-06  1.445748868695303e-05
6.390000000000001e+00  6.482130572389304e-06  -8.105648404986461e-06  1.458777897737577e-05
6.400000000000001e+00  6.529563223696489e-06  -8.173090336599288e-06  1.470265356029578e-05
6.410000000000001e+00  6.569070140839845e-06  -8.233418594861550e-06  1.480248873570139e-05
6.420000000000001e+00  6.600887487359829e-06  -8.286774839203600e-06  1.488766232656343e-05
6.430000000000001e+00  6.625251276611295e-06  -8.333302019152309e-06  1.495855329576360e-05
6.440000000000001e+00  6.642397122789792e-06  -8.373144250441606e-06  1.501554137323140e-05
6.450000000000001e+00  6.652560000628363e-06  -8.406446692696846e-06  1.505900669332521e-05
6.460000000000001e+00  6.655974013765994e-06  -8.433355428757734e-06  1.508932944252373e-05
6.470000000000001e+00  6.652872171788948e-06  -8.454017345693227e-06  1.510688951748217e-05
6.480000000000001e+00  6.643486175920799e-06  -8.468580017552824e-06  1.511206619347362e-05
6.490000000000001e+00  6.628046213360897e-06  -8.477191589926153e-06  1.510523780328705e-05
6.500000000000001e+00  6.606780760184787e-06  -8.480000666324062e-06  1.508678142650885e-05
6.510000000000001e+00  6.579916392818492e-06  -8.477156196465415e-06  1.505707258928391e-05
6.520000000000001e+00  6.547677607981527e-06  -8.468807366493946e-06  1.501648497447547e-05
6.530000000000001e+00  6.510286651060510e-06  -8.455103491167074e-06  1.496539014222758e-05
6.540000000000001e+00  6.467963352828451e-06  -8.436193908077802e-06  1.490415726090625e-05
6.550000000000001e+00  6.420924974434179e-06  -8.412227873933861e-06  1.483315284836804e-05
6.560000000000001e+00  6.369386060561744e-06  -8.383354462936029e-06  1.475274052349777e-05
6.570000000000001e+00  6.313558300670435e-06  -8.349722467301676e-06  1.466328076797211e-05
6.580000000000001e+00  6.253650398204379e-06  -8.311480299953205e-06  1.456513069815758e-05
6.590000000000001e+00  6.189867947672015e-06  -8.268775899422094e-06  1.445864384709411e-05
6.600000000000001e+00  6.122413319448266e-06  -8.221756636980617e-06  1.434416995642888e-05
6.610000000000001e+00  6.051485552225263e-06  -8.170569226054860e-06  1.422205477828012e-05
6.620000000000001e+00  5.977280252923154e-06  -8.115359633917848e-06  1.409263988684100e-05
6.630000000000001e+00  5.899989503980442e-06  -8.056272995710202e-06  1.395626249969064e-05
6.640000000000001e+00  5.819801777838401e-06  -7.993453530803158e-06  1.381325530864156e-05
6.650000000000001e+00  5.736901858520430e-06  -7.927044461525469e-06  1.366394632004590e-05
6.660000000000001e+00  5.651470770111732e-06  -7.857187934268875e-06  1.350865870438061e-05
6.670000000000001e+00  5.563685712036158e-06  -7.784024943001890e-06  1.334771065503805e-05
6.680000000000001e+00  5.473720000930879e-06  -7.707695255190832e-06  1.318141525612171e-05
6.690000000000001e+00  5.381743018990944e-06  -7.628337340153693e-06  1.301008035914464e-05
6.700000000000001e+00  5.287920168611561e-06  -7.546088299851351e-06  1.283400846846291e-05
6.710000000000001e+00  5.192412833161640e-06  -7.461083802120226e-06  1.265349663528187e-05
6.720000000000001e+00  5.095378343737598e-06  -7.373458016377429e-06  1.246883636011503e-05
6.730000000000001e+00  4.996969951707790e-06  -7.283343551759007e-06  1.228031350346680e-05
6.740000000000001e+00  4.897336806896966e-06  -7.190871397740343e-06  1.208820820463731e-05
6.750000000000001e+00  4.796623941235769e-06  -7.096170867211868e-06  1.189279480844764e-05
6.760000000000001e+00  4.694972257705320e-06  -6.999369542010763e-06  1.169434179971608e-05
6.770000000000001e+00  4.592518524392930e-06  -6.900593220921216e-06  1.149311174531415e-05
6.780000000000001e+00  4.489395373503358e-06  -6.799965870115523e-06  1.128936124361888e-05
6.790000000000001e+00  4.385731305151348e-06  -6.697609576054692e-06  1.108334088120604e-05
6.800000000000001e+00  4.281650695741282e-06  -6.593644500805806e-06  1.087529519654709e-05
6.810000000000001e+00  4.177273810796695e-06  -6.488188839809119e-06  1.066546265060581e-05
6.820000000000001e+00  4.072716822030809e-06  -6.381358782036451e-06  1.045407560406726e-05
6.830000000000001e+00  3.968091828512499e-06  -6.273268472561193e-06  1.024136030107369e-05
6.840000000000001e+00  3.863506881755565e-06  -6.164029977507002e-06  1.002753685926257e-05
6.850000000000001e+00  3.759066014539185e-06  -6.053753251360343e-06  9.812819265899528e-06
6.860000000000001e+00  3.654869273318712e-06  -5.942546106628268e-06  9.597415379946979e-06
6.870000000000001e+00  3.551012754045131e-06  -5.830514185815503e-06  9.381526939860636e-06
6.880000000000001e+00  3.447588641229643e-06  -5.717760935713292e-06  9.165349576942934e-06
6.890000000000001e+00  3.344685250090437e-06  -5.604387583947593e-06  8.949072834038031e-06
6.900000000000001e+00  3.242387071625146e-06  -5.490493117789705e-06  8.732880189414850e-06
6.910000000000001e+00  3.140774820439927e-06  -5.376174265184809e-06  8.516949085624737e-06
6.920000000000001e+00  3.039925485181741e-06  -5.261525477969278e-06  8.301450963151019e-06
6.930000000000001e+00  2.939912381423370e-06  -5.146638917259402e-06  8.086551298682771e-06
6.940000000000001e+00  2.840805206846054e-06  -5.031604440959853e-06  7.872409647805906e-06
6.950000000000001e+00  2.742670098559416e-06  -4.916509593378819e-06  7.659179691938235e-06
6.960000000000001e+00  2.645569692425799e-06  -4.801439596894908e-06  7.447009289320706e-06
6.970000000000001e+00  2.549563184243058e-06  -4.686477345664432e-06  7.236040529907491e-06
6.980000000000001e+00  2.454706392626299e-06  -4.571703401307784e-06  7.026409793934084e-06
6.990000000000001e+00  2.361051823476110e-06  -4.457195990548738e-06  6.818247814024848e-06
7.000000000000001e+00  2.268648735875956e-06  -4.343031004773348e-06  6.611679740649304e-06
7.010000000000001e+00  2.177543209295112e-06  -4.229282001456359e-06  6.406825210751472e-06
7.020000000000001e+00  2.087778211971020e-06  -4.116020207411458e-06  6.203798419382478e-06
7.030000000000001e+00  1.999393670335811e-06  -4.003314523846846e-06  6.002708194182658e-06
7.040000000000001e+00  1.912426539367381e-06  -3.891231533154699e-06  5.803658072522080e-06
7.050000000000001e+00  1.826910873753650e-06  -3.779835507405554e-06  5.606746381159205e-06
7.060000000000001e+00  1.742877899735841e-06  -3.669188418502079e-06  5.412066318237921e-06
7.070000000000001e+00  1.660356087541205e-06  -3.559349949946099e-06  5.219706037487304e-06
7.080000000000001e+00  1.579371224272923e-06  -3.450377510166663e-06  5.029748734439587e-06
7.090000000000001e+00  1.499946487165329e-06  -3.342326247378002e-06  4.842272734543331e-06
7.100000000000001e+00  1.422102517101402e-06  -3.235249065903306e-06  4.657351583004709e-06
7.110000000000001e+00  1.345857492284596e-06  -3.129196643926074e-06  4.475054136210669e-06
7.120000000000001e+00  1.271227201981126e-06  -3.024217452618736e-06  4.295444654599862e-06
7.130000000000001e+00  1.198225120227704e-06  -2.920357776611446e-06  4.118582896839150e-06
7.140000000000001e+00  1.126862479432125e-06  -2.817661735723890e-06  3.944524215156015e-06
7.150000000000001e+00  1.057148343771132e-06  -2.716171307947166e-06  3.773319651718298e-06
7.160000000000001e+00  9.890896822966606e-07  -2.615926353601058e-06  3.605016035897719e-06
7.170000000000001e+00  9.226914416962405e-07  -2.516964640629845e-06  3.439656082326086e-06
7.180000000000001e+00  8.579566186128129e-07  -2.419321870990328e-06  3.277278489603141e-06
7.190000000000001e+00  7.948863314492397e-07  -2.323031708060680e-06  3.117918039509920e-06
7.200000000000001e+00  7.334798916166486e-07  -2.228125805059011e-06  2.961605696675660e-06
7.210000000000001e+00  6.737348741284827e-07  -2.134633834390465e-06  2.808368708518948e-06
7.220000000000001e+00  6.156471875040240e-07  -2.042583517885652e-06  2.658230705389676e-06
7.230000000000001e+00  5.592111429101540e-07  -1.952000657890473e-06  2.511211800800627e-06
7.240000000000001e+00  5.044195224951626e-07  -1.862909169147537e-06  2.367328691642700e-06
7.250000000000001e+00  4.512636468506090e-07  -1.775331111419189e-06  2.226594758269798e-06
7.260000000000001e+00  3.997334415665748e-07  -1.689286722826546e-06  2.089020164393121e-06
7.270000000000001e+00  3.498175028258289e-07  -1.604794453826117e-06  1.954611956651946e-06
7.280000000000001e+00  3.015031620006564e-07  -1.521871001807570e-06  1.823374163808227e-06
7.290000000000001e+00  2.547765492055975e-07  -1.440531346248270e-06  1.695307895453867e-06
7.300000000000001e+00  2.096226557681685e-07  -1.360788784377845e-06  1.570411440146014e-06
7.310000000000001e+00  1.660253956047630e-07  -1.282654967329559e-06  1.448680362934322e-06
7.320000000000001e+00  1.239676654297366e-07  -1.206139936707590e-06  1.330107602137326e-06
7.330000000000001e+00  8.343140381811330e-08  -1.131252161547698e-06  1.214683565365811e-06
7.340000000000001e+00  4.439764905135573e-08  -1.057998575606508e-06  1.102396224657864e-06
7.350000000000001e+00  6.846595752003961e-09  -9.863846149723213e-07  9.932312107243252e-07
7.360000000000001e+00  -2.924234972179322e-08  -9.164142559150618e-07  8.871719061932686e-07
7.370000000000001e+00  -6.389051515143033e-08  -8.480900529661005e-07  7.841995378146701e-07
7.380000000000001e+00  -9.711990960265911e-08  -7.814131771723282e-07  6.842932675696691e-07
7.390000000000001e+00  -1.289531718607101e-07  -7.163834544949339e-07  5.874302826342238e-07
7.400000000000001e+00  -1.594135201728070e-07  -6.529994043073844e-07  4.935858841345775e-07
7.410000000000001e+00  -1.885247033020631e-07  -5.912582779589641e-07  4.027335746569011e-07
7.420000000000001e+00  -2.163109529027115e-07  -5.311560973718471e-07  3.148451444691357e-07
7.430000000000001e+00  -2.427969372166706e-07  -4.726876936253615e-07  2.298907564086910e-07
7.440000000000001e+00  -2.680077161055648e-07  -4.158467455099537e-07  1.478390294043889e-07
7.450000000000001e+00  -2.919686974203745e-07  -3.606258179954428e-07  6.865712057506831e-08
7.460000000000001e+00  -3.147055946897938e-07  -3.070164006063548e-07  -7.689194083439018e-09
7.470000000000001e+00  -3.362443861534284e-07  -2.550089456503086e-07  -8.123544050311982e-08
7.480000000000001e+00  -3.566112751207798e-07  -2.045929062808503e-07  -1.520183688399295e-07
7.490000000000001e+00  -3.758326516488456e-07  -1.557567743700203e-07  -2.200758772788254e-07
7.500000000000001e+00  -3.939350555462655e-07  -1.084881181418485e-07  -2.854469374044170e-07
7.510000000000001e+00  -4.109451406815093e-07  -6.277361955563151e-08  -3.481715211258778e-07
7.520000000000001e+00  -4.268896406062585e-07  -1.859911142608827e-08  -4.082905291801703e-07
7.530000000000001e+00  -4.417953354528917e-07  2.405038579139599e-08  -4.658457212442877e-07
7.540000000000001e+00  -4.556890201265546e-07  6.519062752529869e-08  -5.208796476518533e-07
7.550000000000001e+00  -4.685974737692939e-07  1.048381089822972e-07  -5.734355827515911e-07
7.560000000000001e+00  -4.805474304652675e-07  1.430100294020756e-07  -6.235574598673431e-07
7.570000000000001e+00  -4.915655512033171e-07  1.797242567282141e-07  -6.712898079315312e-07
7.580000000000001e+00  -5.016783970542997e-07  2.149992926974540e-07  -7.166776897517537e-07
7.590000000000001e+00  -5.109124035664517e-07  2.488542383589714e-07  -7.597666419254232e-07
7.600000000000001e+00  -5.192938563439831e-07  2.813087600676330e-07  -8.006026164116161e-07
7.610000000000001e+00  -5.268488678085160e-07  3.123830559489181e-07  -8.392319237574341e-07
7.620000000000001e+00  -5.336033551088562e-07  3.420978228597248e-07  -8.757011779685810e-07
7.630000000000001e+00  -5.395830191761505e-07  3.704742238614379e-07  -9.100572430375883e-07
7.640000000000001e+00  -5.448133248814976e-07  3.975338562274763e-07  -9.423471811089738e-07
7.650000000000001e+00  -5.493194823001544e-07  4.232987199799432e-07  -9.726182022800977e-07
7.660000000000001e+00  -5.531264290422222e-07  4.477911869979387e-07  -1.000917616040161e-06
7.670000000000001e+00  -5.562588136414799e-07  4.710339706828590e-07  -1.027292784324339e-06
7.680000000000001e+00  -5.587409799641780e-07  4.930500962096886e-07  -1.051791076173867e-06
7.690000000000001e+00  -5.605969526317435e-07  5.138628713726498e-07  -1.074459824004393e-06
7.700000000000001e+00  -5.618504234260522e-07  5.334958580280703e-07  -1.095346281454123e-06
7.710000000000001e+00  -5.625247386495962e-07  5.519728441561695e-07  -1.114497582805766e-06
7.720000000000001e+00  -5.626428874297942e-07  5.693178165346876e-07  -1.131960703964482e-06
7.730000000000001e+00  -5.622274909246513e-07  5.855549340506982e-07  -1.147782424975350e-06
7.740000000000001e+00  -5.613007924242422e-07  6.007085016396267e-07  -1.162009294063869e-06
7.750000000000001e+00  -5.598846483137951e-07  6.148029448729451e-07  -1.174687593186740e-06
7.760000000000001e+00  -5.580005198748172e-07  6.278627851871175e-07  -1.185863305061935e-06
7.770000000000001e+00  -5.556694658946240e-07  6.399126157707664e-07  -1.195582081665390e-06
7.780000000000001e+00  -5.529121360763760e-07  6.509770781012086e-07  -1.203889214177585e-06
7.790000000000001e+00  -5.497487652046725e-07  6.610808391462570e-07  -1.210829604350929e-06
7.800000000000001e+00  -5.461991680508384e-07  6.702485692232750e-07  -1.216447737274113e-06
7.810000000000001e+00  -5.422827350012369e-07  6.785049205238549e-07  -1.220787655525092e-06
7.820000000000001e+00  -5.380184283620641e-07  6.858745063006675e-07  -1.223892934662732e-06
7.830000000000001e+00  -5.334247793473761e-07  6.923818807255617e-07  -1.225806660072938e-06
7.840000000000001e+00  -5.285198856906312e-07  6.980515194028591e-07  -1.226571405093490e-06
7.850000000000001e+00  -5.233214098868872e-07  7.029078005526841e-07  -1.226229210439571e-06
7.860000000000001e+00  -5.178465780185874e-07  7.069749868555332e-07  -1.224821564874121e-06
7.870000000000001e+00  -5.121121791575560e-07  7.102772079554949e-07  -1.222389387113051e-06
7.880000000000001e+00  -5.061345653063775e-07  7.128384436197287e-07  -1.218973008926106e-06
7.890000000000001e+00  -4.999296518671137e-07  7.146825075554199e-07  -1.214612159422534e-06
7.900000000000001e+00  -4.935129186040392e-07  7.158330318716189e-07  -1.209345950475658e-06
7.910000000000001e+00  -4.868994110860622e-07  7.163134521881674e-07  -1.203212863274230e-06
7.920000000000001e+00  -4.801037425852739e-07  7.161469933891257e-07  -1.196250735974400e-06
7.930000000000001e+00  -4.731400963969823e-07  7.153566560015191e-07  -1.188496752398501e-06
7.940000000000001e+00  -4.660222285826148e-07  7.139652032121453e-07  -1.179987431794760e-06
7.950000000000001e+00  -4.587634710920306e-07  7.119951484967026e-07  -1.170758619588733e-06
7.960000000000001e+00  -4.513767352600828e-07  7.094687438770478e-07  -1.160845479137131e-06
7.970000000000001e+00  -4.438745156436948e-07  7.064079687713866e-07  -1.150282484415082e-06
7.980000000000001e+00  -4.362688941904860e-07  7.028345194525016e-07  -1.139103413642988e-06
7.990000000000001e+00  -4.285715447162900e-07  6.987697990987129e-07  -1.127341343815003e-06
8.000000000000002e+00  -4.207937376652388e-07  6.942349084237533e-07  -1.115028646088992e-06
8.010000000000002e+00  -4.129463451474049e-07  6.892506368748095e-07  -1.102196982022214e-06
8.020000000000001e+00  -4.050398462149822e-07  6.838374544166324e-07  -1.088877300631615e-06
8.030000000000001e+00  -3.970843323883613e-07  6.780155038420517e-07  -1.075099836230413e-06
8.040000000000003e+00  -3.890895133851867e-07  6.718045936473025e-07  -1.060894107032489e-06
8.050000000000002e+00  -3.810647230548791e-07  6.652241914373742e-07  -1.046288914492253e-06
8.060000000000002e+00  -3.730189254933836e-07  6.582934178523857e-07  -1.031312343345769e-06
8.070000000000002e+00  -3.649607213287071e-07  6.510310410130486e-07  -1.015991762341756e-06
8.080000000000002e+00  -3.568983541524058e-07  6.434554714638031e-07  -1.000353825616209e-06
8.090000000000002e+00  -3.488397170930034e-07  6.355847576127977e-07  -9.844244747058011e-07
8.100000000000001e+00  -3.407923595115603e-07  6.274365816503453e-07  -9.682289411619056e-07
8.110000000000001e+00  -3.327634938003279e-07  6.190282559365405e-07  -9.517917497368684e-07
8.120000000000003e+00  -3.247600022860976e-07  6.103767198469197e-07  -9.351367221330174e-07
8.130000000000003e+00  -3.167884442039319e-07  6.014985370674755e-07  -9.182869812714073e-07
8.140000000000002e+00  -3.088550627530780e-07  5.924098933198370e-07  -9.012649560729150e-07
8.150000000000002e+00  -3.009657922022817e-07  5.831265945136391e-07  -8.840923867159208e-07
8.160000000000002e+00  -2.931262650435224e-07  5.736640653050368e-07  -8.667903303485591e-07
8.170000000000002e+00  -2.853418191847416e-07  5.640373480641170e-07  -8.493791672488586e-07
8.180000000000001e+00  -2.776175051609440e-07  5.542611022162692e-07  -8.318786073772132e-07
8.190000000000001e+00  -2.699580933667705e-07  5.443496039726000e-07  -8.143076973393706e-07
8.200000000000001e+00  -2.623680812903592e-07  5.343167464175086e-07  -7.966848277078678e-07
8.210000000000003e+00  -2.548517007431038e-07  5.241760399450910e-07  -7.790277406881948e-07
8.220000000000002e+00  -2.474129250789066e-07  5.139406130469813e-07  -7.613535381258880e-07
8.230000000000002e+00  -2.400554763878803e-07  5.036232134156872e-07  -7.436786898035675e-07
8.240000000000002e+00  -2.327828326677723e-07  4.932362093742187e-07  -7.260190420419910e-07
8.250000000000002e+00  -2.255982349515148e-07  4.827915916072186e-07  -7.083898265587334e-07
8.260000000000002e+00  -2.185046943936793e-07  4.723009751843992e-07  -6.908056695780785e-07
8.270000000000001e+00  -2.115049993078100e-07  4.617756018715610e-07  -6.732806011793711e-07
8.280000000000001e+00  -2.046017221443271e-07  4.512263427064630e-07  -6.558280648507900e-07
8.290000000000003e+00  -1.977972264046076e-07  4.406637008369266e-07  -6.384609272415342e-07
8.300000000000002e+00  -1.910936734878952e-07  4.300978146096715e-07  -6.211914880975667e-07
8.310000000000002e+00  -1.844930294664860e-07  4.195384608927199e-07  -6.040314903592059e-07
8.320000000000002e+00  -1.779970717735324e-07  4.089950586283202e-07  -5.869921304018526e-07
8.330000000000002e+00  -1.716073958128337e-07  3.984766725988955e-07  -5.700840684117292e-07
8.340000000000002e+00  -1.653254214832223e-07  3.879920173947294e-07  -5.533174388779517e-07
8.350000000000001e+00  -1.591523995980122e-07  3.775494615939649e-07  -5.367018611919771e-07
8.360000000000001e+00  -1.530894182226202e-07  3.671570321018051e-07  -5.202464503244253e-07
8.370000000000003e+00  -1.471374089030802e-07  3.568224186828072e-07  -5.039598275858873e-07
8.380000000000003e+00  -1.412971527944632e-07  3.465529786509378e-07  -4.878501314454011e-07
8.390000000000002e+00  -1.355692866814650e-07  3.363557417150044e-07  -4.719250283964694e-07
8.400000000000002e+00  -1.299543088926107e-07  3.262374149701157e-07  -4.561917238627264e-07
8.410000000000002e+00  -1.244525851016960e-07  3.162043880226271e-07  -4.406569731243231e-07
8.420000000000002e+00  -1.190643540136193e-07  3.062627382436636e-07  -4.253270922572829e-07
8.430000000000001e+00  -1.137897329396057e-07  2.964182361364821e-07  -4.102079690760878e-07
8.440000000000001e+00  -1.086287232514348e-07  2.866763508179020e-07  -3.953050740693367e-07
8.450000000000001e+00  -1.035812157163327e-07  2.770422555898360e-07  -3.806234713061687e-07
8.460000000000003e+00  -9.864699571485149e-08  2.675208336109138e-07  -3.661678293257653e-07
8.470000000000002e+00  -9.382574833529083e-08  2.581166836436660e-07  -3.519424319789568e-07
8.480000000000002e+00  -8.911706334534533e-08  2.488341258787418e-07  -3.379511892240871e-07
8.490000000000002e+00  -8.452044004409292e-08  2.396772078237308e-07  -3.241976478678237e-07
8.500000000000002e+00  -8.003529198663193e-08  2.306497102514435e-07  -3.106850022380755e-07
8.510000000000002e+00  -7.566095158912633e-08  2.217551531938934e-07  -2.974161047830198e-07
8.520000000000001e+00  -7.139667460465345e-08  2.129968019881243e-07  -2.843934765927778e-07
8.530000000000001e+00  -6.724164448164159e-08  2.043776733462616e-07  -2.716193178279032e-07
8.540000000000003e+00  -6.319497659271980e-08  1.959005414612577e-07  -2.590955180539775e-07
8.550000000000002e+00  -5.925572234425749e-08  1.875679441317704e-07  -2.468236664760279e-07
8.560000000000002e+00  -5.542287316232761e-08  1.793821889004279e-07  -2.348050620627555e-07
8.570000000000002e+00  -5.169536435379728e-08  1.713453592013208e-07  -2.230407235551180e-07
8.580000000000002e+00  -4.807207884996082e-08  1.634593205089253e-07  -2.115313993588861e-07
8.590000000000002e+00  -4.455185082569712e-08  1.557257264817912e-07  -2.002775773074883e-07
8.600000000000001e+00  -4.113346920338084e-08  1.481460250930308e-07  -1.892794942964116e-07
8.610000000000001e+00  -3.781568103504501e-08  1.407214647513695e-07  -1.785371457864145e-07
8.620000000000003e+00  -3.459719476837395e-08  1.334531003918387e-07  -1.680502951602127e-07
8.630000000000003e+00  -3.147668339926562e-08  1.263417995435713e-07  -1.578184829428370e-07
8.640000000000002e+00  -2.845278750659543e-08  1.193882483636509e-07  -1.478410358702463e-07
8.650000000000002e+00  -2.552411817726165e-08  1.125929576330394e-07  -1.381170758103011e-07
8.660000000000002e+00  -2.268925982044109e-08  1.059562687128098e-07  -1.286455285332509e-07
8.670000000000002e+00  -1.994677287173498e-08  9.947835944576990e-08  -1.194251323175049e-07
8.680000000000001e+00  -1.729519638931885e-08  9.315925001486643e-08  -1.104544464041853e-07
8.690000000000001e+00  -1.473305054742466e-08  8.699880874181236e-08  -1.017318592892370e-07
8.700000000000003e+00  -1.225883902556345e-08  8.099675782468185e-08  -9.325559685024531e-08
8.710000000000003e+00  -9.871051295823981e-09  7.515267901499924e-08  -8.502373031082322e-08
8.720000000000002e+00  -7.568164813451767e-09  6.946601922541366e-08  -7.703418403886542e-08
8.730000000000002e+00  -5.348647105908515e-09  6.393609606643681e-08  -6.928474317234533e-08
8.740000000000002e+00  -3.210957776292415e-09  5.856210331177775e-08  -6.177306108807016e-08
8.750000000000002e+00  -1.153550403851433e-09  5.334311628469677e-08  -5.449666668854821e-08
8.760000000000002e+00  8.251256372911193e-10  4.827809716356759e-08  -4.745297152627647e-08
8.770000000000001e+00  2.726623451134929e-09  4.336590020805878e-08  -4.063927675692385e-08
8.780000000000001e+00  4.552496974763207e-09  3.860527690002450e-08  -3.405277992526130e-08
8.790000000000003e+00  6.304299420787501e-09  3.399488099219200e-08  -2.769058157140450e-08
8.800000000000002e+00  7.983581794890323e-09  2.953327347677987e-08  -2.154969168188954e-08
8.810000000000002e+00  9.591891496109071e-09  2.521892745433365e-08  -1.562703595822458e-08
8.820000000000002e+00  1.113077098899814e-08  2.105023291480191e-08  -9.919461925803766e-09
8.830000000000002e+00  1.260175655215680e-08  1.702550142345696e-08  -4.423744871300152e-09
8.840000000000002e+00  1.400637709505135e-08  1.314297070804078e-08  8.634063870105741e-10
8.850000000000001e+00  1.534615304676566e-08  9.400809154622498e-09  5.945343892143164e-09
8.860000000000001e+00  1.662259530661206e-08  5.797120199447616e-09  1.082547510716444e-08
8.870000000000003e+00  1.783720426170463e-08  2.329946626002126e-09  1.550725763570250e-08
8.880000000000003e+00  1.899146886736891e-08  -1.002725240183050e-09  1.999419410755196e-08
8.890000000000002e+00  2.008686578086213e-08  -4.202961433116090e-09  2.428982721397822e-08
8.900000000000002e+00  2.112485856246482e-08  -7.272876355326706e-09  2.839773491779153e-08
8.910000000000002e+00  2.210689692072581e-08  -1.021462888204927e-08  3.232152580277508e-08
8.920000000000002e+00  2.303441601836512e-08  -1.303041856750354e-08  3.606483458586865e-08
8.930000000000001e+00  2.390883582556237e-08  -1.572248195661039e-08  3.963131778217277e-08
8.940000000000001e+00  2.473156052362859e-08  -1.829308899286660e-08  4.302464951649519e-08
8.950000000000003e+00  2.550397795375819e-08  -2.074453953085792e-08  4.624851748461611e-08
8.960000000000003e+00  2.622745911249617e-08  -2.307915994771111e-08  4.930661906020728e-08
8.970000000000002e+00  2.690335768963724e-08  -2.529929985645479e-08  5.220265754609203e-08
8.980000000000002e+00  2.753300964741111e-08  -2.740732891975596e-08  5.494033856716708e-08
8.990000000000002e+00  2.811773283788033e-08  -2.940563376069602e-08  5.752336659857636e-08
9.000000000000002e+00  2.865882666050588e-08  -3.129661497549704e-08  5.995544163600292e-08
9.010000000000002e+00  2.915757175596322e-08  -3.308268424017056e-08  6.224025599613378e-08
9.020000000000001e+00  2.961522972698374e-08  -3.476626152411111e-08  6.438149125109485e-08
9.030000000000001e+00  3.003304290512932e-08  -3.634977238698495e-08  6.638281529211428e-08
9.040000000000003e+00  3.041223413763521e-08  -3.783564537940283e-08  6.824787951703804e-08
9.050000000000002e+00  3.075400661047830e-08  -3.922630954002459e-08  6.998031615050290e-08
9.060000000000002e+00  3.105954369680568e-08  -4.052419197709841e-08  7.158373567390409e-08
9.070000000000002e+00  3.133000883325848e-08  -4.173171555433036e-08  7.306172438758884e-08
9.080000000000002e+00  3.156654542584115e-08  -4.285129665769259e-08  7.441784208353375e-08
9.090000000000002e+00  3.177027677249122e-08  -4.388534305817960e-08  7.565561983067082e-08
9.100000000000001e+00  3.194230601815608e-08  -4.483625186324280e-08  7.677855788139888e-08
9.110000000000001e+00  3.208371612469658e-08  -4.570640755276795e-08  7.779012367746453e-08
9.120000000000003e+00  3.219556986808551e-08  -4.649818010341425e-08  7.869374997149976e-08
9.130000000000003e+00  3.227890984933912e-08  -4.721392320077735e-08  7.949283305011646e-08
9.140000000000002e+00  3.233475853038028e-08  -4.785597252810620e-08  8.019073105848647e-08
9.150000000000002e+00  3.236411828309959e-08  -4.842664414550887e-08  8.079076242860846e-08
9.160000000000002e+00  3.236797146050686e-08  -4.892823294356299e-08  8.129620440406986e-08
9.170000000000002e+00  3.234728047808518e-08  -4.936301118094296e-08  8.171029165902814e-08
9.180000000000001e+00  3.230298791431144e-08  -4.973322709641733e-08  8.203621501072878e-08
9.190000000000001e+00  3.223601662489048e-08  -5.004110360086662e-08  8.227712022575710e-08
9.200000000000003e+00  3.214726987021963e-08  -5.028883704124086e-08  8.243610691146050e-08
9.210000000000003e+00  3.203763145316038e-08  -5.047859604197474e-08  8.251622749513512e-08
9.220000000000002e+00  3.190796587316666e-08  -5.061252041226789e-08  8.252048628543456e-08
9.230000000000002e+00  3.175911848542090e-08  -5.069272013210648e-08  8.245183861752738e-08
9.240000000000002e+00  3.159191567930929e-08  -5.072127440085641e-08  8.231319008016569e-08
9.250000000000002e+00  3.140716505377916e-08  -5.070023075557752e-08  8.210739580935668e-08
9.260000000000002e+00  3.120565561374287e-08  -5.063160425500902e-08  8.183725986875188e-08
9.270000000000001e+00  3.098815796613667e-08  -5.051737673110019e-08  8.150553469723686e-08
9.280000000000001e+00  3.075542452904362e-08  -5.035949609747755e-08  8.111492062652118e-08
9.290000000000003e+00  3.050818974276292e-08  -5.015987572335483e-08  8.066806546611775e-08
9.300000000000002e+00  3.024717029007093e-08  -4.992039386735952e-08  8.016756415743046e-08
9.310000000000002e+00  2.997306532214067e-08  -4.964289316580291e-08  7.961595848794357e-08
9.320000000000002e+00  2.968655668714779e-08  -4.932918018277048e-08  7.901573686991827e-08
9.330000000000002e+00  2.938830916391463e-08  -4.898102501055195e-08  7.836933417446658e-08
9.340000000000002e+00  2.907897070429460e-08  -4.860016092369676e-08  7.767913162799135e-08
9.350000000000001e+00  2.875917266517701e-08  -4.818828409130117e-08  7.694745675647818e-08
9.360000000000001e+00  2.842953006252880e-08  -4.774705333018673e-08  7.617658339271553e-08
9.370000000000003e+00  2.809064181013481e-08  -4.727808991117522e-08  7.536873172131004e-08
9.380000000000003e+00  2.774309096923609e-08  -4.678297741337295e-08  7.452606838260904e-08
9.390000000000002e+00  2.738744499835506e-08  -4.626326162117893e-08  7.365070661953400e-08
9.400000000000002e+00  2.702425600095058e-08  -4.572045046730622e-08  7.274470646825681e-08
9.410000000000002e+00  2.665406097506425e-08  -4.515601401605894e-08  7.181007499112319e-08
9.420000000000002e+00  2.627738206467794e-08  -4.457138448790419e-08  7.084876655258214e-08
9.430000000000001e+00  2.589472680638546e-08  -4.396795632269330e-08  6.986268312907877e-08
9.440000000000001e+00  2.550658837870454e-08  -4.334708628190604e-08  6.885367466061058e-08
9.450000000000003e+00  2.511344584894347e-08  -4.271009358314348e-08  6.782353943208695e-08
9.460000000000003e+00  2.471576441748523e-08  -4.205826007213842e-08  6.677402448962364e-08
9.470000000000002e+00  2.431399566288095e-08  -4.139283042716702e-08  6.570682609004796e-08
9.480000000000002e+00  2.390857778135334e-08  -4.071501239138441e-08  6.462359017273774e-08
9.490000000000002e+00  2.349993582663725e-08  -4.002597703928785e-08  6.352591286592510e-08
9.500000000000002e+00  2.308848194605623e-08  -3.932685906809967e-08  6.241534101415589e-08
9.510000000000002e+00  2.267461561482695e-08  -3.861875711701028e-08  6.129337273183724e-08
9.520000000000001e+00  2.225872386512025e-08  -3.790273411162017e-08  6.016145797674042e-08
9.530000000000001e+00  2.184118151390897e-08  -3.717981763090035e-08  5.902099914480931e-08
9.540000000000003e+00  2.142235138852436e-08  -3.645100029915791e-08  5.787335168768227e-08
9.550000000000002e+00  2.100258454526229e-08  -3.571724019663941e-08  5.671982474190170e-08
9.560000000000002e+00  2.058222048839204e-08  -3.497946128925113e-08  5.556168177764316e-08
9.570000000000002e+00  2.016158738349314e-08  -3.423855387914171e-08  5.440014126263485e-08
9.580000000000002e+00  1.974100226676681e-08  -3.349537507042423e-08  5.323637733719105e-08
9.590000000000002e+00  1.932077125467197e-08  -3.275074925094210e-08  5.207152050561407e-08
9.600000000000001e+00  1.890118974336414e-08  -3.200546858768988e-08  5.090665833105402e-08
9.610000000000001e+00  1.848254261183980e-08  -3.126029353681270e-08  4.974283614865250e-08
9.620000000000003e+00  1.806510441592723e-08  -3.051595336697132e-08  4.858105778289854e-08
9.630000000000003e+00  1.764913958249056e-08  -2.977314668819784e-08  4.742228627068840e-08
9.640000000000002e+00  1.723490259840989e-08  -2.903254199751731e-08  4.626744459592721e-08
9.650000000000002e+00  1.682263819717575e-08  -2.829477822960829e-08  4.511741642678404e-08
9.660000000000002e+00  1.641258154176486e-08  -2.756046531473758e-08  4.397304685650244e-08
9.670000000000002e+00  1.600495840468789e-08  -2.683018474531678e-08  4.283514315000467e-08
9.680000000000001e+00  1.559998534530788e-08  -2.610449014962608e-08  4.170447549493397e-08
9.690000000000001e+00  1.519786988495676e-08  -2.538390786525395e-08  4.058177775021071e-08
9.700000000000003e+00  1.479881067757857e-08  -2.466893752357370e-08  3.946774820115226e-08
9.710000000000003e+00  1.440299767990651e-08  -2.396005263250573e-08  3.836305031241224e-08
9.720000000000002e+00  1.401061231758837e-08  -2.325770116394882e-08  3.726831348153719e-08
9.730000000000002e+00  1.362182764999789e-08  -2.256230614237318e-08  3.618413379237106e-08
9.740000000000002e+00  1.323680853432346e-08  -2.187426623683266e-08  3.511107477115613e-08
9.750000000000002e+00  1.285571178321050e-08  -2.119395634769815e-08  3.404966813090864e-08
9.760000000000002e+00  1.247868632679600e-08  -2.052172820146108e-08  3.300041452825708e-08
9.770000000000001e+00  1.210587336776536e-08  -1.985791093802152e-08  3.196378430578688e-08
9.780000000000001e+00  1.173740653730689e-08  -1.920281169908371e-08  3.094021823639060e-08
9.790000000000003e+00  1.137341204979030e-08  -1.855671621501542e-08  2.993012826480573e-08
9.800000000000002e+00  1.101400885633448e-08  -1.791988938988011e-08  2.893389824621459e-08
9.810000000000002e+00  1.065930879436229e-08  -1.729257588218500e-08  2.795188467654729e-08
9.820000000000002e+00  1.030941674023062e-08  -1.667500068292832e-08  2.698441742315894e-08
9.830000000000002e+00  9.964430758405947e-09  -1.606736969034128e-08  2.603180044874722e-08
9.840000000000002e+00  9.624442248225144e-09  -1.546987028206246e-08  2.509431253028761e-08
9.850000000000001e+00  9.289536094965835e-09  -1.488267187692232e-08  2.417220797188815e-08
9.860000000000001e+00  8.959790814317575e-09  -1.430592650194546e-08  2.326571731626304e-08
9.870000000000003e+00  8.635278698763165e-09  -1.373976934420975e-08  2.237504804297292e-08
9.880000000000003e+00  8.316065964505858e-09  -1.318431930466397e-08  2.150038526916983e-08
9.890000000000002e+00  8.002212894091860e-09  -1.263967954151577e-08  2.064189243560763e-08
9.900000000000002e+00  7.693773981450222e-09  -1.210593801045423e-08  1.979971199190445e-08
9.910000000000002e+00  7.390798076125673e-09  -1.158316799883268e-08  1.897396607495835e-08
9.920000000000002e+00  7.093328523477191e-09  -1.107142864957537e-08  1.816475717305256e-08
9.930000000000001e+00  6.801403308425323e-09  -1.057076548503054e-08  1.737216879345586e-08
9.940000000000001e+00  6.515055194882847e-09  -1.008121091709964e-08  1.659626611198248e-08
9.950000000000003e+00  6.234311867548217e-09  -9.602784755745755e-09  1.583709662329397e-08
9.960000000000003e+00  5.959196069161089e-09  -9.135494706425815e-09  1.509469077558690e-08
9.970000000000002e+00  5.689725740318320e-09  -8.679336862042210e-09  1.436906260236053e-08
9.980000000000002e+00  5.425914156133835e-09  -8.234296187915276e-09  1.366021034404911e-08
9.990000000000002e+00  5.167770062373339e-09  -7.800346996207842e-09  1.296811705858118e-08
