1.000000000000000e-15  1.000016519477818e+00  1.000015837592390e+00  6.818854279000419e-07
1.000000000000100e-02  9.998884616981792e-01  9.998765875033345e-01  1.187419484471874e-05
2.000000000000100e-02  9.995043715714955e-01  9.994589362720112e-01  4.543529948430880e-05
3.000000000000100e-02  9.988644986515759e-01  9.987631808954013e-01  1.013177561746126e-04
4.000000000000100e-02  9.979692585852833e-01  9.977898160000690e-01  1.794425852142956e-04
5.000000000000100e-02  9.968192326986761e-01  9.965395332902187e-01  2.796994084574012e-04
6.000000000000100e-02  9.954151674184347e-01  9.950132207761473e-01  4.019466422874318e-04
7.000000000000101e-02  9.937579735293033e-01  9.932119617843692e-01  5.460117449340718e-04
8.000000000000100e-02  9.918487252686304e-01  9.911370337509831e-01  7.116915176473837e-04
9.000000000000100e-02  9.896886592591759e-01  9.887899068001301e-01  8.987524590458040e-04
1.000000000000010e-01  9.872791732817040e-01  9.861722421098246e-01  1.106931171879433e-03
1.100000000000010e-01  9.846218248889708e-01  9.832858900677690e-01  1.335934821201756e-03
1.200000000000010e-01  9.817183298630765e-01  9.801328882199551e-01  1.585441643121355e-03
1.300000000000010e-01  9.785705605181944e-01  9.767154590153613e-01  1.855101502833079e-03
1.400000000000010e-01  9.751805438510328e-01  9.730360073502198e-01  2.144536500813032e-03
1.500000000000010e-01  9.715504595415245e-01  9.690971179157339e-01  2.453341625790584e-03
1.600000000000010e-01  9.676826378064547e-01  9.649015523533495e-01  2.781085453105181e-03
1.700000000000010e-01  9.635795571089092e-01  9.604522462220022e-01  3.127310886906987e-03
1.800000000000010e-01  9.592438417266234e-01  9.557523057820784e-01  3.491535944544988e-03
1.900000000000010e-01  9.546782591825334e-01  9.508050046009955e-01  3.873254581537866e-03
2.000000000000010e-01  9.498857175409314e-01  9.456137799857077e-01  4.271937555223704e-03
2.100000000000010e-01  9.448692625728764e-01  9.401822292475300e-01  4.687033325346368e-03
2.200000000000010e-01  9.396320747945961e-01  9.345141058050720e-01  5.117968989524102e-03
2.300000000000010e-01  9.341774663828462e-01  9.286133151311377e-01  5.564151251708505e-03
2.400000000000010e-01  9.285088779712989e-01  9.224839105498014e-01  6.024967421497496e-03
2.500000000000010e-01  9.226298753321794e-01  9.161300888899634e-01  6.499786442216049e-03
2.600000000000010e-01  9.165441459475204e-01  9.095561860019248e-01  6.987959945595645e-03
2.700000000000010e-01  9.102554954745340e-01  9.027666721436973e-01  7.488823330836669e-03
2.800000000000010e-01  9.037678441096852e-01  8.957661472438988e-01  8.001696865786445e-03
2.900000000000010e-01  8.970852228561833e-01  8.885593360482188e-01  8.525886807964511e-03
3.000000000000010e-01  8.902117696997853e-01  8.811510831566449e-01  9.060686543140406e-03
3.100000000000010e-01  8.831517256977305e-01  8.735463479586356e-01  9.605377739094867e-03
3.200000000000010e-01  8.759094309858714e-01  8.657501994736657e-01  1.015923151220566e-02
3.300000000000010e-01  8.684893207091017e-01  8.577678111045164e-01  1.072150960458529e-02
3.400000000000010e-01  8.608959208802121e-01  8.496044553108877e-01  1.129146556932437e-02
3.500000000000010e-01  8.531338441723728e-01  8.412654982109017e-01  1.186834596147113e-02
3.600000000000010e-01  8.452077856505561e-01  8.327563941180631e-01  1.245139153249297e-02
3.700000000000010e-01  8.371225184472328e-01  8.240826800214307e-01  1.303983842580214e-02
3.800000000000010e-01  8.288828893876113e-01  8.152499700165697e-01  1.363291937104161e-02
3.900000000000010e-01  8.204938145698877e-01  8.062639496950363e-01  1.422986487485134e-02
4.000000000000010e-01  8.119602749058673e-01  7.971303705000155e-01  1.482990440585186e-02
4.100000000000010e-01  8.032873116273928e-01  7.878550440557542e-01  1.543226757163851e-02
4.200000000000010e-01  7.944800217639448e-01  7.784438364784276e-01  1.603618528551720e-02
4.300000000000010e-01  7.855435535968895e-01  7.689026626759361e-01  1.664089092095344e-02
4.400000000000010e-01  7.764831020957128e-01  7.592374806441383e-01  1.724562145157449e-02
4.500000000000010e-01  7.673039043416552e-01  7.494542857669775e-01  1.784961857467771e-02
4.600000000000010e-01  7.580112349440431e-01  7.395591051277310e-01  1.845212981631206e-02
4.700000000000010e-01  7.486104014546718e-01  7.295579918386882e-01  1.905240961598365e-02
4.800000000000010e-01  7.391067397854550e-01  7.194570193963160e-01  1.964972038913904e-02
4.900000000000010e-01  7.295056096345787e-01  7.092622760689319e-01  2.024333356564678e-02
5.000000000000010e-01  7.198123899262806e-01  6.989798593236914e-01  2.083253060258916e-02
5.100000000000010e-01  7.100324742693637e-01  6.886158702996698e-01  2.141660396969391e-02
5.200000000000010e-01  7.001712664393948e-01  6.781764083335144e-01  2.199485810588031e-02
5.300000000000010e-01  6.902341758895878e-01  6.676675655441352e-01  2.256661034545260e-02
5.400000000000010e-01  6.802266132951288e-01  6.570954214825997e-01  2.313119181252909e-02
5.500000000000010e-01  6.701539861357524e-01  6.464660378533253e-01  2.368794828242704e-02
5.600000000000011e-01  6.600216943211622e-01  6.357854533123710e-01  2.423624100879118e-02
5.700000000000011e-01  6.498351258638649e-01  6.250596783485558e-01  2.477544751530913e-02
5.800000000000010e-01  6.395996526038512e-01  6.142946902528114e-01  2.530496235103985e-02
5.900000000000010e-01  6.293206259893847e-01  6.034964281810542e-01  2.582419780833045e-02
6.000000000000010e-01  6.190033729181840e-01  5.926707883156100e-01  2.633258460257393e-02
6.100000000000010e-01  6.086531916429598e-01  5.818236191300208e-01  2.682957251293905e-02
6.200000000000010e-01  5.982753477453352e-01  5.709607167618386e-01  2.731463098349662e-02
6.300000000000010e-01  5.878750701818953e-01  5.600878204977791e-01  2.778724968411628e-02
6.400000000000010e-01  5.774575474060655e-01  5.492106083753646e-01  2.824693903070086e-02
6.500000000000010e-01  5.670279235693360e-01  5.383346929050306e-01  2.869323066430540e-02
6.600000000000010e-01  5.565912948052171e-01  5.274656169163012e-01  2.912567788891585e-02
6.700000000000010e-01  5.461527055991664e-01  5.166088495315269e-01  2.954385606763954e-02
6.800000000000010e-01  5.357171452475609e-01  5.057697822703694e-01  2.994736297719147e-02
6.900000000000011e-01  5.252895444086836e-01  4.949537252880028e-01  3.033581912068078e-02
7.000000000000011e-01  5.148747717484661e-01  4.841659037497651e-01  3.070886799870093e-02
7.100000000000010e-01  5.044776306836586e-01  4.734114543447250e-01  3.106617633893355e-02
7.200000000000010e-01  4.941028562248582e-01  4.626954219404241e-01  3.140743428443410e-02
7.300000000000010e-01  4.837551119217355e-01  4.520227563808141e-01  3.173235554092146e-02
7.400000000000010e-01  4.734389869126074e-01  4.413983094291271e-01  3.204067748348033e-02
7.500000000000010e-01  4.631589930803409e-01  4.308268318572351e-01  3.233216122310578e-02
7.600000000000010e-01  4.529195623164434e-01  4.203129706828153e-01  3.260659163362806e-02
7.700000000000010e-01  4.427250438949824e-01  4.098612665553439e-01  3.286377733963847e-02
7.800000000000010e-01  4.325797019578890e-01  3.994761512918161e-01  3.310355066607296e-02
7.900000000000010e-01  4.224877131129652e-01  3.891619455627671e-01  3.332576755019817e-02
8.000000000000010e-01  4.124531641458009e-01  3.789228567290262e-01  3.353030741677465e-02
8.100000000000011e-01  4.024800498466568e-01  3.687629768293420e-01  3.371707301731475e-02
8.200000000000011e-01  3.925722709531594e-01  3.586862807188957e-01  3.388599023426375e-02
8.300000000000011e-01  3.827336322095620e-01  3.486966243584172e-01  3.403700785114477e-02
8.400000000000010e-01  3.729678405431231e-01  3.387977432534754e-01  3.417009728964765e-02
8.500000000000010e-01  3.632785033580285e-01  3.289932510433120e-01  3.428525231471646e-02
8.600000000000010e-01  3.536691269471200e-01  3.192866382383500e-01  3.438248870877003e-02
8.700000000000010e-01  3.441431150215422e-01  3.096812711053779e-01  3.446184391616430e-02
8.800000000000010e-01  3.347037673582890e-01  3.001803906991889e-01  3.452337665910010e-02
8.900000000000010e-01  3.253542785654621e-01  2.907871120392868e-01  3.456716652617536e-02
9.000000000000010e-01  3.160977369649427e-01  2.815044234301104e-01  3.459331353483230e-02
9.100000000000010e-01  3.069371235920066e-01  2.723351859230523e-01  3.460193766895431e-02
9.200000000000010e-01  2.978753113113018e-01  2.632821329183880e-01  3.459317839291387e-02
9.300000000000010e-01  2.889150640484640e-01  2.543478699050977e-01  3.456719414336634e-02
9.400000000000011e-01  2.800590361365192e-01  2.455348743363746e-01  3.452416180014459e-02
9.500000000000011e-01  2.713097717760845e-01  2.368454956385542e-01  3.446427613753023e-02
9.600000000000010e-01  2.626697046082870e-01  2.282819553509548e-01  3.438774925733221e-02
9.700000000000010e-01  2.541411573991570e-01  2.198463473941084e-01  3.429481000504864e-02
9.800000000000010e-01  2.457263418341706e-01  2.115406384636536e-01  3.418570337051705e-02
9.900000000000010e-01  2.374273584214965e-01  2.033666685471063e-01  3.406068987439018e-02
1.000000000000001e+00  2.292461965023852e-01  1.953261515605782e-01  3.392004494180706e-02
1.010000000000001e+00  2.211847343670328e-01  1.874206761024522e-01  3.376405826458068e-02
1.020000000000001e+00  2.132447394741819e-01  1.796517063208980e-01  3.359303315328385e-02
1.030000000000001e+00  2.054278687725753e-01  1.720205828920441e-01  3.340728588053124e-02
1.040000000000001e+00  1.977356691223330e-01  1.645285241055378e-01  3.320714501679517e-02
1.050000000000001e+00  1.901695778142120e-01  1.571766270541588e-01  3.299295076005321e-02
1.060000000000001e+00  1.827309231846200e-01  1.499658689240737e-01  3.276505426054629e-02
1.070000000000001e+00  1.754209253241943e-01  1.428971083822686e-01  3.252381694192569e-02
1.080000000000001e+00  1.682406968776725e-01  1.359710870576454e-01  3.226960982002713e-02
1.090000000000001e+00  1.611912439326931e-01  1.291884311122144e-01  3.200281282047868e-02
1.100000000000001e+00  1.542734669951369e-01  1.225496528987765e-01  3.172381409636038e-02
1.110000000000001e+00  1.474881620485162e-01  1.160551527014562e-01  3.143300934706002e-02
1.120000000000001e+00  1.408360216948929e-01  1.097052205554232e-01  3.113080113946973e-02
1.130000000000001e+00  1.343176363747296e-01  1.035000381420994e-01  3.081759823263021e-02
1.140000000000001e+00  1.279334956630500e-01  9.743968075615873e-02  3.049381490689131e-02
1.150000000000001e+00  1.216839896392157e-01  9.152411934058566e-02  3.015987029863008e-02
1.160000000000001e+00  1.155694103276109e-01  8.575322258608439e-02  2.981618774152646e-02
1.170000000000001e+00  1.095899532064713e-01  8.012675909109744e-02  2.946319411537383e-02
1.180000000000001e+00  1.037457187820673e-01  7.464439957872802e-02  2.910131920333923e-02
1.190000000000001e+00  9.803671422542949e-02  6.930571916684464e-02  2.873099505858485e-02
1.200000000000001e+00  9.246285506877031e-02  6.411019968768158e-02  2.835265538108872e-02
1.210000000000001e+00  8.702396695873653e-02  5.905723205325189e-02  2.796673490548464e-02
1.220000000000001e+00  8.171978746362800e-02  5.414611866293190e-02  2.757366880069610e-02
1.230000000000001e+00  7.654996793167992e-02  4.937607584957868e-02  2.717389208210125e-02
1.240000000000001e+00  7.151407539751733e-02  4.474623636060761e-02  2.676783903690973e-02
1.250000000000001e+00  6.661159453388085e-02  4.025565187046461e-02  2.635594266341625e-02
1.260000000000001e+00  6.184192964571956e-02  3.590329552098779e-02  2.593863412473178e-02
1.270000000000001e+00  5.720440670375120e-02  3.168806448618799e-02  2.551634221756321e-02
1.280000000000001e+00  5.269827541460298e-02  2.760878255803053e-02  2.508949285657245e-02
1.290000000000001e+00  4.832271132464258e-02  2.366420274985394e-02  2.465850857478864e-02
1.300000000000001e+00  4.407681795464240e-02  1.985300991410738e-02  2.422380804053502e-02
1.310000000000001e+00  3.995962896241703e-02  1.617382337116192e-02  2.378580559125510e-02
1.320000000000001e+00  3.597011033061109e-02  1.262519954599552e-02  2.334491078461557e-02
1.330000000000001e+00  3.210716257682558e-02  9.205634609628909e-03  2.290152796719667e-02
1.340000000000001e+00  2.836962298330991e-02  5.913567122249081e-03  2.245605586106083e-02
1.350000000000001e+00  2.475626784346272e-02  2.747380675028181e-03  2.200888716843454e-02
1.360000000000001e+00  2.126581472243096e-02  -2.945934722833927e-04  2.156040819471435e-02
1.370000000000001e+00  1.789692472912467e-02  -3.214073760835419e-03  2.111099848996009e-02
1.380000000000001e+00  1.464820479699973e-02  -6.012825712002467e-03  2.066103050900220e-02
1.390000000000001e+00  1.151820997101427e-02  -8.692659319244409e-03  2.021086929025868e-02
1.400000000000001e+00  8.505445698193035e-03  -1.125542645512316e-02  1.976087215331619e-02
1.410000000000001e+00  5.608370119291703e-03  -1.370301829600639e-02  1.931138841529809e-02
1.420000000000001e+00  2.825396359091992e-03  -1.603736276691315e-02  1.886275912600514e-02
1.430000000000001e+00  1.548948129161572e-04  -1.826042200886946e-02  1.841531682178561e-02
1.440000000000001e+00  -2.404804573004875e-03  -2.037418987106145e-02  1.796938529805657e-02
1.450000000000001e+00  -4.855410029615819e-03  -2.238068942998380e-02  1.752527940036798e-02
1.460000000000001e+00  -7.198665703828142e-03  -2.428197053770046e-02  1.708330483387232e-02
1.470000000000001e+00  -9.436349410212456e-03  -2.608010740124334e-02  1.664375799103088e-02
1.480000000000001e+00  -1.157027039772630e-02  -2.777719619509223e-02  1.620692579736593e-02
1.490000000000001e+00  -1.360226713355452e-02  -2.937535270858804e-02  1.577308557503352e-02
1.500000000000001e+00  -1.553420510607332e-02  -3.087671003004552e-02  1.534250492397219e-02
1.510000000000001e+00  -1.736797464888547e-02  -3.228341626924525e-02  1.491544162035978e-02
1.520000000000001e+00  -1.910548878781599e-02  -3.359763231989386e-02  1.449214353207787e-02
1.530000000000001e+00  -2.074868111268021e-02  -3.482152966355716e-02  1.407284855087695e-02
1.540000000000001e+00  -2.229950367558270e-02  -3.595728821648127e-02  1.365778454089857e-02
1.550000000000001e+00  -2.375992491742629e-02  -3.700709422063218e-02  1.324716930320589e-02
1.560000000000001e+00  -2.513192762425183e-02  -3.797313818019394e-02  1.284121055594211e-02
1.570000000000001e+00  -2.641750691495289e-02  -3.885761284468629e-02  1.244010592973340e-02
1.580000000000001e+00  -2.761866826184521e-02  -3.966271123976901e-02  1.204404297792380e-02
1.590000000000001e+00  -2.873742554549848e-02  -4.039062474672540e-02  1.165319920122691e-02
1.600000000000001e+00  -2.977579914516932e-02  -4.104354123152484e-02  1.126774208635552e-02
1.610000000000001e+00  -3.073581406610313e-02  -4.162364322428834e-02  1.088782915818521e-02
1.620000000000001e+00  -3.161949810490174e-02  -4.213310614989785e-02  1.051360804499610e-02
1.630000000000001e+00  -3.242888005408413e-02  -4.257409661040656e-02  1.014521655632243e-02
1.640000000000001e+00  -3.316598794689925e-02  -4.294877071983550e-02  9.782782772936253e-03
1.650000000000001e+00  -3.383284734337251e-02  -4.325927249185531e-02  9.426425148482805e-03
1.660000000000001e+00  -3.443147965850796e-02  -4.350773228078460e-02  9.076252622276640e-03
1.670000000000001e+00  -3.496390053349001e-02  -4.369626527625333e-02  8.732364742763322e-03
1.680000000000001e+00  -3.543211825066394e-02  -4.382697005181291e-02  8.394851801148975e-03
1.690000000000001e+00  -3.583813219300377e-02  -4.390192716769797e-02  8.063794974694193e-03
1.700000000000001e+00  -3.618393134870997e-02  -4.392319782787815e-02  7.739266479168186e-03
1.710000000000001e+00  -3.647149286150968e-02  -4.389282259146825e-02  7.421329729958563e-03
1.720000000000001e+00  -3.670278062716992e-02  -4.381282013849651e-02  7.110039511326584e-03
1.730000000000001e+00  -3.687974393666052e-02  -4.368518608997011e-02  6.805442153309589e-03
1.740000000000001e+00  -3.700431616634978e-02  -4.351189188211022e-02  6.507575715760432e-03
1.750000000000001e+00  -3.707841351554207e-02  -4.329488369456792e-02  6.216470179025851e-03
1.760000000000001e+00  -3.710393379160852e-02  -4.303608143237579e-02  5.932147640767271e-03
1.770000000000001e+00  -3.708275524290119e-02  -4.273737776132615e-02  5.654622518424954e-03
1.780000000000001e+00  -3.701673543957691e-02  -4.240063719642252e-02  5.383901756845604e-03
1.790000000000001e+00  -3.690771020240008e-02  -4.202769524298188e-02  5.119985040581802e-03
1.800000000000001e+00  -3.675749257953743e-02  -4.162035758992744e-02  4.862865010390009e-03
1.810000000000001e+00  -3.656787187129532e-02  -4.118039935475514e-02  4.612527483459819e-03
1.820000000000001e+00  -3.634061270270021e-02  -4.070956437960994e-02  4.368951676909733e-03
1.830000000000001e+00  -3.607745414376834e-02  -4.020956457786357e-02  4.132110434095233e-03
1.840000000000001e+00  -3.578010887725392e-02  -3.968207933054126e-02  3.901970453287336e-03
1.850000000000001e+00  -3.545026241361890e-02  -3.912875493190405e-02  3.678492518285149e-03
1.860000000000001e+00  -3.508957235291638e-02  -3.855120408345130e-02  3.461631730534917e-03
1.870000000000001e+00  -3.469966769323011e-02  -3.795100543557579e-02  3.251337742345685e-03
1.880000000000001e+00  -3.428214818526851e-02  -3.732970317605935e-02  3.047554990790846e-03
1.890000000000001e+00  -3.383858373266540e-02  -3.668880666457470e-02  2.850222931909299e-03
1.900000000000001e+00  -3.337051383749740e-02  -3.602979011231750e-02  2.659276274820099e-03
1.910000000000001e+00  -3.287944709048612e-02  -3.535409230586997e-02  2.474645215383847e-03
1.920000000000001e+00  -3.236686070531282e-02  -3.466311637436528e-02  2.296255669052463e-03
1.930000000000001e+00  -3.183420009643691e-02  -3.395822959900088e-02  2.124029502563969e-03
1.940000000000001e+00  -3.128287849977150e-02  -3.324076326391913e-02  1.957884764147627e-03
1.950000000000001e+00  -3.071427663553467e-02  -3.251201254745988e-02  1.797735911925211e-03
1.960000000000001e+00  -3.012974241256455e-02  -3.177323645276099e-02  1.643494040196439e-03
1.970000000000001e+00  -2.953059067335041e-02  -3.102565777667164e-02  1.495067103321233e-03
1.980000000000001e+00  -2.891810297900764e-02  -3.027046311592467e-02  1.352360136917030e-03
1.990000000000001e+00  -2.829352743339368e-02  -2.950880290949726e-02  1.215275476103578e-03
2.000000000000001e+00  -2.765807854553497e-02  -2.874179151608118e-02  1.083712970546210e-03
2.010000000000001e+00  -2.701293712951369e-02  -2.797050732557052e-02  9.575701960568318e-04
2.020000000000001e+00  -2.635925024093811e-02  -2.719599290346463e-02  8.367426625265177e-04
2.030000000000001e+00  -2.569813114910042e-02  -2.641925516707836e-02  7.211240179779387e-04
2.040000000000001e+00  -2.503065934390468e-02  -2.564126559244453e-02  6.106062485398446e-04
2.050000000000001e+00  -2.435788057663331e-02  -2.486296045079164e-02  5.050798741583276e-04
2.060000000000001e+00  -2.368080693360083e-02  -2.408524107347147e-02  4.044341398706450e-04
2.070000000000001e+00  -2.300041694173226e-02  -2.330897414421741e-02  3.085572024851477e-04
2.080000000000001e+00  -2.231765570508707e-02  -2.253499201760711e-02  2.173363125200466e-04
2.090000000000001e+00  -2.163343507134410e-02  -2.176409306261173e-02  1.306579912676332e-04
2.100000000000001e+00  -2.094863382724566e-02  -2.099704203010980e-02  4.840820286413847e-05
2.110000000000001e+00  -2.026409792199850e-02  -2.023457044325463e-02  -2.952747874386541e-05
2.120000000000001e+00  -1.958064071761629e-02  -1.947737700958472e-02  -1.032637080315771e-04
2.130000000000001e+00  -1.889904326518774e-02  -1.872612805377657e-02  -1.729152114111759e-04
2.140000000000001e+00  -1.822005460604751e-02  -1.798145796994528e-02  -2.385966361022375e-04
2.150000000000001e+00  -1.754439209682767e-02  -1.724396969240981e-02  -3.004224044178549e-04
2.160000000000001e+00  -1.687274175736284e-02  -1.651423518384672e-02  -3.585065735161180e-04
2.170000000000001e+00  -1.620575864042628e-02  -1.579279593976996e-02  -4.129627006563136e-04
2.180000000000001e+00  -1.554406722227349e-02  -1.508016350828733e-02  -4.639037139861669e-04
2.190000000000001e+00  -1.488826181297367e-02  -1.437682002409424e-02  -5.114417888794267e-04
2.200000000000001e+00  -1.423890698551263e-02  -1.368321875568165e-02  -5.556882298309723e-04
2.210000000000001e+00  -1.359653802265866e-02  -1.299978466475223e-02  -5.967533579064304e-04
2.220000000000001e+00  -1.296166138058506e-02  -1.232691497684896e-02  -6.347464037361021e-04
2.230000000000001e+00  -1.233475516825598e-02  -1.166497976222341e-02  -6.697754060325627e-04
2.240000000000001e+00  -1.171626964158528e-02  -1.101432252598317e-02  -7.019471156021057e-04
2.250000000000001e+00  -1.110662771139337e-02  -1.037526080658024e-02  -7.313669048131209e-04
2.260000000000001e+00  -1.050622546419270e-02  -9.748086781717282e-03  -7.581386824754132e-04
2.270000000000001e+00  -9.915432694848229e-03  -9.133067880769858e-03  -7.823648140783714e-04
2.280000000000001e+00  -9.334593450169329e-03  -8.530447402843011e-03  -8.041460473263186e-04
2.290000000000001e+00  -8.764026582503503e-03  -7.940445139600004e-03  -8.235814429034989e-04
2.300000000000001e+00  -8.204026312417833e-03  -7.363258002020825e-03  -8.407683103970071e-04
2.310000000000001e+00  -7.654862799567103e-03  -6.799060650273480e-03  -8.558021492936227e-04
2.320000000000001e+00  -7.116782720864906e-03  -6.248006125896355e-03  -8.687765949685509e-04
2.330000000000001e+00  -6.590009855089837e-03  -5.710226485518615e-03  -8.797833695712229e-04
2.340000000000001e+00  -6.074745673075992e-03  -5.185833435363262e-03  -8.889122377127301e-04
2.350000000000001e+00  -5.571169932654991e-03  -4.674918965801354e-03  -8.962509668536366e-04
2.360000000000001e+00  -5.079441277534822e-03  -4.177555985250251e-03  -9.018852922845714e-04
2.370000000000001e+00  -4.599697839319824e-03  -3.693798952728992e-03  -9.058988865908325e-04
2.380000000000001e+00  -4.132057841895628e-03  -3.223684508409372e-03  -9.083733334862569e-04
2.390000000000001e+00  -3.676620207421527e-03  -2.767232101523570e-03  -9.093881058979568e-04
2.400000000000001e+00  -3.233465163195243e-03  -2.324444615012266e-03  -9.090205481829773e-04
2.410000000000001e+00  -2.802654848672841e-03  -1.895308986321204e-03  -9.073458623516375e-04
2.420000000000001e+00  -2.384233921949701e-03  -1.479796823777503e-03  -9.044370981721977e-04
2.430000000000001e+00  -1.978230165028346e-03  -1.077865017999500e-03  -9.003651470288465e-04
2.440000000000001e+00  -1.584655087221001e-03  -6.894563478190328e-04  -8.951987394019680e-04
2.450000000000001e+00  -1.203504526055822e-03  -3.145000802161448e-04  -8.890044458396771e-04
2.460000000000001e+00  -8.347592450786564e-04  4.708743620858649e-05  -8.818466812872429e-04
2.470000000000001e+00  -4.783855279625663e-04  3.954021846772692e-04  -8.737877126398355e-04
2.480000000000001e+00  -1.343357683613655e-04  7.305519010230193e-04  -8.648876693843848e-04
2.490000000000001e+00  1.974509450363482e-04  1.052655502230984e-03  -8.552045571946361e-04
2.500000000000001e+00  5.170482487718974e-04  1.361842523115689e-03  -8.447942743437921e-04
2.510000000000001e+00  8.245419306991547e-04  1.658252561498646e-03  -8.337106307994909e-04
2.520000000000001e+00  1.120029362359881e-03  1.942034732224811e-03  -8.220053698649297e-04
2.530000000000001e+00  1.403618938106268e-03  2.213347130338190e-03  -8.097281922319220e-04
2.540000000000001e+00  1.675429521401183e-03  2.472356303712723e-03  -7.969267823115399e-04
2.550000000000001e+00  1.935589898706899e-03  2.719236735415490e-03  -7.836468367085907e-04
2.560000000000001e+00  2.184238241348733e-03  2.954170336056818e-03  -7.699320947080848e-04
2.570000000000001e+00  2.421521575719778e-03  3.177345946362960e-03  -7.558243706431828e-04
2.580000000000001e+00  2.647595262171988e-03  3.388958850186088e-03  -7.413635880141006e-04
2.590000000000001e+00  2.862622482914948e-03  3.589210298146544e-03  -7.265878152315961e-04
2.600000000000001e+00  3.066773739225614e-03  3.778307042084019e-03  -7.115333028584053e-04
2.610000000000001e+00  3.260226358249390e-03  3.956460880474329e-03  -6.962345222249391e-04
2.620000000000001e+00  3.443164009653032e-03  4.123888214950711e-03  -6.807242052976792e-04
2.630000000000001e+00  3.615776232369703e-03  4.280809618050386e-03  -6.650333856806829e-04
2.640000000000001e+00  3.778257971655943e-03  4.427449412289567e-03  -6.491914406336237e-04
2.650000000000001e+00  3.930809126661645e-03  4.564035260652948e-03  -6.332261339913031e-04
2.660000000000001e+00  4.073634108693242e-03  4.690797768567329e-03  -6.171636598740864e-04
2.670000000000001e+00  4.206941410333643e-03  4.807970097412169e-03  -6.010286870785269e-04
2.680000000000001e+00  4.330943185561357e-03  4.915787589605231e-03  -5.848444040438740e-04
2.690000000000001e+00  4.445854840994618e-03  5.014487405285127e-03  -5.686325642905096e-04
2.700000000000001e+00  4.551894638368929e-03  5.104308170598695e-03  -5.524135322297662e-04
2.710000000000001e+00  4.649283308337096e-03  5.185489637586501e-03  -5.362063292494047e-04
2.720000000000001e+00  4.738243675666209e-03  5.258272355645899e-03  -5.200286799796902e-04
2.730000000000001e+00  4.819000295887684e-03  5.322897354537893e-03  -5.038970586502094e-04
2.740000000000001e+00  4.891779103441954e-03  5.379605838891851e-03  -4.878267354498974e-04
2.750000000000001e+00  4.956807071342183e-03  5.428638894148683e-03  -4.718318228065007e-04
2.760000000000001e+00  5.014311882367751e-03  5.470237203872309e-03  -4.559253215045576e-04
2.770000000000001e+00  5.064521611782782e-03  5.504640778347316e-03  -4.401191665645340e-04
2.780000000000001e+00  5.107664421560710e-03  5.532088694370620e-03  -4.244242728099106e-04
2.790000000000001e+00  5.143968266082633e-03  5.552818846133628e-03  -4.088505800509947e-04
2.800000000000001e+00  5.173660609263552e-03  5.567067707082322e-03  -3.934070978187697e-04
2.810000000000001e+00  5.196968153048085e-03  5.575070102633332e-03  -3.781019495852469e-04
2.820000000000001e+00  5.214116577205106e-03  5.577058993614608e-03  -3.629424164095021e-04
2.830000000000001e+00  5.225330290338242e-03  5.573265270291611e-03  -3.479349799533687e-04
2.840000000000001e+00  5.230832192018845e-03  5.563917556831324e-03  -3.330853648124792e-04
2.850000000000001e+00  5.230843445936779e-03  5.549242026049708e-03  -3.183985801129292e-04
2.860000000000001e+00  5.225583263953798e-03  5.529462224280504e-03  -3.038789603267058e-04
2.870000000000001e+00  5.215268700935133e-03  5.504798906197024e-03  -2.895302052618905e-04
2.880000000000001e+00  5.200114460224733e-03  5.475469879412645e-03  -2.753554191879124e-04
2.890000000000001e+00  5.180332709621678e-03  5.441689858679511e-03  -2.613571490578323e-04
2.900000000000001e+00  5.156132907705773e-03  5.403670329500636e-03  -2.475374217948629e-04
2.910000000000001e+00  5.127721640353832e-03  5.361619420964457e-03  -2.338977806106250e-04
2.920000000000001e+00  5.095302467279360e-03  5.315741787607711e-03  -2.204393203283509e-04
2.930000000000001e+00  5.059075778421894e-03  5.266238500107888e-03  -2.071627216859934e-04
2.940000000000001e+00  5.019238660006580e-03  5.213306944602949e-03  -1.940682845963685e-04
2.950000000000001e+00  4.975984770086454e-03  5.157140730432765e-03  -1.811559603463108e-04
2.960000000000001e+00  4.929504223377092e-03  5.097929606094078e-03  -1.684253827169855e-04
2.970000000000001e+00  4.879983485185041e-03  5.035859383198147e-03  -1.558758980131063e-04
2.980000000000001e+00  4.827605274229384e-03  4.971111868218110e-03  -1.435065939887261e-04
2.990000000000001e+00  4.772548474149898e-03  4.903864801811305e-03  -1.313163276614069e-04
3.000000000000001e+00  4.714988053491432e-03  4.834291805500407e-03  -1.193037520089753e-04
3.010000000000001e+00  4.655094993951931e-03  4.762562335496345e-03  -1.074673415444134e-04
3.020000000000001e+00  4.593036226676430e-03  4.688841643444476e-03  -9.580541676804544e-05
3.030000000000001e+00  4.528974576378531e-03  4.613290743875993e-03  -8.431616749746216e-05
3.040000000000001e+00  4.463068713067410e-03  4.536066388145422e-03  -7.299767507801171e-05
3.050000000000001e+00  4.395473111156634e-03  4.457321044635787e-03  -6.184793347915364e-05
3.060000000000001e+00  4.326338015730171e-03  4.377202885013095e-03  -5.086486928292371e-05
3.070000000000001e+00  4.255809415738371e-03  4.295855776312656e-03  -4.004636057428502e-05
3.080000000000001e+00  4.184029023897550e-03  4.213419278640334e-03  -2.939025474278396e-05
3.090000000000001e+00  4.111134263064644e-03  4.130028648273019e-03  -1.889438520837495e-05
3.100000000000001e+00  4.037258258859226e-03  4.045814845944658e-03  -8.556587085432193e-06
3.110000000000001e+00  3.962529838304619e-03  3.960904550104707e-03  1.625288199911742e-06
3.120000000000001e+00  3.887073534260783e-03  3.875420174938127e-03  1.165335932265619e-05
3.130000000000001e+00  3.811009595421767e-03  3.789479892938788e-03  2.152970248297864e-05
3.140000000000001e+00  3.734454001651665e-03  3.703197661829043e-03  3.125633982262177e-05
3.150000000000001e+00  3.657518484434504e-03  3.616683255621543e-03  4.083522881296068e-05
3.160000000000001e+00  3.580310552214493e-03  3.530042299621816e-03  5.026825259267682e-05
3.170000000000001e+00  3.502933520405126e-03  3.443376309172523e-03  5.955721123260304e-05
3.180000000000001e+00  3.425486545847332e-03  3.356782731943542e-03  6.870381390379010e-05
3.190000000000001e+00  3.348064665499415e-03  3.270354993574825e-03  7.770967192458978e-05
3.200000000000001e+00  3.270758839143278e-03  3.184182546482480e-03  8.657629266079761e-05
3.210000000000001e+00  3.193655995894891e-03  3.098350921641150e-03  9.530507425374113e-05
3.220000000000001e+00  3.116839084308873e-03  3.012941783160214e-03  1.038973011486598e-04
3.230000000000001e+00  3.040387125870649e-03  2.928032985473796e-03  1.123541403968528e-04
3.240000000000001e+00  2.964375271672584e-03  2.843698632968903e-03  1.206766387036812e-04
3.250000000000001e+00  2.888874862073619e-03  2.760009141879297e-03  1.288657201943219e-04
3.260000000000001e+00  2.813953489145772e-03  2.677031304277063e-03  1.369221848687087e-04
3.270000000000001e+00  2.739675061714172e-03  2.594828353996994e-03  1.448467077171780e-04
3.280000000000001e+00  2.666099872801116e-03  2.513460034333310e-03  1.526398384678065e-04
3.290000000000001e+00  2.593284669288474e-03  2.432982667352279e-03  1.603020019361957e-04
3.300000000000001e+00  2.521282723616860e-03  2.353449224667999e-03  1.678334989488610e-04
3.310000000000001e+00  2.450143907343826e-03  2.274909399533179e-03  1.752345078106475e-04
3.320000000000001e+00  2.379914766387763e-03  2.197409680100304e-03  1.825050862874589e-04
3.330000000000001e+00  2.310638597788258e-03  2.120993423713437e-03  1.896451740748210e-04
3.340000000000001e+00  2.242355527817977e-03  2.045700932094367e-03  1.966545957236107e-04
3.350000000000001e+00  2.175102591285837e-03  1.971569527291669e-03  2.035330639941681e-04
3.360000000000001e+00  2.108913811875027e-03  1.898633628265088e-03  2.102801836099389e-04
3.370000000000001e+00  2.043820283364936e-03  1.826924827981833e-03  2.168954553831029e-04
3.380000000000001e+00  1.979850251589499e-03  1.756471970905914e-03  2.233782806835847e-04
3.390000000000001e+00  1.917029196989870e-03  1.687301230765739e-03  2.297279662241312e-04
3.400000000000001e+00  1.855379917623665e-03  1.619436188488938e-03  2.359437291347265e-04
3.410000000000001e+00  1.794922612497429e-03  1.552897910198590e-03  2.420247022988384e-04
3.420000000000001e+00  1.735674965094089e-03  1.487705025167953e-03  2.479699399261361e-04
3.430000000000001e+00  1.677652226971283e-03  1.423873803636019e-03  2.537784233352636e-04
3.440000000000001e+00  1.620867301311677e-03  1.361418234389708e-03  2.594490669219685e-04
3.450000000000001e+00  1.565330826310294e-03  1.300350102022511e-03  2.649807242877827e-04
3.460000000000001e+00  1.511051258289444e-03  1.240679063784054e-03  2.703721945053906e-04
3.470000000000001e+00  1.458034954435385e-03  1.182412725938410e-03  2.756222284969758e-04
3.480000000000001e+00  1.406286255056409e-03  1.125556719553021e-03  2.807295355033888e-04
3.490000000000001e+00  1.355807565265889e-03  1.070114775644455e-03  2.856927896214341e-04
3.500000000000001e+00  1.306599435998799e-03  1.016088799610288e-03  2.905106363885110e-04
3.510000000000001e+00  1.258660644274324e-03  9.634789448810255e-04  2.951816993932987e-04
3.520000000000001e+00  1.211988272621857e-03  9.122836857288356e-04  2.997045868930213e-04
3.530000000000001e+00  1.166577787592251e-03  8.624998891742073e-04  3.040778984180437e-04
3.540000000000001e+00  1.122423117279594e-03  8.141228859349526e-04  3.083002313446419e-04
3.550000000000001e+00  1.079516727784574e-03  7.671465403653183e-04  3.123701874192561e-04
3.560000000000001e+00  1.037849698552987e-03  7.215633193366703e-04  3.162863792163168e-04
3.570000000000001e+00  9.974117965285633e-04  6.773643600146260e-04  3.200474365139373e-04
3.580000000000001e+00  9.581915490623866e-04  6.345395364904481e-04  3.236520125719385e-04
3.590000000000001e+00  9.201763155255293e-04  5.930775252282068e-04  3.270987902973225e-04
3.600000000000001e+00  8.833523575754135e-04  5.529658692919449e-04  3.303864882834686e-04
3.610000000000001e+00  8.477049080304361e-04  5.141910413203679e-04  3.335138667100682e-04
3.620000000000001e+00  8.132182383106372e-04  4.767385052196276e-04  3.364797330910095e-04
3.630000000000001e+00  7.798757244064593e-04  4.405927765474084e-04  3.392829478590508e-04
3.640000000000001e+00  7.476599113408237e-04  4.057374815645653e-04  3.419224297762584e-04
3.650000000000001e+00  7.165525760934766e-04  3.721554149332872e-04  3.443971611601894e-04
3.660000000000001e+00  6.865347889597486e-04  3.398285960433527e-04  3.467061929163959e-04
3.670000000000001e+00  6.575869733196280e-04  3.087383239505390e-04  3.488486493690890e-04
3.680000000000001e+00  6.296889637954825e-04  2.788652309139885e-04  3.508237328814940e-04
3.690000000000001e+00  6.028200627809534e-04  2.501893345215047e-04  3.526307282594487e-04
3.700000000000001e+00  5.769590953256141e-04  2.226900883940795e-04  3.542690069315346e-04
3.710000000000001e+00  5.520844623635575e-04  1.963464314635622e-04  3.557380308999953e-04
3.720000000000001e+00  5.281741922766282e-04  1.711368358188382e-04  3.570373564577899e-04
3.730000000000001e+00  5.052059907858939e-04  1.470393531187420e-04  3.581666376671519e-04
3.740000000000001e+00  4.831572891675445e-04  1.240316595713561e-04  3.591256295961885e-04
3.750000000000001e+00  4.620052907920185e-04  1.020910994814751e-04  3.599141913105434e-04
3.760000000000001e+00  4.417270159876362e-04  8.119472736994818e-05  3.605322886176881e-04
3.770000000000001e+00  4.222993452321604e-04  6.131934867000811e-05  3.609799965621522e-04
3.780000000000001e+00  4.036990606784687e-04  4.244155900793559e-05  3.612575016705332e-04
3.790000000000001e+00  3.859028860221064e-04  2.453778207623406e-05  3.613651039458723e-04
3.800000000000001e+00  3.688875247209743e-04  7.584306109930322e-06  3.613032186110440e-04
3.810000000000001e+00  3.526296965792915e-04  -8.442681022884317e-06  3.610723776021758e-04
3.820000000000001e+00  3.371061727097263e-04  -2.356705810307188e-05  3.606732308127982e-04
3.830000000000001e+00  3.222938088897033e-04  -3.781273820091194e-05  3.601065470906153e-04
3.840000000000001e+00  3.081695773290715e-04  -5.120363765958352e-05  3.593732149886551e-04
3.850000000000001e+00  2.947105968685555e-04  -6.376364640501459e-05  3.584742432735700e-04
3.860000000000001e+00  2.818941616294832e-04  -7.551659956458434e-05  3.574107611940675e-04
3.870000000000001e+00  2.696977681368670e-04  -8.648625037586838e-05  3.561840185127353e-04
3.880000000000001e+00  2.580991409392558e-04  -9.669624436594009e-05  3.547953853051959e-04
3.890000000000001e+00  2.470762567500990e-04  -1.061700947806678e-04  3.532463515307667e-04
3.900000000000001e+00  2.366073671363418e-04  -1.149311592428845e-04  3.515385263792262e-04
3.910000000000001e+00  2.266710197813614e-04  -1.230026176171143e-04  3.496736373984757e-04
3.920000000000001e+00  2.172460783500586e-04  -1.304074510584980e-04  3.476535294085566e-04
3.930000000000001e+00  2.083117409850387e-04  -1.371684222223398e-04  3.454801632073785e-04
3.940000000000001e+00  1.998475574635959e-04  -1.433080566103674e-04  3.431556140739633e-04
3.950000000000001e+00  1.918334450460402e-04  -1.488486250294617e-04  3.406820700755019e-04
3.960000000000001e+00  1.842497030465409e-04  -1.538121271378197e-04  3.380618301843606e-04
3.970000000000001e+00  1.770770261582809e-04  -1.582202760533526e-04  3.352973022116335e-04
3.980000000000001e+00  1.702965165654320e-04  -1.620944839986614e-04  3.323910005640933e-04
3.990000000000001e+00  1.638896948746522e-04  -1.654558489566777e-04  3.293455438313299e-04
4.000000000000001e+00  1.578385098995399e-04  -1.683251423107808e-04  3.261636522103207e-04
4.010000000000001e+00  1.521253473316281e-04  -1.707227974430251e-04  3.228481447746532e-04
4.020000000000001e+00  1.467330373318420e-04  -1.726688992638395e-04  3.194019365956815e-04
4.030000000000001e+00  1.416448610766296e-04  -1.741831746466970e-04  3.158280357233266e-04
4.040000000000001e+00  1.368445562930371e-04  -1.752849837408169e-04  3.121295400338540e-04
4.050000000000001e+00  1.323163218172867e-04  -1.759933121352812e-04  3.083096339525678e-04
4.060000000000001e+00  1.280448212112182e-04  -1.763267638476151e-04  3.043715850588333e-04
4.070000000000001e+00  1.240151854711938e-04  -1.763035551102824e-04  3.003187405814762e-04
4.080000000000001e+00  1.202130148639935e-04  -1.759415089283172e-04  2.961545237923107e-04
4.090000000000001e+00  1.166243799238636e-04  -1.752580503814459e-04  2.918824303053094e-04
4.100000000000001e+00  1.132358216451979e-04  -1.742702026445160e-04  2.875060242897139e-04
4.110000000000001e+00  1.100343509046817e-04  -1.729945836997307e-04  2.830289346044124e-04
4.120000000000001e+00  1.070074471468508e-04  -1.714474037148264e-04  2.784548508616772e-04
4.130000000000001e+00  1.041430563665150e-04  -1.696444630612288e-04  2.737875194277438e-04
4.140000000000001e+00  1.014295884213128e-04  -1.676011509467437e-04  2.690307393680564e-04
4.150000000000001e+00  9.885591370726062e-05  -1.653324446373738e-04  2.641883583446344e-04
4.160000000000001e+00  9.641135922981904e-05  -1.628529092433557e-04  2.592642684731747e-04
4.170000000000001e+00  9.408570410255404e-05  -1.601766980446917e-04  2.542624021472457e-04
4.180000000000001e+00  9.186917450496127e-05  -1.573175533319281e-04  2.491867278368894e-04
4.190000000000001e+00  8.975243813072142e-05  -1.542888077380830e-04  2.440412458688044e-04
4.200000000000001e+00  8.772659815696278e-05  -1.511033860383225e-04  2.388299841952853e-04
4.210000000000001e+00  8.578318676466751e-05  -1.477738073940127e-04  2.335569941586802e-04
4.220000000000001e+00  8.391415823984924e-05  -1.443121880185778e-04  2.282263462584270e-04
4.230000000000001e+00  8.211188168439045e-05  -1.407302442425920e-04  2.228421259269825e-04
4.240000000000001e+00  8.036913336503667e-05  -1.370392959564249e-04  2.174084293214615e-04
4.250000000000001e+00  7.867908872832556e-05  -1.332502704088102e-04  2.119293591371358e-04
4.260000000000001e+00  7.703531410846378e-05  -1.293737063404460e-04  2.064090204489097e-04
4.270000000000001e+00  7.543175815493512e-05  -1.254197584320915e-04  2.008515165870266e-04
4.280000000000001e+00  7.386274300533481e-05  -1.213982020470769e-04  1.952609450524117e-04
4.290000000000001e+00  7.232295522886694e-05  -1.173184382486960e-04  1.896413934775630e-04
4.300000000000001e+00  7.080743656490814e-05  -1.131894990734461e-04  1.839969356383542e-04
4.310000000000001e+00  6.931157448033272e-05  -1.090200530415209e-04  1.783316275218536e-04
4.320000000000001e+00  6.783109256881356e-05  -1.048184108864740e-04  1.726495034552875e-04
4.330000000000001e+00  6.636204081441207e-05  -1.005925314865570e-04  1.669545723009691e-04
4.340000000000001e+00  6.490078574107777e-05  -9.635002798065761e-05  1.612508137217354e-04
4.350000000000001e+00  6.344400046910040e-05  -9.209817405227587e-05  1.555421745213763e-04
4.360000000000001e+00  6.198865469861127e-05  -8.784391036555011e-05  1.498325650641614e-04
4.370000000000001e+00  6.053200463972714e-05  -8.359385113783398e-05  1.441258557775611e-04
4.380000000000001e+00  5.907158290802087e-05  -7.935429083374558e-05  1.384258737417665e-04
4.390000000000001e+00  5.760518840342215e-05  -7.513121096631364e-05  1.327363993697358e-04
4.400000000000001e+00  5.613087618984578e-05  -7.093028699108628e-05  1.270611631809321e-04
4.410000000000001e+00  5.464694739213997e-05  -6.675689527991404e-05  1.214038426720540e-04
4.420000000000001e+00  5.315193912624767e-05  -6.261612016120654e-05  1.157680592874542e-04
4.430000000000001e+00  5.164461447777119e-05  -5.851276101440544e-05  1.101573754921766e-04
4.440000000000001e+00  5.012395254336474e-05  -5.445133940646492e-05  1.045752919498297e-04
4.450000000000001e+00  4.858913854873977e-05  -5.043610625903468e-05  9.902524480777446e-05
4.460000000000001e+00  4.703955405638733e-05  -4.647104903520193e-05  9.351060309158925e-05
4.470000000000001e+00  4.547476727535312e-05  -4.255989893527719e-05  8.803466621063030e-05
4.480000000000001e+00  4.389452348481035e-05  -3.870613809158758e-05  8.260066157639793e-05
4.490000000000001e+00  4.229873558244162e-05  -3.491300675263703e-05  7.721174233507865e-05
4.500000000000001e+00  4.068747476809997e-05  -3.118351044745555e-05  7.187098521555552e-05
4.510000000000001e+00  3.906096137230466e-05  -2.752042712151292e-05  6.658138849381758e-05
4.520000000000001e+00  3.741955583896331e-05  -2.392631423581620e-05  6.134587007477951e-05
4.530000000000001e+00  3.576374987047977e-05  -2.040351582148090e-05  5.616726569196067e-05
4.540000000000001e+00  3.409415774335701e-05  -1.695416948225608e-05  5.104832722561309e-05
4.550000000000001e+00  3.241150780147067e-05  -1.358021333811507e-05  4.599172113958574e-05
4.560000000000001e+00  3.071663413364708e-05  -1.028339290320495e-05  4.100002703685203e-05
4.570000000000001e+00  2.901046844177065e-05  -7.065267892070326e-06  3.607573633384098e-05
4.580000000000001e+00  2.729403210487495e-05  -3.927218948267385e-06  3.122125105314233e-05
4.590000000000001e+00  2.556842844424531e-05  -8.704542900215351e-07  2.643888273426684e-05
4.600000000000001e+00  2.383483519405109e-05  2.103983732220738e-06  2.173085146183035e-05
4.610000000000001e+00  2.209449718137844e-05  4.995212170972864e-06  1.709928501040558e-05
4.620000000000001e+00  2.034871921920711e-05  7.802501114020079e-06  1.254621810518703e-05
4.630000000000001e+00  1.859885921524159e-05  1.052526741781944e-05  8.073591797422148e-06
4.640000000000001e+00  1.684632149909392e-05  1.316306854572129e-05  3.683252953372631e-06
4.650000000000001e+00  1.509255036991640e-05  1.571559651437906e-05  -6.230461444626616e-07
4.660000000000001e+00  1.333902386597895e-05  1.818267195133545e-05  -4.843648085356505e-06
4.670000000000001e+00  1.158724775749521e-05  2.056423826659165e-05  -8.976990509096434e-06
4.680000000000001e+00  9.838749763308662e-06  2.286035594065895e-05  -1.302160617735029e-05
4.690000000000001e+00  8.095073991944585e-06  2.507119693116069e-05  -1.697612293921611e-05
4.700000000000001e+00  6.357775606919759e-06  2.719703920004754e-05  -2.083926359312778e-05
4.710000000000001e+00  4.628415715986017e-06  2.923826136295921e-05  -2.460984564697319e-05
4.720000000000001e+00  2.908556483534731e-06  3.119533746219481e-05  -2.828678097866008e-05
4.730000000000001e+00  1.199756465167093e-06  3.306883186447316e-05  -3.186907539930607e-05
4.740000000000001e+00  -4.964338370429754e-07  3.485939428438480e-05  -3.535582812142777e-05
4.750000000000001e+00  -2.178476200158960e-06  3.656775493424920e-05  -3.874623113440816e-05
4.760000000000001e+00  -3.844848688950599e-06  3.819471980090259e-05  -4.203956848985319e-05
4.770000000000001e+00  -5.494049449572189e-06  3.974116604969652e-05  -4.523521549926871e-05
4.780000000000001e+00  -7.124600290940098e-06  4.120803755582878e-05  -4.833263784676888e-05
4.790000000000001e+00  -8.735050056470464e-06  4.259634056289288e-05  -5.133139061936334e-05
4.800000000000001e+00  -1.032397778922895e-05  4.390713946845256e-05  -5.423111725768151e-05
4.810000000000001e+00  -1.188999569365321e-05  4.514155273612631e-05  -5.703154842977952e-05
4.820000000000001e+00  -1.343175189726415e-05  4.630074893371768e-05  -5.973250083098183e-05
4.830000000000001e+00  -1.494793301593167e-05  4.738594289654085e-05  -6.233387591247252e-05
4.840000000000001e+00  -1.643726652649153e-05  4.839839201514546e-05  -6.483565854163699e-05
4.850000000000001e+00  -1.789852295058890e-05  4.933939264641671e-05  -6.723791559700560e-05
4.860000000000001e+00  -1.933051785392046e-05  5.021027664689019e-05  -6.954079450081066e-05
4.870000000000001e+00  -2.073211366499464e-05  5.101240802705504e-05  -7.174452169204968e-05
4.880000000000001e+00  -2.210222131777576e-05  5.174717972527622e-05  -7.384940104305199e-05
4.890000000000001e+00  -2.343980172271308e-05  5.241601049985630e-05  -7.585581222256939e-05
4.900000000000001e+00  -2.474386707067131e-05  5.302034193766089e-05  -7.776420900833220e-05
4.910000000000001e+00  -2.601348197439926e-05  5.356163557770346e-05  -7.957511755210273e-05
4.920000000000001e+00  -2.724776445231040e-05  5.404137014789966e-05  -8.128913460021006e-05
4.930000000000001e+00  -2.844588675932545e-05  5.446103891316142e-05  -8.290692567248687e-05
4.940000000000001e+00  -2.960707606965617e-05  5.482214713304668e-05  -8.442922320270285e-05
4.950000000000001e+00  -3.073061501643329e-05  5.512620962686616e-05  -8.585682464329946e-05
4.960000000000001e+00  -3.181584209311644e-05  5.537474844437663e-05  -8.719059053749306e-05
4.970000000000001e+00  -3.286215192165204e-05  5.556929063991443e-05  -8.843144256156648e-05
4.980000000000001e+00  -3.386899539237863e-05  5.571136614788605e-05  -8.958036154026468e-05
4.990000000000001e+00  -3.483587968070624e-05  5.580250575750760e-05  -9.063838543821384e-05
5.000000000000001e+00  -3.576236814550255e-05  5.584423918451905e-05  -9.160660733002160e-05
5.010000000000001e+00  -3.664808011429055e-05  5.583809323777453e-05  -9.248617335206509e-05
5.020000000000001e+00  -3.749269056015943e-05  5.578559007834297e-05  -9.327828063850240e-05
5.030000000000001e+00  -3.829592967542247e-05  5.568824556897765e-05  -9.398417524440013e-05
5.040000000000001e+00  -3.905758234689357e-05  5.554756771156924e-05  -9.460515005846280e-05
5.050000000000001e+00  -3.977748753777570e-05  5.536505517037927e-05  -9.514254270815496e-05
5.060000000000001e+00  -4.045553758095285e-05  5.514219587867334e-05  -9.559773345962619e-05
5.070000000000001e+00  -4.109167738853734e-05  5.488046572650947e-05  -9.597214311504681e-05
5.080000000000001e+00  -4.168590358245929e-05  5.458132732734941e-05  -9.626723090980869e-05
5.090000000000001e+00  -4.223826355075863e-05  5.424622886117523e-05  -9.648449241193385e-05
5.100000000000001e+00  -4.274885443426144e-05  5.387660299184499e-05  -9.662545742610644e-05
5.110000000000001e+00  -4.321782204824803e-05  5.347386585638580e-05  -9.669168790463382e-05
5.120000000000001e+00  -4.364535974350039e-05  5.303941612391861e-05  -9.668477586741900e-05
5.130000000000001e+00  -4.403170721131651e-05  5.257463412201218e-05  -9.660634133332868e-05
5.140000000000001e+00  -4.437714923669960e-05  5.208088102815392e-05  -9.645803026485353e-05
5.150000000000001e+00  -4.468201440406367e-05  5.155949812418661e-05  -9.624151252825028e-05
5.160000000000001e+00  -4.494667375960485e-05  5.101180611145331e-05  -9.595847987105816e-05
5.170000000000001e+00  -4.517153943439328e-05  5.043910448449127e-05  -9.561064391888455e-05
5.180000000000001e+00  -4.535706323223234e-05  4.984267096117785e-05  -9.519973419341019e-05
5.190000000000001e+00  -4.550373518608235e-05  4.922376096708558e-05  -9.472749615316794e-05
5.200000000000001e+00  -4.561208208694955e-05  4.858360717214092e-05  -9.419568925909046e-05
5.210000000000001e+00  -4.568266598881206e-05  4.792341907734618e-05  -9.360608506615823e-05
5.220000000000001e+00  -4.571608269324919e-05  4.724438264967571e-05  -9.296046534292490e-05
5.230000000000001e+00  -4.571296021719417e-05  4.654766000311488e-05  -9.226062022030904e-05
5.240000000000001e+00  -4.567395724724606e-05  4.583438912387533e-05  -9.150834637112139e-05
5.250000000000001e+00  -4.559976158371134e-05  4.510568363794174e-05  -9.070544522165309e-05
5.260000000000001e+00  -4.549108857759857e-05  4.436263261897436e-05  -8.985372119657293e-05
5.270000000000001e+00  -4.534867956358195e-05  4.360630043487330e-05  -8.895497999845525e-05
5.280000000000001e+00  -4.517330029185822e-05  4.283772663109144e-05  -8.801102692294966e-05
5.290000000000001e+00  -4.496573936172776e-05  4.205792584902685e-05  -8.702366521075460e-05
5.300000000000001e+00  -4.472680665959239e-05  4.126788777776045e-05  -8.599469443735284e-05
5.310000000000001e+00  -4.445733180398698e-05  4.046857713747565e-05  -8.492590894146264e-05
5.320000000000001e+00  -4.415816260011385e-05  3.966093369294718e-05  -8.381909629306104e-05
5.330000000000001e+00  -4.383016350624637e-05  3.884587229552981e-05  -8.267603580177618e-05
5.340000000000001e+00  -4.347421411427734e-05  3.802428295209890e-05  -8.149849706637624e-05
5.350000000000001e+00  -4.309120764659179e-05  3.719703091945483e-05  -8.028823856604661e-05
5.360000000000001e+00  -4.268204947124335e-05  3.636495682275730e-05  -7.904700629400064e-05
5.370000000000001e+00  -4.224765563741052e-05  3.552887679659084e-05  -7.777653243400137e-05
5.380000000000001e+00  -4.178895143299993e-05  3.468958264728325e-05  -7.647853408028318e-05
5.390000000000001e+00  -4.130686996602211e-05  3.384784203515792e-05  -7.515471200118004e-05
5.400000000000001e+00  -4.080235077144427e-05  3.300439867549936e-05  -7.380674944694362e-05
5.410000000000001e+00  -4.027633844501558e-05  3.215997255693248e-05  -7.243631100194807e-05
5.420000000000001e+00  -3.972978130543875e-05  3.131526017607347e-05  -7.104504148151222e-05
5.430000000000001e+00  -3.916363008624425e-05  3.047093478727696e-05  -6.963456487352121e-05
5.440000000000001e+00  -3.857883665859013e-05  2.962764666642301e-05  -6.820648332501314e-05
5.450000000000001e+00  -3.797635278605089e-05  2.878602338761797e-05  -6.676237617366886e-05
5.460000000000001e+00  -3.735712891247912e-05  2.794667011182675e-05  -6.530379902430586e-05
5.470000000000001e+00  -3.672211298384136e-05  2.711016988645105e-05  -6.383228287029242e-05
5.480000000000001e+00  -3.607224930487384e-05  2.627708395487666e-05  -6.234933325975049e-05
5.490000000000001e+00  -3.540847743132783e-05  2.544795207513864e-05  -6.085642950646647e-05
5.500000000000001e+00  -3.473173109843833e-05  2.462329284677569e-05  -5.935502394521402e-05
5.510000000000001e+00  -3.404293718621946e-05  2.380360404508476e-05  -5.784654123130422e-05
5.520000000000001e+00  -3.334301472212758e-05  2.298936296195048e-05  -5.633237768407807e-05
5.530000000000001e+00  -3.263287392140756e-05  2.218102675251557e-05  -5.481390067392313e-05
5.540000000000001e+00  -3.191341526558959e-05  2.137903278696786e-05  -5.329244805255745e-05
5.550000000000001e+00  -3.118552861932015e-05  2.058379900668935e-05  -5.176932762600950e-05
5.560000000000001e+00  -3.045009238577771e-05  1.979572428421242e-05  -5.024581666999013e-05
5.570000000000001e+00  -2.970797270075077e-05  1.901518878625411e-05  -4.872316148700487e-05
5.580000000000001e+00  -2.896002266550033e-05  1.824255433931089e-05  -4.720257700481121e-05
5.590000000000001e+00  -2.820708161834902e-05  1.747816479719940e-05  -4.568524641554842e-05
5.600000000000001e+00  -2.744997444494792e-05  1.672234641001875e-05  -4.417232085496667e-05
5.610000000000001e+00  -2.668951092712171e-05  1.597540819404503e-05  -4.266491912116675e-05
5.620000000000001e+00  -2.592648513006703e-05  1.523764230206428e-05  -4.116412743213131e-05
5.630000000000001e+00  -2.516167482766901e-05  1.450932439367713e-05  -3.967099922134615e-05
5.640000000000001e+00  -2.439584096568908e-05  1.379071400518540e-05  -3.818655497087448e-05
5.650000000000001e+00  -2.362972716242728e-05  1.308205491862465e-05  -3.671178208105193e-05
5.660000000000001e+00  -2.286405924648011e-05  1.238357552958659e-05  -3.524763477606669e-05
5.670000000000001e+00  -2.209954483121829e-05  1.169548921347864e-05  -3.379503404469694e-05
5.680000000000001e+00  -2.133687292537921e-05  1.101799468987769e-05  -3.235486761525690e-05
5.690000000000001e+00  -2.057671357942199e-05  1.035127638468167e-05  -3.092798996410366e-05
5.700000000000001e+00  -1.981971756691119e-05  9.695504789763432e-06  -2.951522235667462e-05
5.710000000000001e+00  -1.906651610049053e-05  9.050836819893368e-06  -2.811735292038390e-05
5.720000000000001e+00  -1.831772058171007e-05  8.417416166618589e-06  -2.673513674832866e-05
5.730000000000001e+00  -1.757392238410706e-05  7.795373648949709e-06  -2.536929603305677e-05
5.740000000000001e+00  -1.683569266881571e-05  7.184827560584123e-06  -2.402052022939984e-05
5.750000000000001e+00  -1.610358223203218e-05  6.585884013497053e-06  -2.268946624552924e-05
5.760000000000001e+00  -1.537812138353772e-05  5.998637277763806e-06  -2.137675866130153e-05
5.770000000000001e+00  -1.465981985558882e-05  5.423170117352398e-06  -2.008298997294122e-05
5.780000000000001e+00  -1.394916674129573e-05  4.859554121870345e-06  -1.880872086316607e-05
5.790000000000001e+00  -1.324663046177859e-05  4.307850034039000e-06  -1.755448049581759e-05
5.800000000000001e+00  -1.255265876122498e-05  3.768108072818582e-06  -1.632076683404356e-05
5.810000000000001e+00  -1.186767872901386e-05  3.240368252088932e-06  -1.510804698110279e-05
5.820000000000001e+00  -1.119209684808976e-05  2.724660694772493e-06  -1.391675754286226e-05
5.830000000000001e+00  -1.052629906869007e-05  2.221005942338156e-06  -1.274730501102823e-05
5.840000000000001e+00  -9.870650906570576e-06  1.729415259622490e-06  -1.160006616619307e-05
5.850000000000001e+00  -9.225497564847258e-06  1.249890934897595e-06  -1.047538849974485e-05
5.860000000000001e+00  -8.591164078572944e-06  7.824265751435851e-07  -9.373590653716529e-06
5.870000000000001e+00  -7.967955481153829e-06  3.270073965127270e-07  -8.294962877666557e-06
5.880000000000001e+00  -7.356156991702114e-06  -1.163894900856819e-07  -7.239767501616432e-06
5.890000000000001e+00  -6.756034222450539e-06  -5.477947982596810e-07  -6.208239424190859e-06
5.900000000000001e+00  -6.167833405320498e-06  -9.672467902885070e-07  -5.200586615031991e-06
5.910000000000001e+00  -5.591781636732154e-06  -1.374791006192383e-06  -4.216990630539771e-06
5.920000000000001e+00  -5.028087139803738e-06  -1.770479997650317e-06  -3.257607142153421e-06
5.930000000000001e+00  -4.476939543007347e-06  -2.154373066824749e-06  -2.322566476182598e-06
5.940000000000001e+00  -3.938510174422322e-06  -2.526536010041633e-06  -1.411974164380690e-06
5.950000000000001e+00  -3.412952370699763e-06  -2.887040866294665e-06  -5.259115044050975e-07
5.960000000000001e+00  -2.900401799867842e-06  -3.235965670588320e-06  3.355638707204788e-07
5.970000000000001e+00  -2.400976797121529e-06  -3.573394212047799e-06  1.172417414926270e-06
5.980000000000001e+00  -1.914778712711247e-06  -3.899415796797054e-06  1.984637084085808e-06
5.990000000000001e+00  -1.441892271139961e-06  -4.214125015533815e-06  2.772232744393855e-06
6.000000000000001e+00  -9.823859407853291e-07  -4.517621515782760e-06  3.535235574997431e-06
6.010000000000001e+00  -5.363123131585443e-07  -4.810009778784650e-06  4.273697465626105e-06
6.020000000000001e+00  -1.037084909610359e-07  -5.091398900944890e-06  4.987690409983854e-06
6.030000000000001e+00  3.154035158117910e-07  -5.361902379837867e-06  5.677305895649658e-06
6.040000000000001e+00  7.210163865448134e-07  -5.621637904677080e-06  6.342654291221894e-06
6.050000000000001e+00  1.113137080195920e-06  -5.870727151203111e-06  6.983864231399032e-06
6.060000000000001e+00  1.491786419755934e-06  -6.109295580967205e-06  7.601082000723139e-06
6.070000000000001e+00  1.856998671730251e-06  -6.337472244903626e-06  8.194470916633877e-06
6.080000000000001e+00  2.208821121329534e-06  -6.555389591182927e-06  8.764210712512461e-06
6.090000000000001e+00  2.547313644094453e-06  -6.763183277248931e-06  9.310496921343384e-06
6.100000000000001e+00  2.872548274622464e-06  -6.960991986007967e-06  9.833540260630431e-06
6.110000000000001e+00  3.184608773063865e-06  -7.148957246096425e-06  1.033356601916029e-05
6.120000000000001e+00  3.483590190025932e-06  -7.327223256184777e-06  1.081081344621071e-05
6.130000000000001e+00  3.769598430541053e-06  -7.495936713232557e-06  1.126553514377361e-05
6.140000000000001e+00  4.042749817651771e-06  -7.655246644657964e-06  1.169799646230973e-05
6.150000000000001e+00  4.303170656261140e-06  -7.805304244366019e-06  1.210847490062716e-05
6.160000000000001e+00  4.550996797765011e-06  -7.946262712551085e-06  1.249725951031609e-05
6.170000000000001e+00  4.786373206062608e-06  -8.078277099252262e-06  1.286465030531487e-05
6.180000000000001e+00  5.009453525428933e-06  -8.201504151578469e-06  1.321095767700740e-05
6.190000000000001e+00  5.220399650792192e-06  -8.316102164551075e-06  1.353650181534327e-05
6.200000000000001e+00  5.419381300896039e-06  -8.422230835527456e-06  1.384161213642350e-05
6.210000000000001e+00  5.606575594795441e-06  -8.520051122124247e-06  1.412662671691969e-05
6.220000000000001e+00  5.782166632173696e-06  -8.609725103614674e-06  1.439189173578837e-05
6.230000000000001e+00  5.946345077876046e-06  -8.691415845720806e-06  1.463776092359685e-05
6.240000000000001e+00  6.099307751083489e-06  -8.765287268775165e-06  1.486459501985865e-05
6.250000000000001e+00  6.241257219521879e-06  -8.831504019183273e-06  1.507276123870515e-05
6.260000000000001e+00  6.372401399044646e-06  -8.890231344152470e-06  1.526263274319712e-05
6.270000000000001e+00  6.492953158998089e-06  -8.941634969608924e-06  1.543458812860701e-05
6.280000000000001e+00  6.603129933638490e-06  -8.985880981320949e-06  1.558901091495944e-05
6.290000000000001e+00  6.703153339941522e-06  -9.023135709097844e-06  1.572628904903937e-05
6.300000000000001e+00  6.793248802095716e-06  -9.053565614095439e-06  1.584681441619115e-05
6.310000000000001e+00  6.873645182950953e-06  -9.077337179127705e-06  1.595098236207866e-05
6.320000000000001e+00  6.944574422682140e-06  -9.094616801993061e-06  1.603919122467520e-05
6.330000000000001e+00  7.006271184877877e-06  -9.105570691729135e-06  1.611184187660701e-05
6.340000000000001e+00  7.058972510320096e-06  -9.110364767778692e-06  1.616933727809879e-05
6.350000000000001e+00  7.102917478606133e-06  -9.109164562041383e-06  1.621208204064752e-05
6.360000000000001e+00  7.138346877830476e-06  -9.102135123725950e-06  1.624048200155643e-05
6.370000000000001e+00  7.165502882488325e-06  -9.089440927025664e-06  1.625494380951399e-05
6.380000000000001e+00  7.184628739727714e-06  -9.071245781533153e-06  1.625587452126087e-05
6.390000000000001e+00  7.195968464111301e-06  -9.047712745378200e-06  1.624368120948950e-05
6.400000000000001e+00  7.199766540994966e-06  -9.019004041065171e-06  1.621877058206014e-05
6.410000000000001e+00  7.196267638621087e-06  -8.985280973941541e-06  1.618154861256263e-05
6.420000000000001e+00  7.185716329016118e-06  -8.946703853310712e-06  1.613242018232683e-05
6.430000000000001e+00  7.168356817774863e-06  -8.903431916109224e-06  1.607178873388409e-05
6.440000000000001e+00  7.144432682771184e-06  -8.855623253152961e-06  1.600005593592415e-05
6.450000000000001e+00  7.114186621853935e-06  -8.803434737909068e-06  1.591762135976300e-05
6.460000000000001e+00  7.077860209546653e-06  -8.747021957742166e-06  1.582488216728882e-05
6.470000000000001e+00  7.035693662792603e-06  -8.686539147648965e-06  1.572223281044157e-05
6.480000000000001e+00  6.987925615711103e-06  -8.622139126400552e-06  1.561006474211165e-05
6.490000000000001e+00  6.934792903391349e-06  -8.553973235109376e-06  1.548876613850073e-05
6.500000000000001e+00  6.876530354693467e-06  -8.482191278154505e-06  1.535872163284797e-05
6.510000000000001e+00  6.813370594025914e-06  -8.406941466455162e-06  1.522031206048108e-05
6.520000000000001e+00  6.745543852048291e-06  -8.328370363068902e-06  1.507391421511719e-05
6.530000000000001e+00  6.673277785273380e-06  -8.246622831071641e-06  1.491990061634502e-05
6.540000000000001e+00  6.596797304476535e-06  -8.161841983696730e-06  1.475863928817326e-05
6.550000000000001e+00  6.516324411866379e-06  -8.074169136711192e-06  1.459049354857757e-05
6.560000000000001e+00  6.432078046916383e-06  -7.983743762991879e-06  1.441582180990826e-05
6.570000000000001e+00  6.344273940784853e-06  -7.890703449290179e-06  1.423497739007503e-05
6.580000000000001e+00  6.253124479211022e-06  -7.795183855127602e-06  1.404830833433862e-05
6.590000000000001e+00  6.158838573795820e-06  -7.697318673837696e-06  1.385615724763351e-05
6.600000000000001e+00  6.061621541544984e-06  -7.597239595683456e-06  1.365886113722844e-05
6.610000000000001e+00  5.961674992554368e-06  -7.495076273055073e-06  1.345675126560944e-05
6.620000000000001e+00  5.859196725717088e-06  -7.390956287709893e-06  1.325015301342698e-05
6.630000000000001e+00  5.754380632319489e-06  -7.285005120016010e-06  1.303938575233550e-05
6.640000000000001e+00  5.647416607375705e-06  -7.177346120192919e-06  1.282476272756862e-05
6.650000000000001e+00  5.538490468571426e-06  -7.068100481510540e-06  1.260659095008197e-05
6.660000000000001e+00  5.427783882665266e-06  -6.957387215417959e-06  1.238517109808323e-05
6.670000000000001e+00  5.315474299183778e-06  -6.845323128583771e-06  1.216079742776755e-05
6.680000000000001e+00  5.201734891253220e-06  -6.732022801804000e-06  1.193375769305722e-05
6.690000000000001e+00  5.086734503431423e-06  -6.617598570773134e-06  1.170433307420456e-05
6.700000000000001e+00  4.970637606328873e-06  -6.502160508668614e-06  1.147279811499749e-05
6.710000000000001e+00  4.853604257889884e-06  -6.385816410538028e-06  1.123942066842791e-05
6.720000000000001e+00  4.735790071143243e-06  -6.268671779447984e-06  1.100446185059123e-05
6.730000000000001e+00  4.617346188249516e-06  -6.150829814380731e-06  1.076817600263025e-05
6.740000000000001e+00  4.498419260667369e-06  -6.032391399829842e-06  1.053081066049721e-05
6.750000000000001e+00  4.379151435270450e-06  -5.913455097094180e-06  1.029260653236463e-05
6.760000000000001e+00  4.259680346214159e-06  -5.794117137217027e-06  1.005379748343119e-05
6.770000000000001e+00  4.140139112391237e-06  -5.674471415557877e-06  9.814610527949114e-06
6.780000000000001e+00  4.020656340276130e-06  -5.554609487953532e-06  9.575265828229662e-06
6.790000000000001e+00  3.901356131993437e-06  -5.434620568461196e-06  9.335976700454632e-06
6.800000000000001e+00  3.782358098399576e-06  -5.314591528627414e-06  9.096949627026990e-06
6.810000000000001e+00  3.663777377019854e-06  -5.194606898276176e-06  8.858384275296031e-06
6.820000000000001e+00  3.545724654638670e-06  -5.074748867783651e-06  8.620473522422321e-06
6.830000000000001e+00  3.428306194363625e-06  -4.955097291783111e-06  8.383403486146735e-06
6.840000000000001e+00  3.311623866985611e-06  -4.835729694317346e-06  8.147353561302958e-06
6.850000000000001e+00  3.195775186436696e-06  -4.716721275364043e-06  7.912496461800740e-06
6.860000000000001e+00  3.080853349176446e-06  -4.598144918726079e-06  7.678998267902525e-06
6.870000000000001e+00  2.966947277330537e-06  -4.480071201259548e-06  7.447018478590085e-06
6.880000000000001e+00  2.854141665370913e-06  -4.362568403391806e-06  7.216710068762719e-06
6.890000000000001e+00  2.742517030206997e-06  -4.245702520915232e-06  6.988219551122229e-06
6.900000000000001e+00  2.632149764459829e-06  -4.129537278006992e-06  6.761687042466821e-06
6.910000000000001e+00  2.523112192791011e-06  -4.014134141471456e-06  6.537246334262467e-06
6.920000000000001e+00  2.415472631071810e-06  -3.899552336142921e-06  6.315024967214731e-06
6.930000000000001e+00  2.309295448261504e-06  -3.785848861433450e-06  6.095144309694955e-06
6.940000000000001e+00  2.204641130791474e-06  -3.673078508996254e-06  5.877719639787729e-06
6.950000000000001e+00  2.101566349310952e-06  -3.561293881457917e-06  5.662860230768870e-06
6.960000000000001e+00  2.000124027631896e-06  -3.450545412205765e-06  5.450669439837662e-06
6.970000000000001e+00  1.900363413691761e-06  -3.340881386175589e-06  5.241244799867350e-06
6.980000000000001e+00  1.802330152404705e-06  -3.232347961631873e-06  5.034678114036579e-06
6.990000000000001e+00  1.706066360229966e-06  -3.124989192887637e-06  4.831055553117602e-06
7.000000000000001e+00  1.611610701303736e-06  -3.018847053932757e-06  4.630457755236493e-06
7.010000000000001e+00  1.518998464997161e-06  -2.913961462959847e-06  4.432959927957009e-06
7.020000000000001e+00  1.428261644756865e-06  -2.810370307710630e-06  4.238631952467494e-06
7.030000000000001e+00  1.339429018068788e-06  -2.708109471661119e-06  4.047538489729907e-06
7.040000000000001e+00  1.252526227428923e-06  -2.607212860973734e-06  3.859739088402657e-06
7.050000000000001e+00  1.167575862174055e-06  -2.507712432191997e-06  3.675288294366052e-06
7.060000000000001e+00  1.084597541046600e-06  -2.409638220658900e-06  3.494235761705500e-06
7.070000000000001e+00  1.003607995356271e-06  -2.313018369601792e-06  3.316626364958063e-06
7.080000000000001e+00  9.246211526436982e-07  -2.217879159871132e-06  3.142500312514830e-06
7.090000000000001e+00  8.476482206813611e-07  -2.124245040285145e-06  2.971893260966506e-06
7.100000000000001e+00  7.726977717428622e-07  -2.032138658558900e-06  2.804836430301762e-06
7.110000000000001e+00  6.997758269888373e-07  -1.941580892763276e-06  2.641356719752113e-06
7.120000000000001e+00  6.288859408919565e-07  -1.852590883305746e-06  2.481476824197703e-06
7.130000000000001e+00  5.600292855764192e-07  -1.765186065395236e-06  2.325215350971655e-06
7.140000000000001e+00  4.932047349757845e-07  -1.679382201926972e-06  2.172586936902756e-06
7.150000000000001e+00  4.284089487260449e-07  -1.595193416804716e-06  2.023602365530761e-06
7.160000000000001e+00  3.656364556706944e-07  -1.512632228619774e-06  1.878268684290468e-06
7.170000000000001e+00  3.048797369279157e-07  -1.431709584693517e-06  1.736589321621432e-06
7.180000000000001e+00  2.461293083935597e-07  -1.352434895421554e-06  1.598564203815114e-06
7.190000000000001e+00  1.893738026345690e-07  -1.274816068900617e-06  1.464189871535186e-06
7.200000000000001e+00  1.346000500641771e-07  -1.198859545810270e-06  1.333459595874447e-06
7.210000000000001e+00  8.179315935449649e-08  -1.124570334512022e-06  1.206363493866519e-06
7.220000000000001e+00  3.093659698047123e-08  -1.051952046330892e-06  1.082888643311364e-06
7.230000000000001e+00  -1.798773413654901e-08  -9.810069309973588e-07  9.630191968608098e-07
7.240000000000001e+00  -6.499941696886768e-08  -9.117359122244195e-07  8.467364952555519e-07
7.250000000000001e+00  -1.101194437653362e-07  -8.441386233631606e-07  7.340191795978244e-07
7.260000000000001e+00  -1.533701405300340e-07  -7.782134431498308e-07  6.248433026197968e-07
7.270000000000001e+00  -1.947750926474582e-07  -7.139575314666191e-07  5.191824388191609e-07
7.280000000000001e+00  -2.343590717020344e-07  -6.513668651456280e-07  4.170077934435936e-07
7.290000000000001e+00  -2.721479635546649e-07  -5.904362737246174e-07  3.182883101699524e-07
7.300000000000001e+00  -3.081686976920015e-07  -5.311594751832825e-07  2.229907774912810e-07
7.310000000000001e+00  -3.424491779196985e-07  -4.735291115956825e-07  1.310799336759840e-07
7.320000000000001e+00  -3.750182144019106e-07  -4.175367846995139e-07  4.251857029760327e-08
7.330000000000001e+00  -4.059054571155930e-07  -3.631730913340123e-07  -4.273236578158077e-08
7.340000000000001e+00  -4.351413307202247e-07  -3.104276587369414e-07  -1.247136719832833e-07
7.350000000000001e+00  -4.627569708939459e-07  -2.592891796796577e-07  -2.034677912142882e-07
7.360000000000001e+00  -4.887841621423956e-07  -2.097454473964365e-07  -2.790387147459591e-07
7.370000000000001e+00  -5.132552771193333e-07  -1.617833903071790e-07  -3.514718868121543e-07
7.380000000000001e+00  -5.362032174630212e-07  -1.153891065080613e-07  -4.208141109549600e-07
7.390000000000001e+00  -5.576613561760670e-07  -7.054789798946538e-08  -4.871134581866016e-07
7.400000000000001e+00  -5.776634815573613e-07  -2.724430459013361e-08  -5.504191769672277e-07
7.410000000000001e+00  -5.962437427011413e-07  1.453786235459198e-08  -6.107816050557333e-07
7.420000000000001e+00  -6.134365965727949e-07  5.481548668251277e-08  -6.682520832553076e-07
7.430000000000001e+00  -6.292767566625891e-07  9.360611440998878e-08  -7.228828710725779e-07
7.440000000000001e+00  -6.437991432294139e-07  1.309279210876509e-07  -7.747270643170649e-07
7.450000000000001e+00  -6.570388351353815e-07  1.667996795341647e-07  -8.238385146695461e-07
7.460000000000001e+00  -6.690310232712677e-07  2.012407279517606e-07  -8.702717512230283e-07
7.470000000000001e+00  -6.798109655657398e-07  2.342709384476854e-07  -9.140819040134251e-07
7.480000000000001e+00  -6.894139435890464e-07  2.659106859756126e-07  -9.553246295646591e-07
7.490000000000001e+00  -6.978752207335761e-07  2.961808177057204e-07  -9.940560384392964e-07
7.500000000000001e+00  -7.052300019692895e-07  3.251026228459772e-07  -1.030332624815267e-06
7.510000000000001e+00  -7.115133951553142e-07  3.526978029247193e-07  -1.064211198080033e-06
7.520000000000001e+00  -7.167603739318518e-07  3.789884425265349e-07  -1.095748816458387e-06
7.530000000000001e+00  -7.210057421275092e-07  4.039969805445000e-07  -1.125002722672009e-06
7.540000000000001e+00  -7.242840997092881e-07  4.277461818975856e-07  -1.152030281606874e-06
7.550000000000001e+00  -7.266298102560429e-07  4.502591097702255e-07  -1.176888920026268e-06
7.560000000000001e+00  -7.280769699132534e-07  4.715590983550198e-07  -1.199636068268273e-06
7.570000000000001e+00  -7.286593778475518e-07  4.916697261282223e-07  -1.220329103975774e-06
7.580000000000001e+00  -7.284105081545500e-07  5.106147896537221e-07  -1.239025297808272e-06
7.590000000000001e+00  -7.273634832171599e-07  5.284182779281805e-07  -1.255781761145340e-06
7.600000000000001e+00  -7.255510484753451e-07  5.451043472675685e-07  -1.270655395742914e-06
7.610000000000001e+00  -7.230055486202498e-07  5.606972967602746e-07  -1.283702845380524e-06
7.620000000000001e+00  -7.197589051411486e-07  5.752215442669276e-07  -1.294980449408076e-06
7.630000000000001e+00  -7.158425952460483e-07  5.887016029927905e-07  -1.304544198238839e-06
7.640000000000001e+00  -7.112876321051758e-07  6.011620586304203e-07  -1.312449690735596e-06
7.650000000000001e+00  -7.061245464031065e-07  6.126275470724327e-07  -1.318752093475539e-06
7.660000000000001e+00  -7.003833691658135e-07  6.231227327080543e-07  -1.323506101873868e-06
7.670000000000001e+00  -6.940936158503370e-07  6.326722873004512e-07  -1.326765903150788e-06
7.680000000000001e+00  -6.872842716503031e-07  6.413008694426266e-07  -1.328585141092930e-06
7.690000000000001e+00  -6.799837780021181e-07  6.490331046069237e-07  -1.329016882609042e-06
7.700000000000001e+00  -6.722200202685202e-07  6.558935657786401e-07  -1.328113586047160e-06
7.710000000000001e+00  -6.640203165520777e-07  6.619067546806491e-07  -1.325927071232727e-06
7.720000000000001e+00  -6.554114076282113e-07  6.670970835846131e-07  -1.322508491212824e-06
7.730000000000001e+00  -6.464194479595194e-07  6.714888577173921e-07  -1.317908305676912e-06
7.740000000000001e+00  -6.370699977604325e-07  6.751062582501237e-07  -1.312176256010556e-06
7.750000000000001e+00  -6.273880160879572e-07  6.779733258811200e-07  -1.305361341969077e-06
7.760000000000001e+00  -6.173978549259166e-07  6.801139450040834e-07  -1.297511799930000e-06
7.770000000000001e+00  -6.071232542226068e-07  6.815518284605775e-07  -1.288675082683184e-06
7.780000000000001e+00  -5.965873378783725e-07  6.823105028778568e-07  -1.278897840756229e-06
7.790000000000001e+00  -5.858126106154695e-07  6.824132945842847e-07  -1.268225905199754e-06
7.800000000000001e+00  -5.748209557299926e-07  6.818833161047860e-07  -1.256704271834779e-06
7.810000000000001e+00  -5.636336336824696e-07  6.807434532241317e-07  -1.244377086906601e-06
7.820000000000001e+00  -5.522712814964078e-07  6.790163526306940e-07  -1.231287634127102e-06
7.830000000000001e+00  -5.407539129414003e-07  6.767244101114556e-07  -1.217478323052856e-06
7.840000000000001e+00  -5.291009194556698e-07  6.738897593182712e-07  -1.202990678773941e-06
7.850000000000001e+00  -5.173310718006319e-07  6.705342610820682e-07  -1.187865332882700e-06
7.860000000000001e+00  -5.054625223959185e-07  6.666794932815430e-07  -1.172142015677461e-06
7.870000000000001e+00  -4.935128083177912e-07  6.623467412518094e-07  -1.155859549569601e-06
7.880000000000001e+00  -4.814988549280851e-07  6.575569887301286e-07  -1.139055843658214e-06
7.890000000000001e+00  -4.694369801032286e-07  6.523309093351116e-07  -1.121767889438340e-06
7.900000000000001e+00  -4.573428990382626e-07  6.466888585644257e-07  -1.104031757602688e-06
7.910000000000001e+00  -4.452317295941075e-07  6.406508663146667e-07  -1.085882595908774e-06
7.920000000000001e+00  -4.331179981583214e-07  6.342366299018670e-07  -1.067354628060188e-06
7.930000000000001e+00  -4.210156460029914e-07  6.274655075903121e-07  -1.048481153593304e-06
7.940000000000001e+00  -4.089380360928698e-07  6.203565126073410e-07  -1.029294548700211e-06
7.950000000000001e+00  -3.968979603409812e-07  6.129283076464682e-07  -1.009826267987450e-06
7.960000000000001e+00  -3.849076472618150e-07  6.051991998432056e-07  -9.901068471050207e-07
7.970000000000001e+00  -3.729787700133565e-07  5.971871362143383e-07  -9.701659062276948e-07
7.980000000000001e+00  -3.611224547981199e-07  5.889096995607115e-07  -9.500321543588313e-07
7.990000000000001e+00  -3.493492895953991e-07  5.803841048122983e-07  -9.297333944076974e-07
8.000000000000002e+00  -3.376693331965032e-07  5.716271958108287e-07  -9.092965290073318e-07
8.010000000000002e+00  -3.260921245411794e-07  5.626554425200571e-07  -8.887475670612365e-07
8.020000000000001e+00  -3.146266922979718e-07  5.534849386673647e-07  -8.681116309653366e-07
8.030000000000001e+00  -3.032815646969626e-07  5.441313997678673e-07  -8.474129644648299e-07
8.040000000000003e+00  -2.920647795759276e-07  5.346101615677734e-07  -8.266749411437011e-07
8.050000000000002e+00  -2.809838946233108e-07  5.249361788689304e-07  -8.059200734922412e-07
8.060000000000002e+00  -2.700459978003297e-07  5.151240247290574e-07  -7.851700225293871e-07
8.070000000000002e+00  -2.592577179117587e-07  5.051878900259626e-07  -7.644456079377213e-07
8.080000000000002e+00  -2.486252353249122e-07  4.951415833874319e-07  -7.437668187123441e-07
8.090000000000002e+00  -2.381542927935662e-07  4.849985314559688e-07  -7.231528242495350e-07
8.100000000000001e+00  -2.278502063913858e-07  4.747717794945690e-07  -7.026219858859548e-07
8.110000000000001e+00  -2.177178765201806e-07  4.644739923151539e-07  -6.821918688353345e-07
8.120000000000003e+00  -2.077617989900706e-07  4.541174555185027e-07  -6.618792545085733e-07
8.130000000000003e+00  -1.979860761381755e-07  4.437140770428095e-07  -6.417001531809850e-07
8.140000000000002e+00  -1.883944279920247e-07  4.332753889967090e-07  -6.216698169887337e-07
8.150000000000002e+00  -1.789902034404617e-07  4.228125497792038e-07  -6.018027532196655e-07
8.160000000000002e+00  -1.697763914113361e-07  4.123363464692831e-07  -5.821127378806191e-07
8.170000000000002e+00  -1.607556320380997e-07  4.018571974740818e-07  -5.626128295121815e-07
8.180000000000001e+00  -1.519302278032668e-07  3.913851554315173e-07  -5.433153832347841e-07
8.190000000000001e+00  -1.433021546383967e-07  3.809299103473724e-07  -5.242320649857691e-07
8.200000000000001e+00  -1.348730729825124e-07  3.705007929645258e-07  -5.053738659470381e-07
8.210000000000003e+00  -1.266443387741157e-07  3.601067783508334e-07  -4.867511171249492e-07
8.220000000000002e+00  -1.186170143681081e-07  3.497564896962339e-07  -4.683735040643421e-07
8.230000000000002e+00  -1.107918793791546e-07  3.394582023105226e-07  -4.502500816896772e-07
8.240000000000002e+00  -1.031694414191771e-07  3.292198478049908e-07  -4.323892892241679e-07
8.250000000000002e+00  -9.574994674243455e-08  3.190490184605571e-07  -4.147989652029916e-07
8.260000000000002e+00  -8.853339077298956e-08  3.089529717601520e-07  -3.974863625331416e-07
8.270000000000001e+00  -8.151952851267042e-08  2.989386350860288e-07  -3.804581635986993e-07
8.280000000000001e+00  -7.470788482226225e-08  2.890126105657508e-07  -3.637204953880130e-07
8.290000000000003e+00  -6.809776456357973e-08  2.791811800578948e-07  -3.472789446214745e-07
8.300000000000002e+00  -6.168826260174029e-08  2.694503102789074e-07  -3.311385728806477e-07
8.310000000000002e+00  -5.547827365465228e-08  2.598256580438087e-07  -3.153039316984610e-07
8.320000000000002e+00  -4.946650198724928e-08  2.503125756302101e-07  -2.997790776174594e-07
8.330000000000002e+00  -4.365147094562490e-08  2.409161162479835e-07  -2.845675871936084e-07
8.340000000000002e+00  -3.803153232202955e-08  2.316410395982384e-07  -2.696725719202680e-07
8.350000000000001e+00  -3.260487554435534e-08  2.224918175452664e-07  -2.550966930896217e-07
8.360000000000001e+00  -2.736953669864691e-08  2.134726398440112e-07  -2.408421765426582e-07
8.370000000000003e+00  -2.232340735927082e-08  2.045874199586656e-07  -2.269108273179364e-07
8.380000000000003e+00  -1.746424324429669e-08  1.958398009467928e-07  -2.133040441910895e-07
8.390000000000002e+00  -1.278967267453594e-08  1.872331613966417e-07  -2.000228340711776e-07
8.400000000000002e+00  -8.297204847837670e-09  1.787706214245299e-07  -1.870678262723675e-07
8.410000000000002e+00  -3.984237915812106e-09  1.704550487099521e-07  -1.744392866257642e-07
8.420000000000002e+00  1.519331337028518e-10  1.622890645729306e-07  -1.621371314392277e-07
8.430000000000001e+00  4.114108793322329e-09  1.542750500824295e-07  -1.501609412891072e-07
8.440000000000001e+00  7.905177552507571e-09  1.464151521878481e-07  -1.385099746353405e-07
8.450000000000001e+00  1.152810861373807e-08  1.387112898687368e-07  -1.271831812549987e-07
8.460000000000003e+00  1.498594481439371e-08  1.311651602972691e-07  -1.161792154828754e-07
8.470000000000002e+00  1.828179574834001e-08  1.237782450067201e-07  -1.054964492583801e-07
8.480000000000002e+00  2.141883109299030e-08  1.165518160576369e-07  -9.513298496464663e-08
8.490000000000002e+00  2.440027414000277e-08  1.094869421982904e-07  -8.508666805828766e-08
8.500000000000002e+00  2.722939553037167e-08  1.025844950173188e-07  -7.535509948694712e-08
8.510000000000002e+00  2.990950719152903e-08  9.584515507010408e-08  -6.593564787857504e-08
8.520000000000001e+00  3.244395648159995e-08  8.926941799573609e-08  -5.682546151413613e-08
8.530000000000001e+00  3.483612053016078e-08  8.285760059292370e-08  -4.802148006276292e-08
8.540000000000003e+00  3.708940078589942e-08  7.660984687111771e-08  -3.952044608521829e-08
8.550000000000002e+00  3.920721776099588e-08  7.052613406609730e-08  -3.131891630510142e-08
8.560000000000002e+00  4.119300597675626e-08  6.460627860217745e-08  -2.341327262542118e-08
8.570000000000002e+00  4.305020910516626e-08  5.884994202385859e-08  -1.579973291869233e-08
8.580000000000002e+00  4.478227530519926e-08  5.325663686142800e-08  -8.474361556228735e-09
8.590000000000002e+00  4.639265275450186e-08  4.782573245458740e-08  -1.433079700085541e-09
8.600000000000001e+00  4.788478537165888e-08  4.255646070520626e-08  5.328324666452621e-09
8.610000000000001e+00  4.926210872457815e-08  3.744792177772781e-08  1.181418694685034e-08
8.620000000000003e+00  5.052804613151099e-08  3.249908972687912e-08  1.802895640463188e-08
8.630000000000003e+00  5.168600493781406e-08  2.770881805737599e-08  2.397718688043807e-08
8.640000000000002e+00  5.273937298141156e-08  2.307584521056242e-08  2.966352777084914e-08
8.650000000000002e+00  5.369151522944434e-08  1.859879997545781e-08  3.509271525398653e-08
8.660000000000002e+00  5.454577059655708e-08  1.427620681973713e-08  4.026956377681995e-08
8.670000000000002e+00  5.530544892580626e-08  1.010649113791671e-08  4.519895778788955e-08
8.680000000000001e+00  5.597382814944789e-08  6.087984417157345e-09  4.988584373229054e-08
8.690000000000001e+00  5.655415160437170e-08  2.218929314240754e-09  5.433522229013095e-08
8.700000000000003e+00  5.704962551574565e-08  -1.502515357255363e-09  5.855214087300101e-08
8.710000000000003e+00  5.746341663377078e-08  -5.078269728137327e-09  6.254168636190811e-08
8.720000000000002e+00  5.779865002868767e-08  -8.510328073791282e-09  6.630897810247896e-08
8.730000000000002e+00  5.805840703321647e-08  -1.180075410296437e-08  6.985916113618084e-08
8.740000000000002e+00  5.824572333468730e-08  -1.495167635105825e-08  7.319739968574555e-08
8.750000000000002e+00  5.836358720609435e-08  -1.796528366311049e-08  7.632887086920484e-08
8.760000000000002e+00  5.841493787913741e-08  -2.084382078600287e-08  7.925875866514028e-08
8.770000000000001e+00  5.840266405111190e-08  -2.358958405286865e-08  8.199224810398056e-08
8.780000000000001e+00  5.832960252371449e-08  -2.620491717566069e-08  8.453451969937518e-08
8.790000000000003e+00  5.819853696682412e-08  -2.869220713760935e-08  8.689074410443348e-08
8.800000000000002e+00  5.801219680834523e-08  -3.105388019080748e-08  8.906607699915270e-08
8.810000000000002e+00  5.777325624028357e-08  -3.329239795465672e-08  9.106565419494028e-08
8.820000000000002e+00  5.748433334137758e-08  -3.541025362426700e-08  9.289458696564458e-08
8.830000000000002e+00  5.714798931172236e-08  -3.740996827832816e-08  9.455795759005052e-08
8.840000000000002e+00  5.676672781168092e-08  -3.929408729511375e-08  9.606081510679467e-08
8.850000000000001e+00  5.634299440735808e-08  -4.106517687238247e-08  9.740817127974055e-08
8.860000000000001e+00  5.587917611334453e-08  -4.272582065355759e-08  9.860499676690212e-08
8.870000000000003e+00  5.537760103025509e-08  -4.427861645621349e-08  9.965621748646857e-08
8.880000000000003e+00  5.484053807686187e-08  -4.572617310661837e-08  1.005667111834802e-07
8.890000000000002e+00  5.427019680749474e-08  -4.707110737850830e-08  1.013413041860030e-07
8.900000000000002e+00  5.366872731229671e-08  -4.831604103344867e-08  1.019847683457454e-07
8.910000000000002e+00  5.303822020319328e-08  -4.946359796639213e-08  1.025018181695854e-07
8.920000000000002e+00  5.238070667006394e-08  -5.051640145089200e-08  1.028971081209559e-07
8.930000000000001e+00  5.169815861527752e-08  -5.147707148767932e-08  1.031752301029568e-07
8.940000000000001e+00  5.099248885441636e-08  -5.234822224988770e-08  1.033407111043041e-07
8.950000000000003e+00  5.026555138615513e-08  -5.313245963230448e-08  1.033980110184596e-07
8.960000000000003e+00  4.951914172219468e-08  -5.383237889465860e-08  1.033515206168533e-07
8.970000000000002e+00  4.875499728059437e-08  -5.445056240395306e-08  1.032055596845474e-07
8.980000000000002e+00  4.797479783059686e-08  -5.498957747135315e-08  1.029643753019500e-07
8.990000000000002e+00  4.718016599632640e-08  -5.545197428642790e-08  1.026321402827543e-07
9.000000000000002e+00  4.637266780546583e-08  -5.584028393798890e-08  1.022129517434547e-07
9.010000000000002e+00  4.555381329119642e-08  -5.615701653212828e-08  1.017108298233247e-07
9.020000000000001e+00  4.472505713074216e-08  -5.640465940463945e-08  1.011297165353816e-07
9.030000000000001e+00  4.388779933472123e-08  -5.658567540971025e-08  1.004734747444315e-07
9.040000000000003e+00  4.304338596757660e-08  -5.670250130424029e-08  9.974588727181688e-08
9.050000000000002e+00  4.219310990896608e-08  -5.675754622161457e-08  9.895065613058064e-08
9.060000000000002e+00  4.133821164773508e-08  -5.675319021837726e-08  9.809140186611234e-08
9.070000000000002e+00  4.047988010603802e-08  -5.669178291405369e-08  9.717166302009171e-08
9.080000000000002e+00  3.961925349494712e-08  -5.657564220623720e-08  9.619489570118431e-08
9.090000000000002e+00  3.875742019182226e-08  -5.640705306671845e-08  9.516447325854070e-08
9.100000000000001e+00  3.789541964831443e-08  -5.618826641538673e-08  9.408368606370115e-08
9.110000000000001e+00  3.703424331503205e-08  -5.592149806918324e-08  9.295574138421529e-08
9.120000000000003e+00  3.617483558998499e-08  -5.560892776546560e-08  9.178376335545058e-08
9.130000000000003e+00  3.531809478102641e-08  -5.525269826077081e-08  9.057079304179721e-08
9.140000000000002e+00  3.446487408942704e-08  -5.485491449682698e-08  8.931978858625402e-08
9.150000000000002e+00  3.361598260288695e-08  -5.441764283823590e-08  8.803362544112284e-08
9.160000000000002e+00  3.277218630371905e-08  -5.394291037567337e-08  8.671509667939242e-08
9.170000000000002e+00  3.193420908668229e-08  -5.343270429864315e-08  8.536691338532543e-08
9.180000000000001e+00  3.110273378402563e-08  -5.288897132828887e-08  8.399170511231449e-08
9.190000000000001e+00  3.027840320089607e-08  -5.231361721564118e-08  8.259202041653725e-08
9.200000000000003e+00  2.946182115404430e-08  -5.170850629997359e-08  8.117032745401789e-08
9.210000000000003e+00  2.865355351468757e-08  -5.107546112659022e-08  7.972901464127779e-08
9.220000000000002e+00  2.785412925534771e-08  -5.041626212054503e-08  7.827039137589275e-08
9.230000000000002e+00  2.706404149399974e-08  -4.973264731991918e-08  7.679668881391891e-08
9.240000000000002e+00  2.628374854549874e-08  -4.902631215850450e-08  7.531006070400324e-08
9.250000000000002e+00  2.551367496249149e-08  -4.829890930641453e-08  7.381258426890603e-08
9.260000000000002e+00  2.475421258090063e-08  -4.755204855736026e-08  7.230626113826089e-08
9.270000000000001e+00  2.400572155420382e-08  -4.678729676680321e-08  7.079301832100703e-08
9.280000000000001e+00  2.326853139149670e-08  -4.600617783986228e-08  6.927470923135898e-08
9.290000000000003e+00  2.254294198007322e-08  -4.521017276100600e-08  6.775311474107921e-08
9.300000000000002e+00  2.182922460611714e-08  -4.440071967308984e-08  6.622994427920698e-08
9.310000000000002e+00  2.112762296595735e-08  -4.357921399445287e-08  6.470683696041023e-08
9.320000000000002e+00  2.043835416606881e-08  -4.274700858243490e-08  6.318536274850370e-08
9.330000000000002e+00  1.976160971493645e-08  -4.190541393323862e-08  6.166702364817507e-08
9.340000000000002e+00  1.909755650270632e-08  -4.105569841673853e-08  6.015325491944485e-08
9.350000000000001e+00  1.844633776593821e-08  -4.019908856060543e-08  5.864542632654364e-08
9.360000000000001e+00  1.780807404453069e-08  -3.933676935260371e-08  5.714484339713440e-08
9.370000000000003e+00  1.718286412150866e-08  -3.846988458736182e-08  5.565274870887048e-08
9.380000000000003e+00  1.657078594852730e-08  -3.759953724395904e-08  5.417032319248634e-08
9.390000000000002e+00  1.597189755653411e-08  -3.672678988839040e-08  5.269868744492451e-08
9.400000000000002e+00  1.538623795088132e-08  -3.585266511204884e-08  5.123890306293016e-08
9.410000000000002e+00  1.481382798930374e-08  -3.497814599354163e-08  4.979197398284537e-08
9.420000000000002e+00  1.425467124461467e-08  -3.410417658538591e-08  4.835884783000059e-08
9.430000000000001e+00  1.370875484661867e-08  -3.323166242830940e-08  4.694041727492806e-08
9.440000000000001e+00  1.317605030938879e-08  -3.236147108714219e-08  4.553752139653098e-08
9.450000000000003e+00  1.265651433929768e-08  -3.149443270708316e-08  4.415094704638083e-08
9.460000000000003e+00  1.215008962228306e-08  -3.063134059152921e-08  4.278143021381227e-08
9.470000000000002e+00  1.165670559490336e-08  -2.977295179798179e-08  4.142965739288516e-08
9.480000000000002e+00  1.117627919382506e-08  -2.891998775096377e-08  4.009626694478883e-08
9.490000000000002e+00  1.070871558698054e-08  -2.807313487239577e-08  3.878185045937631e-08
9.500000000000002e+00  1.025390888404359e-08  -2.723304522281904e-08  3.748695410686263e-08
9.510000000000002e+00  9.811742828393409e-09  -2.640033716075704e-08  3.621207998915045e-08
9.520000000000001e+00  9.382091466197807e-09  -2.557559600993531e-08  3.495768747613312e-08
9.530000000000001e+00  8.964819798970620e-09  -2.475937473963271e-08  3.372419453860332e-08
9.540000000000003e+00  8.559784412293516e-09  -2.395219465274582e-08  3.251197906503934e-08
9.550000000000002e+00  8.166834086962847e-09  -2.315454608394264e-08  3.132138017090549e-08
9.560000000000002e+00  7.785810389421986e-09  -2.236688910235809e-08  3.015269949178008e-08
9.570000000000002e+00  7.416548240564957e-09  -2.158965422340290e-08  2.900620246396786e-08
9.580000000000002e+00  7.058876467231634e-09  -2.082324312277858e-08  2.788211959001021e-08
9.590000000000002e+00  6.712618330598891e-09  -2.006802935386060e-08  2.678064768445949e-08
9.600000000000001e+00  6.377592039454762e-09  -1.932435907168468e-08  2.570195111113945e-08
9.610000000000001e+00  6.053611239243626e-09  -1.859255175290689e-08  2.464616299215052e-08
9.620000000000003e+00  5.740485484405269e-09  -1.787290092259563e-08  2.361338640700090e-08
9.630000000000003e+00  5.438020692495876e-09  -1.716567487457644e-08  2.260369556707231e-08
9.640000000000002e+00  5.146019578818978e-09  -1.647111739640556e-08  2.161713697522454e-08
9.650000000000002e+00  4.864282071330144e-09  -1.578944848854147e-08  2.065373055987161e-08
9.660000000000002e+00  4.592605711119246e-09  -1.512086508349529e-08  1.971347079461454e-08
9.670000000000002e+00  4.330786031132246e-09  -1.446554175803936e-08  1.879632778917160e-08
9.680000000000001e+00  4.078616922505777e-09  -1.382363144662628e-08  1.790224836913205e-08
9.690000000000001e+00  3.835890978760946e-09  -1.319526614375831e-08  1.703115712251925e-08
9.700000000000003e+00  3.602399827904927e-09  -1.258055760579887e-08  1.618295743370380e-08
9.710000000000003e+00  3.377934447623905e-09  -1.197959804477576e-08  1.535753249239967e-08
9.720000000000002e+00  3.162285463149645e-09  -1.139246081453637e-08  1.455474627768601e-08
9.730000000000002e+00  2.955243432073874e-09  -1.081920109261292e-08  1.377444452468679e-08
9.740000000000002e+00  2.756599113302409e-09  -1.025985655131050e-08  1.301645566461291e-08
9.750000000000002e+00  2.566143722699067e-09  -9.714448022203666e-09  1.228059174490273e-08
9.760000000000002e+00  2.383669174055426e-09  -9.182980153342612e-09  1.156664932739804e-08
9.770000000000001e+00  2.208968308335468e-09  -8.665442056411243e-09  1.087441036474671e-08
9.780000000000001e+00  2.041835107610150e-09  -8.161807943193852e-09  1.020364305080400e-08
9.790000000000003e+00  1.882064898203622e-09  -7.672037755211981e-09  9.554102653415602e-09
9.800000000000002e+00  1.729454543198010e-09  -7.196077783085757e-09  8.925532326283766e-09
9.810000000000002e+00  1.583802618769924e-09  -6.733861274369879e-09  8.317663893139803e-09
9.820000000000002e+00  1.444909584878610e-09  -6.285309032425232e-09  7.730218617303841e-09
9.830000000000002e+00  1.312577941262013e-09  -5.850330004568732e-09  7.162907945830746e-09
9.840000000000002e+00  1.186612374481889e-09  -5.428821861652830e-09  6.615434236134719e-09
9.850000000000001e+00  1.066819896142525e-09  -5.020671560242101e-09  6.087491456384625e-09
9.860000000000001e+00  9.530099678643275e-10  -4.625755903353574e-09  5.578765871217901e-09
9.870000000000003e+00  8.449946217329274e-10  -4.243942083205561e-09  5.088936704938489e-09
9.880000000000003e+00  7.425885677067018e-10  -3.875088215558293e-09  4.617676783264995e-09
9.890000000000002e+00  6.456092948892905e-10  -3.519043862133652e-09  4.164653157022942e-09
9.900000000000002e+00  5.538771639886678e-10  -3.175650543370420e-09  3.729527707359089e-09
9.910000000000002e+00  4.672154914906876e-10  -2.844742237437462e-09  3.311957728928150e-09
9.920000000000002e+00  3.854506257483800e-10  -2.526145869668590e-09  2.911596495416970e-09
9.930000000000001e+00  3.084120168005224e-10  -2.219681790447601e-09  2.528093807248123e-09
9.940000000000001e+00  2.359322776984735e-10  -1.925164241333584e-09  2.161096519032058e-09
9.950000000000003e+00  1.678472405667604e-10  -1.642401809669214e-09  1.810249050235975e-09
9.960000000000003e+00  1.039960051162415e-10  -1.371197873530727e-09  1.475193878646968e-09
9.970000000000002e+00  4.422097906320731e-11  -1.111351031326397e-09  1.155572010389604e-09
9.980000000000002e+00  -1.163208351343072e-11  -8.626555255543919e-10  8.510234420409612e-10
9.990000000000002e+00  -6.371405417925193e-11  -6.249016494509847e-10  5.611875952717328e-10
