1.000000000000000e-15  1.000029910977707e+00  1.000027543657038e+00  2.367320668383854e-06
1.000000000000100e-02  9.999044357634675e-01  9.998857100607647e-01  1.872570270289309e-05
2.000000000000100e-02  9.995280898939555e-01  9.994603125503497e-01  6.777734360574605e-05
3.000000000000100e-02  9.989011126110008e-01  9.987516608425437e-01  1.494517684570429e-04
4.000000000000100e-02  9.980239023917941e-01  9.977602707371689e-01  2.636316546251738e-04
5.000000000000100e-02  9.968970165604499e-01  9.964868635257050e-01  4.101530347448978e-04
6.000000000000100e-02  9.955211707449567e-01  9.949323651645952e-01  5.888055803615622e-04
7.000000000000101e-02  9.938972381801688e-01  9.930979052147205e-01  7.993329654483183e-04
8.000000000000100e-02  9.920262488578707e-01  9.909848155487210e-01  1.041433309149742e-03
9.000000000000100e-02  9.899093885249621e-01  9.885946288282759e-01  1.314759696686263e-03
1.000000000000010e-01  9.875479975311480e-01  9.859290767538169e-01  1.618920777331057e-03
1.100000000000010e-01  9.849435695276754e-01  9.829900880895663e-01  1.953481438109028e-03
1.200000000000010e-01  9.820977500188516e-01  9.797797864670207e-01  2.317963551830893e-03
1.300000000000010e-01  9.790123347682258e-01  9.763004879705126e-01  2.711846797713191e-03
1.400000000000010e-01  9.756892680616502e-01  9.725546985087296e-01  3.134569552920685e-03
1.500000000000010e-01  9.721306408294224e-01  9.685451109763814e-01  3.585529853040947e-03
1.600000000000010e-01  9.683386886300897e-01  9.642746022106666e-01  4.064086419423019e-03
1.700000000000010e-01  9.643157894985077e-01  9.597462297473480e-01  4.569559751159691e-03
1.800000000000010e-01  9.600644616610262e-01  9.549632283816325e-01  5.101233279393713e-03
1.900000000000010e-01  9.555873611208469e-01  9.499290065393677e-01  5.658354581479119e-03
2.000000000000010e-01  9.508872791166425e-01  9.446471424642713e-01  6.240136652371220e-03
2.100000000000010e-01  9.459671394578377e-01  9.391213802272671e-01  6.845759230570625e-03
2.200000000000010e-01  9.408299957399919e-01  9.333556255641715e-01  7.474370175820422e-03
2.300000000000010e-01  9.354790284439460e-01  9.273539415482805e-01  8.125086895665490e-03
2.400000000000010e-01  9.299175419224426e-01  9.211205441046183e-01  8.796997817824281e-03
2.500000000000010e-01  9.241489612781562e-01  9.146597973727937e-01  9.489163905362474e-03
2.600000000000010e-01  9.181768291371879e-01  9.079762089256783e-01  1.020062021150958e-02
2.700000000000010e-01  9.120048023220667e-01  9.010744248511918e-01  1.093037747087489e-02
2.800000000000010e-01  9.056366484286256e-01  8.939592247047692e-01  1.167742372385638e-02
2.900000000000010e-01  8.990762423110275e-01  8.866355163402088e-01  1.244072597081869e-02
3.000000000000010e-01  8.923275624794599e-01  8.791083306265984e-01  1.321923185286145e-02
3.100000000000010e-01  8.853946874149778e-01  8.713828160594044e-01  1.401187135557347e-02
3.200000000000010e-01  8.782817918062019e-01  8.634642332736310e-01  1.481755853257094e-02
3.300000000000010e-01  8.709931427125083e-01  8.553579494672807e-01  1.563519324522755e-02
3.400000000000010e-01  8.635330956585241e-01  8.470694327432257e-01  1.646366291529844e-02
3.500000000000010e-01  8.559060906647368e-01  8.386042463778214e-01  1.730184428691539e-02
3.600000000000010e-01  8.481166482191289e-01  8.299680430245223e-01  1.814860519460659e-02
3.700000000000010e-01  8.401693651947012e-01  8.211665588608315e-01  1.900280633386975e-02
3.800000000000010e-01  8.320689107179525e-01  8.122056076869082e-01  1.986330303104433e-02
3.900000000000010e-01  8.238200219931897e-01  8.030910749841920e-01  2.072894700899774e-02
4.000000000000010e-01  8.154275000877644e-01  7.938289119423076e-01  2.159858814545679e-02
4.100000000000010e-01  8.068962056832234e-01  7.844251294625320e-01  2.247107622069144e-02
4.200000000000010e-01  7.982310547974198e-01  7.748857921460686e-01  2.334526265135128e-02
4.300000000000010e-01  7.894370144825745e-01  7.652170122752457e-01  2.422000220732878e-02
4.400000000000010e-01  7.805190985043684e-01  7.554249437956945e-01  2.509415470867393e-02
4.500000000000010e-01  7.714823630070080e-01  7.455157763075634e-01  2.596658669944463e-02
4.600000000000010e-01  7.623319021692671e-01  7.354957290735304e-01  2.683617309573660e-02
4.700000000000010e-01  7.530728438564391e-01  7.253710450514625e-01  2.770179880497659e-02
4.800000000000010e-01  7.437103452731122e-01  7.151479849592748e-01  2.856236031383741e-02
4.900000000000010e-01  7.342495886216182e-01  7.048328213794824e-01  2.941676724213571e-02
5.000000000000010e-01  7.246957767709681e-01  6.944318329107797e-01  3.026394386018838e-02
5.100000000000010e-01  7.150541289410154e-01  6.839512983737879e-01  3.110283056722751e-02
5.200000000000010e-01  7.053298764065443e-01  6.733974910779181e-01  3.193238532862619e-02
5.300000000000010e-01  6.955282582258672e-01  6.627766731561989e-01  3.275158506966824e-02
5.400000000000010e-01  6.856545169984977e-01  6.520950899746156e-01  3.355942702388204e-02
5.500000000000010e-01  6.757138946563266e-01  6.413589646223432e-01  3.435493003398338e-02
5.600000000000011e-01  6.657116282926790e-01  6.305744924891138e-01  3.513713580356526e-02
5.700000000000011e-01  6.556529460335102e-01  6.197478359355663e-01  3.590511009794395e-02
5.800000000000010e-01  6.455430629549160e-01  6.088851190624367e-01  3.665794389247934e-02
5.900000000000010e-01  6.353871770510187e-01  5.979924225839889e-01  3.739475446702978e-02
6.000000000000010e-01  6.251904652562018e-01  5.870757788109700e-01  3.811468644523186e-02
6.100000000000010e-01  6.149580795255256e-01  5.761411667481362e-01  3.881691277738941e-02
6.200000000000010e-01  6.046951429770466e-01  5.651945073110803e-01  3.950063566596629e-02
6.300000000000010e-01  5.944067460996785e-01  5.542416586668903e-01  4.016508743278813e-02
6.400000000000010e-01  5.840979430300397e-01  5.432884117028736e-01  4.080953132716614e-02
6.500000000000010e-01  5.737737479016850e-01  5.323404856274265e-01  4.143326227425848e-02
6.600000000000010e-01  5.634391312699146e-01  5.214035237066693e-01  4.203560756324531e-02
6.700000000000010e-01  5.530990166152869e-01  5.104830891404391e-01  4.261592747484788e-02
6.800000000000010e-01  5.427582769287453e-01  4.995846610807816e-01  4.317361584796375e-02
6.900000000000011e-01  5.324217313812581e-01  4.887136307959435e-01  4.370810058531460e-02
7.000000000000011e-01  5.220941420805556e-01  4.778752979825293e-01  4.421884409802634e-02
7.100000000000010e-01  5.117802109175795e-01  4.670748672282506e-01  4.470534368932888e-02
7.200000000000010e-01  5.014845765050105e-01  4.563174446274600e-01  4.516713187755056e-02
7.300000000000010e-01  4.912118112101072e-01  4.456080345513357e-01  4.560377665877152e-02
7.400000000000010e-01  4.809664182840163e-01  4.349515365744115e-01  4.601488170960477e-02
7.500000000000010e-01  4.707528290894329e-01  4.243527425587992e-01  4.640008653063366e-02
7.600000000000010e-01  4.605754004285126e-01  4.138163338972800e-01  4.675906653123263e-02
7.700000000000010e-01  4.504384119726066e-01  4.033468789161370e-01  4.709153305646968e-02
7.800000000000010e-01  4.403460637954398e-01  3.929488304383758e-01  4.739723335706403e-02
7.900000000000010e-01  4.303024740109967e-01  3.826265235077422e-01  4.767595050325457e-02
8.000000000000010e-01  4.203116765174274e-01  3.723841732736937e-01  4.792750324373374e-02
8.100000000000011e-01  4.103776188479853e-01  3.622258730372661e-01  4.815174581071918e-02
8.200000000000011e-01  4.005041601299864e-01  3.521555924575460e-01  4.834856767244039e-02
8.300000000000011e-01  3.906950691525133e-01  3.421771759182102e-01  4.851789323430311e-02
8.400000000000010e-01  3.809540225435782e-01  3.322943410534259e-01  4.865968149015237e-02
8.500000000000010e-01  3.712846030571859e-01  3.225106774321446e-01  4.877392562504135e-02
8.600000000000010e-01  3.616902979707008e-01  3.128296453996665e-01  4.886065257103439e-02
8.700000000000010e-01  3.521744975927195e-01  3.032545750750999e-01  4.891992251761956e-02
8.800000000000010e-01  3.427404938815479e-01  2.937886655031951e-01  4.895182837835282e-02
8.900000000000010e-01  3.333914791742338e-01  2.844349839588285e-01  4.895649521540529e-02
9.000000000000010e-01  3.241305450259667e-01  2.751964654022251e-01  4.893407962374163e-02
9.100000000000010e-01  3.149606811595517e-01  2.660759120828566e-01  4.888476907669514e-02
9.200000000000010e-01  3.058847745245038e-01  2.570759932897677e-01  4.880878123473614e-02
9.300000000000010e-01  2.969056084652196e-01  2.481992452459335e-01  4.870636321928612e-02
9.400000000000011e-01  2.880258619975271e-01  2.394480711441266e-01  4.857779085340053e-02
9.500000000000011e-01  2.792481091928213e-01  2.308247413215715e-01  4.842336787124976e-02
9.600000000000010e-01  2.705748186688701e-01  2.223313935705901e-01  4.824342509827997e-02
9.700000000000010e-01  2.620083531862484e-01  2.139700335822817e-01  4.803831960396665e-02
9.800000000000010e-01  2.535509693492778e-01  2.057425355201579e-01  4.780843382911990e-02
9.900000000000010e-01  2.452048174102106e-01  1.976506427205675e-01  4.755417468964307e-02
1.000000000000001e+00  2.369719411753159e-01  1.896959685166051e-01  4.727597265871072e-02
1.010000000000001e+00  2.288542780114228e-01  1.818799971821335e-01  4.697428082928928e-02
1.020000000000001e+00  2.208536589513758e-01  1.742040849924273e-01  4.664957395894853e-02
1.030000000000001e+00  2.129718088967545e-01  1.666694613979001e-01  4.630234749885437e-02
1.040000000000001e+00  2.052103469161624e-01  1.592772303072569e-01  4.593311660890556e-02
1.050000000000001e+00  1.975707866372410e-01  1.520283714763848e-01  4.554241516085614e-02
1.060000000000001e+00  1.900545367305523e-01  1.449237419992108e-01  4.513079473134143e-02
1.070000000000001e+00  1.826629014833347e-01  1.379640778967111e-01  4.469882358662358e-02
1.080000000000001e+00  1.753970814611187e-01  1.311499958001975e-01  4.424708566092125e-02
1.090000000000001e+00  1.682581742550786e-01  1.244819947249828e-01  4.377617953009580e-02
1.100000000000001e+00  1.612471753129458e-01  1.179604579304825e-01  4.328671738246326e-02
1.110000000000001e+00  1.543649788512566e-01  1.115856548627740e-01  4.277932398848260e-02
1.120000000000001e+00  1.476123788466395e-01  1.053577431756433e-01  4.225463567099627e-02
1.130000000000001e+00  1.409900701037863e-01  9.927677082609411e-02  4.171329927769223e-02
1.140000000000001e+00  1.344986493977289e-01  9.334267824032712e-02  4.115597115740179e-02
1.150000000000001e+00  1.281386166879598e-01  8.755530054615468e-02  4.058331614180510e-02
1.160000000000001e+00  1.219103764019309e-01  8.191436986786015e-02  3.999600653407073e-02
1.170000000000001e+00  1.158142387853967e-01  7.641951767948402e-02  3.939472110591272e-02
1.180000000000001e+00  1.098504213170543e-01  7.107027721255524e-02  3.878014410449908e-02
1.190000000000001e+00  1.040190501848900e-01  6.586608591430265e-02  3.815296427058734e-02
1.200000000000001e+00  9.832016182162220e-02  6.080628795239994e-02  3.751387386922226e-02
1.210000000000001e+00  9.275370449660758e-02  5.589013676233226e-02  3.686356773427532e-02
1.220000000000001e+00  8.731953996155509e-02  5.111679763350874e-02  3.620274232804634e-02
1.230000000000001e+00  8.201744514737905e-02  4.648535033028103e-02  3.553209481709801e-02
1.240000000000001e+00  7.684711390951374e-02  4.199479174407521e-02  3.485232216543853e-02
1.250000000000001e+00  7.180815881899674e-02  3.764403857288743e-02  3.416412024610931e-02
1.260000000000001e+00  6.690011299663226e-02  3.343193002445482e-02  3.346818297217744e-02
1.270000000000001e+00  6.212243198754051e-02  2.935723053945741e-02  3.276520144808309e-02
1.280000000000001e+00  5.747449567339674e-02  2.541863253117627e-02  3.205586314222048e-02
1.290000000000001e+00  5.295561021968096e-02  2.161475913809255e-02  3.134085108158842e-02
1.300000000000001e+00  4.856501005525667e-02  1.794416698597623e-02  3.062084306928044e-02
1.310000000000001e+00  4.430185988161513e-02  1.440534895608814e-02  2.989651092552699e-02
1.320000000000001e+00  4.016525670913621e-02  1.099673695618546e-02  2.916851975295075e-02
1.330000000000001e+00  3.615423191773265e-02  7.716704691100224e-03  2.843752722663243e-02
1.340000000000001e+00  3.226775333926954e-02  4.563570429738086e-03  2.770418290953145e-02
1.350000000000001e+00  2.850472735917132e-02  1.535599765419140e-03  2.696912759375218e-02
1.360000000000001e+00  2.486400103465690e-02  -1.368991633426926e-03  2.623299266808383e-02
1.370000000000001e+00  2.134436422707214e-02  -4.152035285120191e-03  2.549639951219233e-02
1.380000000000001e+00  1.794455174582438e-02  -6.815407171968683e-03  2.475995891779307e-02
1.390000000000001e+00  1.466324550145042e-02  -9.361025035616016e-03  2.402427053706643e-02
1.400000000000001e+00  1.149907666539659e-02  -1.179084569314486e-02  2.328992235854144e-02
1.410000000000001e+00  8.450627834119467e-03  -1.410686237649083e-02  2.255749021061030e-02
1.420000000000001e+00  5.516435195162923e-03  -1.631110209763035e-02  2.182753729279327e-02
1.430000000000001e+00  2.694990692908468e-03  -1.840562304191120e-02  2.110061373481967e-02
1.440000000000001e+00  -1.525580825778097e-05  -2.039251199180409e-02  2.037725618354631e-02
1.450000000000001e+00  -2.615894365571902e-03  -2.227388178325820e-02  1.965798741768630e-02
1.460000000000001e+00  -5.108552806472453e-03  -2.405186879674937e-02  1.894331599027692e-02
1.470000000000001e+00  -7.494894586243884e-03  -2.572863048501278e-02  1.823373589876889e-02
1.480000000000001e+00  -9.776616656779771e-03  -2.730634293936257e-02  1.752972628258280e-02
1.490000000000001e+00  -1.195544734846865e-02  -2.878719849639697e-02  1.683175114792833e-02
1.500000000000001e+00  -1.403314426715047e-02  -3.017340338680210e-02  1.614025911965163e-02
1.510000000000001e+00  -1.601149220803298e-02  -3.146717542786354e-02  1.545568321983056e-02
1.520000000000001e+00  -1.789230108840099e-02  -3.267074176120796e-02  1.477844067280697e-02
1.530000000000001e+00  -1.967740390089326e-02  -3.378633663719777e-02  1.410893273630452e-02
1.540000000000001e+00  -2.136865468905831e-02  -3.481619924731069e-02  1.344754455825238e-02
1.550000000000001e+00  -2.296792654684228e-02  -3.576257160574097e-02  1.279464505889869e-02
1.560000000000001e+00  -2.447710964360139e-02  -3.662769648137321e-02  1.215058683777183e-02
1.570000000000001e+00  -2.589810927616408e-02  -3.741381538117614e-02  1.151570610501205e-02
1.580000000000001e+00  -2.723284394940910e-02  -3.812316658599047e-02  1.089032263658137e-02
1.590000000000001e+00  -2.848324348676231e-02  -3.875798323957871e-02  1.027473975281640e-02
1.600000000000001e+00  -2.965124717194784e-02  -3.932049149173057e-02  9.669244319782722e-03
1.610000000000001e+00  -3.073880192326777e-02  -3.981290869612204e-02  9.074106772854265e-03
1.620000000000001e+00  -3.174786050161787e-02  -4.023744166354767e-02  8.489581161929799e-03
1.630000000000001e+00  -3.268037975338439e-02  -4.059628497105543e-02  7.915905217671042e-03
1.640000000000001e+00  -3.353831888930044e-02  -4.089161932743684e-02  7.353300438136395e-03
1.650000000000001e+00  -3.432363780027588e-02  -4.112560999544172e-02  6.801972195165845e-03
1.660000000000001e+00  -3.503829541115173e-02  -4.130040527100823e-02  6.262109859856493e-03
1.670000000000001e+00  -3.568424807326317e-02  -4.141813501972188e-02  5.733886946458711e-03
1.680000000000001e+00  -3.626344799663343e-02  -4.148090927064278e-02  5.217461274009350e-03
1.690000000000001e+00  -3.677784172255472e-02  -4.149081686756528e-02  4.712975145010553e-03
1.700000000000001e+00  -3.722936863725329e-02  -4.144992417770267e-02  4.220555540449381e-03
1.710000000000001e+00  -3.761995952726651e-02  -4.136027385772219e-02  3.740314330455685e-03
1.720000000000001e+00  -3.795153517710487e-02  -4.122388367698459e-02  3.272348499879722e-03
1.730000000000001e+00  -3.822600500970352e-02  -4.104274539777893e-02  2.816740388075410e-03
1.740000000000001e+00  -3.844526577011338e-02  -4.081882371227898e-02  2.373557942165601e-03
1.750000000000001e+00  -3.861120025281636e-02  -4.055405523588795e-02  1.942854983071583e-03
1.760000000000001e+00  -3.872567607299469e-02  -4.025034755657364e-02  1.524671483578946e-03
1.770000000000001e+00  -3.879054448202281e-02  -3.990957833974539e-02  1.119033857722586e-03
1.780000000000001e+00  -3.880763922739463e-02  -3.953359448816555e-02  7.259552607709191e-04
1.790000000000001e+00  -3.877877545724331e-02  -3.912421135633481e-02  3.454358990915077e-04
1.800000000000001e+00  -3.870574866955368e-02  -3.868321201874100e-02  -2.253665081267814e-05
1.810000000000001e+00  -3.859033370611446e-02  -3.821234659131446e-02  -3.779871148000061e-04
1.820000000000001e+00  -3.843428379120665e-02  -3.771333160538094e-02  -7.209521858257129e-04
1.830000000000001e+00  -3.823932961496758e-02  -3.718784943336671e-02  -1.051480181600867e-03
1.840000000000001e+00  -3.800717846132708e-02  -3.663754776546144e-02  -1.369630695865647e-03
1.850000000000001e+00  -3.773951338035549e-02  -3.606403913640915e-02  -1.675474243946332e-03
1.860000000000001e+00  -3.743799240482278e-02  -3.546890050155772e-02  -1.969091903265059e-03
1.870000000000001e+00  -3.710424781071549e-02  -3.485367286126319e-02  -2.250574949452293e-03
1.880000000000001e+00  -3.673988542141806e-02  -3.421986093271305e-02  -2.520024488705010e-03
1.890000000000001e+00  -3.634648395521863e-02  -3.356893286819686e-02  -2.777551087021768e-03
1.900000000000001e+00  -3.592559441575934e-02  -3.290232001882946e-02  -3.023274396929877e-03
1.910000000000001e+00  -3.547873952500937e-02  -3.222141674270230e-02  -3.257322782307073e-03
1.920000000000001e+00  -3.500741319830050e-02  -3.152758025641399e-02  -3.479832941886515e-03
1.930000000000001e+00  -3.451308006092597e-02  -3.082213052890672e-02  -3.690949532019257e-03
1.940000000000001e+00  -3.399717500577224e-02  -3.010635021651890e-02  -3.890824789253344e-03
1.950000000000001e+00  -3.346110279141129e-02  -2.938148463814209e-02  -4.079618153269200e-03
1.960000000000001e+00  -3.290623768005470e-02  -2.864874178935472e-02  -4.257495890699979e-03
1.970000000000001e+00  -3.233392311473626e-02  -2.790929239438879e-02  -4.424630720347468e-03
1.980000000000001e+00  -3.174547143506162e-02  -2.716426999477812e-02  -4.581201440283508e-03
1.990000000000001e+00  -3.114216363083233e-02  -2.641477107351799e-02  -4.727392557314337e-03
2.000000000000001e+00  -3.052524913283016e-02  -2.566185521356360e-02  -4.863393919266563e-03
2.010000000000001e+00  -2.989594564001640e-02  -2.490654528948303e-02  -4.989400350533375e-03
2.020000000000001e+00  -2.925543898238370e-02  -2.414982769107805e-02  -5.105611291305656e-03
2.030000000000001e+00  -2.860488301866896e-02  -2.339265257777865e-02  -5.212230440890312e-03
2.040000000000001e+00  -2.794539956812258e-02  -2.263593416261798e-02  -5.309465405504595e-03
2.050000000000001e+00  -2.727807837550536e-02  -2.188055102459242e-02  -5.397527350912937e-03
2.060000000000001e+00  -2.660397710846798e-02  -2.112734644821175e-02  -5.476630660256224e-03
2.070000000000001e+00  -2.592412138645514e-02  -2.037712878904837e-02  -5.546992597406774e-03
2.080000000000001e+00  -2.523950484025714e-02  -1.963067186409617e-02  -5.608832976160969e-03
2.090000000000001e+00  -2.455108920132323e-02  -1.888871536575768e-02  -5.662373835565549e-03
2.100000000000001e+00  -2.385980441993618e-02  -1.815196529828238e-02  -5.707839121653801e-03
2.110000000000001e+00  -2.316654881134113e-02  -1.742109443548803e-02  -5.745454375853103e-03
2.120000000000001e+00  -2.247218922890793e-02  -1.669674279860600e-02  -5.775446430301933e-03
2.130000000000001e+00  -2.177756126340571e-02  -1.597951815310260e-02  -5.798043110303113e-03
2.140000000000001e+00  -2.108346946745539e-02  -1.526999652333797e-02  -5.813472944117420e-03
2.150000000000001e+00  -2.039068760422725e-02  -1.456872272394078e-02  -5.821964880286471e-03
2.160000000000001e+00  -1.969995891944360e-02  -1.387621090678487e-02  -5.823748012658728e-03
2.170000000000001e+00  -1.901199643574645e-02  -1.319294512247554e-02  -5.819051313270903e-03
2.180000000000001e+00  -1.832748326848798e-02  -1.251937989526346e-02  -5.808103373224512e-03
2.190000000000001e+00  -1.764707296200458e-02  -1.185594081032337e-02  -5.791132151681208e-03
2.200000000000001e+00  -1.697138984543246e-02  -1.120302511235242e-02  -5.768364733080041e-03
2.210000000000001e+00  -1.630102940713121e-02  -1.056100231446050e-02  -5.740027092670710e-03
2.220000000000001e+00  -1.563655868677966e-02  -9.930214816344136e-03  -5.706343870435527e-03
2.230000000000001e+00  -1.497851668421923e-02  -9.310978530755723e-03  -5.667538153463506e-03
2.240000000000001e+00  -1.432741478412015e-02  -8.703583517300332e-03  -5.623831266819819e-03
2.250000000000001e+00  -1.368373719555815e-02  -8.108294622612864e-03  -5.575442572945287e-03
2.260000000000001e+00  -1.304794140559299e-02  -7.525352125991158e-03  -5.522589279601834e-03
2.270000000000001e+00  -1.242045864595210e-02  -6.954972389580912e-03  -5.465486256371184e-03
2.280000000000001e+00  -1.180169437193004e-02  -6.397348512233520e-03  -5.404345859696522e-03
2.290000000000001e+00  -1.119202875262745e-02  -5.852650986178510e-03  -5.339377766448939e-03
2.300000000000001e+00  -1.059181717166187e-02  -5.321028355677467e-03  -5.270788815984405e-03
2.310000000000001e+00  -1.000139073749794e-02  -4.802607876849764e-03  -5.198782860648172e-03
2.320000000000001e+00  -9.421056802554706e-03  -4.297496177883158e-03  -5.123560624671547e-03
2.330000000000001e+00  -8.851099490263518e-03  -3.805779918869568e-03  -5.045319571393951e-03
2.340000000000001e+00  -8.291780229263463e-03  -3.327526450528064e-03  -4.964253778735399e-03
2.350000000000001e+00  -7.743338293935453e-03  -2.862784471102781e-03  -4.880553822832672e-03
2.360000000000001e+00  -7.205991350493321e-03  -2.411584680750194e-03  -4.794406669743127e-03
2.370000000000001e+00  -6.679936007865220e-03  -1.973940432751379e-03  -4.705995575113841e-03
2.380000000000001e+00  -6.165348372614747e-03  -1.549848380914253e-03  -4.615499991700495e-03
2.390000000000001e+00  -5.662384607169860e-03  -1.139289122552247e-03  -4.523095484617613e-03
2.400000000000001e+00  -5.171181490643896e-03  -7.422278364532001e-04  -4.428953654190696e-03
2.410000000000001e+00  -4.691856981551089e-03  -3.586149152762814e-04  -4.333242066274808e-03
2.420000000000001e+00  -4.224510781737815e-03  1.161340815989990e-05  -4.236124189897715e-03
2.430000000000001e+00  -3.769224900868395e-03  3.685344412105677e-04  -4.137759342078963e-03
2.440000000000001e+00  -3.326064220824853e-03  7.122384188463333e-04  -4.038302639671186e-03
2.450000000000001e+00  -2.895077059397139e-03  1.042827898666641e-03  -3.937904958063780e-03
2.460000000000001e+00  -2.476295732661106e-03  1.360417163923200e-03  -3.836712896584306e-03
2.470000000000001e+00  -2.069737115461327e-03  1.665131634968436e-03  -3.734868750429763e-03
2.480000000000001e+00  -1.675403199433965e-03  1.957107289518945e-03  -3.632510488952910e-03
2.490000000000001e+00  -1.293281648026794e-03  2.236490092102116e-03  -3.529771740128909e-03
2.500000000000001e+00  -9.233463479921833e-04  2.503435433028519e-03  -3.426781781020702e-03
2.510000000000001e+00  -5.655579568490260e-04  2.758107577212036e-03  -3.323665534061062e-03
2.520000000000001e+00  -2.198644458307838e-04  3.000679123134823e-03  -3.220543568965607e-03
2.530000000000001e+00  1.137983621452378e-04  3.231330472234355e-03  -3.117532110089118e-03
2.540000000000001e+00  4.355062599291673e-04  3.450249308965319e-03  -3.014743049036152e-03
2.550000000000001e+00  7.453461294351595e-04  3.657630091769929e-03  -2.912283962334769e-03
2.560000000000001e+00  1.043415421185858e-03  3.853673555167570e-03  -2.810258133981712e-03
2.570000000000001e+00  1.329821640488420e-03  4.038586223154761e-03  -2.708764582666341e-03
2.580000000000001e+00  1.604681840605655e-03  4.212579934085975e-03  -2.607898093480321e-03
2.590000000000001e+00  1.868122123266404e-03  4.375871377186404e-03  -2.507749253920000e-03
2.600000000000001e+00  2.120277146839484e-03  4.528681640827789e-03  -2.408404493988305e-03
2.610000000000001e+00  2.361289642476367e-03  4.671235772680306e-03  -2.309946130203939e-03
2.620000000000001e+00  2.591309938508946e-03  4.803762351834739e-03  -2.212452413325793e-03
2.630000000000001e+00  2.810495493369005e-03  4.926493072971493e-03  -2.115997579602488e-03
2.640000000000001e+00  3.019010437278502e-03  5.039662342635808e-03  -2.020651905357306e-03
2.650000000000001e+00  3.217025122940391e-03  5.143506887660821e-03  -1.926481764720430e-03
2.660000000000001e+00  3.404715685442167e-03  5.238265375765498e-03  -1.833549690323331e-03
2.670000000000001e+00  3.582263611566441e-03  5.324178048336580e-03  -1.741914436770139e-03
2.680000000000001e+00  3.749855318684926e-03  5.401486365390441e-03  -1.651631046705515e-03
2.690000000000001e+00  3.907681743395707e-03  5.470432662694038e-03  -1.562750919298330e-03
2.700000000000001e+00  4.055937940046153e-03  5.531259821011736e-03  -1.475321880965583e-03
2.710000000000001e+00  4.194822689267813e-03  5.584210947429721e-03  -1.389388258161908e-03
2.720000000000001e+00  4.324538116633346e-03  5.629529068697062e-03  -1.304990952063716e-03
2.730000000000001e+00  4.445289321529063e-03  5.667456836510255e-03  -1.222167514981192e-03
2.740000000000001e+00  4.557284016323168e-03  5.698236244655023e-03  -1.140952228331855e-03
2.750000000000001e+00  4.660732175892100e-03  5.722108357908554e-03  -1.061376182016454e-03
2.760000000000001e+00  4.755845697555162e-03  5.739313052593383e-03  -9.834673550382211e-04
2.770000000000001e+00  4.842838071451903e-03  5.750088768664689e-03  -9.072506972127858e-04
2.780000000000001e+00  4.921924061383698e-03  5.754672273201352e-03  -8.327482118176540e-04
2.790000000000001e+00  4.993319396127177e-03  5.753298435163005e-03  -7.599790390358276e-04
2.800000000000001e+00  5.057240471214515e-03  5.746200011265525e-03  -6.889595400510103e-04
2.810000000000001e+00  5.113904061162320e-03  5.733607442818806e-03  -6.197033816564860e-04
2.820000000000001e+00  5.163527042120272e-03  5.715748663363323e-03  -5.522216212430512e-04
2.830000000000001e+00  5.206326124897022e-03  5.692848916934130e-03  -4.865227920371074e-04
2.840000000000001e+00  5.242517598311291e-03  5.665130586773446e-03  -4.226129884621543e-04
2.850000000000001e+00  5.272317082804037e-03  5.632813034307609e-03  -3.604959515035719e-04
2.860000000000001e+00  5.295939294238468e-03  5.596112448196720e-03  -3.001731539582515e-04
2.870000000000001e+00  5.313597817803222e-03  5.555241703260986e-03  -2.416438854577633e-04
2.880000000000001e+00  5.325504891925769e-03  5.510410229081541e-03  -1.849053371557711e-04
2.890000000000001e+00  5.331871202093654e-03  5.461823888069638e-03  -1.299526859759835e-04
2.900000000000001e+00  5.332905684472088e-03  5.409684862793181e-03  -7.677917832109304e-05
2.910000000000001e+00  5.328815339198796e-03  5.354191552346317e-03  -2.537621314752103e-05
2.920000000000001e+00  5.319805053228915e-03  5.295538477543858e-03  2.426657568505713e-05
2.930000000000001e+00  5.306077432595482e-03  5.233916194719428e-03  7.216123787605420e-05
2.940000000000001e+00  5.287832643944087e-03  5.169511217903987e-03  1.183214260400993e-04
2.950000000000001e+00  5.265268265193581e-03  5.102505949158421e-03  1.627623160351593e-04
2.960000000000001e+00  5.238579145168841e-03  5.033078616832385e-03  2.055005283364553e-04
2.970000000000001e+00  5.207957272045654e-03  4.961403221520736e-03  2.465540505249180e-04
2.980000000000001e+00  5.173591650442877e-03  4.887649489485903e-03  2.859421609569734e-04
2.990000000000001e+00  5.135668186991177e-03  4.811982833316121e-03  3.236853536750560e-04
3.000000000000001e+00  5.094369584204369e-03  4.734564319586785e-03  3.598052646175834e-04
3.010000000000001e+00  5.049875242474232e-03  4.655550643293562e-03  3.943245991806701e-04
3.020000000000001e+00  5.002361170006062e-03  4.575094108825079e-03  4.272670611809824e-04
3.030000000000001e+00  4.951999900509416e-03  4.493342617244164e-03  4.586572832652519e-04
3.040000000000001e+00  4.898960418454508e-03  4.410439659646353e-03  4.885207588081553e-04
3.050000000000001e+00  4.843408091702571e-03  4.326524316366889e-03  5.168837753356820e-04
3.060000000000001e+00  4.785504611316294e-03  4.241731261806896e-03  5.437733495093980e-04
3.070000000000001e+00  4.725407938353560e-03  4.156190774652454e-03  5.692171637011060e-04
3.080000000000001e+00  4.663272257447227e-03  4.070028753261064e-03  5.932435041861635e-04
3.090000000000001e+00  4.599247936970735e-03  3.983366735992653e-03  6.158812009780827e-04
3.100000000000001e+00  4.533481495589994e-03  3.896321926263711e-03  6.371595693262836e-04
3.110000000000001e+00  4.466115574999614e-03  3.809007222106355e-03  6.571083528932584e-04
3.120000000000001e+00  4.397288918642194e-03  3.721531250016244e-03  6.757576686259501e-04
3.130000000000001e+00  4.327136356208306e-03  3.633998402876065e-03  6.931379533322412e-04
3.140000000000001e+00  4.255788793715346e-03  3.546508881744502e-03  7.092799119708436e-04
3.150000000000001e+00  4.183373208963973e-03  3.459158741303594e-03  7.242144676603782e-04
3.160000000000001e+00  4.110012652170422e-03  3.372039938760347e-03  7.379727134100753e-04
3.170000000000001e+00  4.035826251574907e-03  3.285240386002879e-03  7.505858655720275e-04
3.180000000000001e+00  3.960929223826632e-03  3.198844004813621e-03  7.620852190130109e-04
3.190000000000001e+00  3.885432888947370e-03  3.112930784946740e-03  7.725021040006293e-04
3.200000000000001e+00  3.809444689677424e-03  3.027576844880381e-03  7.818678447970425e-04
3.210000000000001e+00  3.733068215008468e-03  2.942854495058498e-03  7.902137199499704e-04
3.220000000000001e+00  3.656403227711053e-03  2.858832303440408e-03  7.975709242706453e-04
3.230000000000001e+00  3.579545695665248e-03  2.775575163181195e-03  8.039705324840536e-04
3.240000000000001e+00  3.502587826805946e-03  2.693144362269459e-03  8.094434645364869e-04
3.250000000000001e+00  3.425618107496617e-03  2.611597654953646e-03  8.140204525429705e-04
3.260000000000001e+00  3.348721344147616e-03  2.530989334792318e-03  8.177320093552972e-04
3.270000000000001e+00  3.271978707898093e-03  2.451370309167917e-03  8.206083987301765e-04
3.280000000000001e+00  3.195467782183237e-03  2.372788175108531e-03  8.226796070747054e-04
3.290000000000001e+00  3.119262613011962e-03  2.295287296265593e-03  8.239753167463689e-04
3.300000000000001e+00  3.043433761782306e-03  2.218908880901155e-03  8.245248808811507e-04
3.310000000000001e+00  2.968048360466493e-03  2.143691060741915e-03  8.243572997245780e-04
3.320000000000001e+00  2.893170168999248e-03  2.069668970562014e-03  8.235011984372336e-04
3.330000000000001e+00  2.818859634707958e-03  1.996874828361291e-03  8.219848063466674e-04
3.340000000000001e+00  2.745173953625576e-03  1.925338016009821e-03  8.198359376157551e-04
3.350000000000001e+00  2.672167133531421e-03  1.855085160234552e-03  8.170819732968692e-04
3.360000000000001e+00  2.599890058568480e-03  1.786140213827823e-03  8.137498447406571e-04
3.370000000000001e+00  2.528390555289597e-03  1.718524536962694e-03  8.098660183269029e-04
3.380000000000001e+00  2.457713459988665e-03  1.652256978503554e-03  8.054564814851119e-04
3.390000000000001e+00  2.387900687176775e-03  1.587353957206192e-03  8.005467299705825e-04
3.400000000000001e+00  2.318991299067377e-03  1.523829542704468e-03  7.951617563629091e-04
3.410000000000001e+00  2.251021575937972e-03  1.461695536186404e-03  7.893260397515681e-04
3.420000000000001e+00  2.184025087240484e-03  1.400961550666033e-03  7.830635365744514e-04
3.430000000000001e+00  2.118032763335542e-03  1.341635090761797e-03  7.763976725737448e-04
3.440000000000001e+00  2.053072967731002e-03  1.283721631897005e-03  7.693513358339970e-04
3.450000000000001e+00  1.989171569707848e-03  1.227224698841009e-03  7.619468708668390e-04
3.460000000000001e+00  1.926352017221631e-03  1.172145943515317e-03  7.542060737063144e-04
3.470000000000001e+00  1.864635409971119e-03  1.118485221991388e-03  7.461501879797315e-04
3.480000000000001e+00  1.804040572529838e-03  1.066240670612331e-03  7.377999019175067e-04
3.490000000000001e+00  1.744584127440299e-03  1.015408781173347e-03  7.291753462669521e-04
3.500000000000001e+00  1.686280568174785e-03  9.659844751006580e-04  7.202960930741271e-04
3.510000000000001e+00  1.629142331870221e-03  9.179611765719443e-04  7.111811552982764e-04
3.520000000000001e+00  1.573179871748867e-03  8.713308845250384e-04  7.018489872238290e-04
3.530000000000001e+00  1.518401729140450e-03  8.260842435054950e-04  6.923174856349554e-04
3.540000000000001e+00  1.464814605024949e-03  7.822106133071356e-04  6.826039917178136e-04
3.550000000000001e+00  1.412423431019479e-03  7.396981373630426e-04  6.727252936564367e-04
3.560000000000001e+00  1.361231439736272e-03  6.985338098479887e-04  6.626976298882835e-04
3.570000000000001e+00  1.311240234442355e-03  6.587035414566735e-04  6.525366929856813e-04
3.580000000000001e+00  1.262449857955716e-03  6.201922238252996e-04  6.422576341304165e-04
3.590000000000001e+00  1.214858860715751e-03  5.829837925670728e-04  6.318750681486782e-04
3.600000000000001e+00  1.168464367969983e-03  5.470612888955170e-04  6.214030790744659e-04
3.610000000000001e+00  1.123262146022003e-03  5.124069198122824e-04  6.108552262097203e-04
3.620000000000001e+00  1.079246667489609e-03  4.790021168390712e-04  6.002445506505383e-04
3.630000000000001e+00  1.036411175524983e-03  4.468275932761598e-04  5.895835822488228e-04
3.640000000000001e+00  9.947477469525324e-04  4.158633999726452e-04  5.788843469798873e-04
3.650000000000001e+00  9.542473542830379e-04  3.860889795960953e-04  5.681583746869425e-04
3.660000000000001e+00  9.148999265659204e-04  3.574832193920967e-04  5.574167071738237e-04
3.670000000000001e+00  8.766944090448231e-04  3.300245024262727e-04  5.466699066185505e-04
3.680000000000001e+00  8.396188215843998e-04  3.036907573039539e-04  5.359280642804458e-04
3.690000000000001e+00  8.036603158395729e-04  2.784595063649088e-04  5.252008094746641e-04
3.700000000000001e+00  7.688052311409776e-04  2.543079123525244e-04  5.144973187884531e-04
3.710000000000001e+00  7.350391490736514e-04  2.312128235592885e-04  5.038263255143628e-04
3.720000000000001e+00  7.023469467281079e-04  2.091508174520710e-04  4.931961292760368e-04
3.730000000000001e+00  6.707128486065311e-04  1.880982427827665e-04  4.826146058237647e-04
3.740000000000001e+00  6.401204771682393e-04  1.680312601917389e-04  4.720892169765004e-04
3.750000000000001e+00  6.105529020022104e-04  1.489258813131693e-04  4.616270206890411e-04
3.760000000000001e+00  5.819926876161095e-04  1.307580063930606e-04  4.512346812230488e-04
3.770000000000001e+00  5.544219398338765e-04  1.135034604323276e-04  4.409184794015489e-04
3.780000000000001e+00  5.278223507962851e-04  9.713802786878949e-05  4.306843229274956e-04
3.790000000000001e+00  5.021752425608787e-04  8.163748581336728e-05  4.205377567475115e-04
3.800000000000001e+00  4.774616092998359e-04  6.697763585708468e-05  4.104839734427513e-04
3.810000000000001e+00  4.536621580964679e-04  5.313433446673251e-05  4.005278236297353e-04
3.820000000000001e+00  4.307573483427952e-04  4.008352198827806e-05  3.906738263545172e-04
3.830000000000001e+00  4.087274297425743e-04  2.780125027816899e-05  3.809261794644053e-04
3.840000000000001e+00  3.875524789260353e-04  1.626370898369794e-05  3.712887699423373e-04
3.850000000000001e+00  3.672124346840925e-04  5.447250494622061e-06  3.617651841894704e-04
3.860000000000001e+00  3.476871318315237e-04  -4.671586410962335e-06  3.523587182424860e-04
3.870000000000001e+00  3.289563337101814e-04  -1.411605420257312e-05  3.430723879127545e-04
3.880000000000001e+00  3.109997633445845e-04  -2.290917549059157e-05  3.339089388351761e-04
3.890000000000001e+00  2.937971332639131e-04  -3.107372315139202e-05  3.248708564153051e-04
3.900000000000001e+00  2.773281740054128e-04  -3.863220165852249e-05  3.159603756639353e-04
3.910000000000001e+00  2.615726613157098e-04  -4.560682959331250e-05  3.071794909090223e-04
3.920000000000001e+00  2.465104420675833e-04  -5.201952330811973e-05  2.985299653757031e-04
3.930000000000001e+00  2.321214589107877e-04  -5.789188171451500e-05  2.900133406253027e-04
3.940000000000001e+00  2.183857736766915e-04  -6.324517216879601e-05  2.816309458454875e-04
3.950000000000001e+00  2.052835895573020e-04  -6.810031742651377e-05  2.733839069838157e-04
3.960000000000001e+00  1.927952720801454e-04  -7.247788363768683e-05  2.652731557178322e-04
3.970000000000001e+00  1.809013689014122e-04  -7.639806935395756e-05  2.572994382553698e-04
3.980000000000001e+00  1.695826284404369e-04  -7.988069551883696e-05  2.494633239592739e-04
3.990000000000001e+00  1.588200173791454e-04  -8.294519641217690e-05  2.417652137913223e-04
4.000000000000001e+00  1.485947370510736e-04  -8.561061151958656e-05  2.342053485706602e-04
4.010000000000001e+00  1.388882387446588e-04  -8.789557829798759e-05  2.267838170426464e-04
4.020000000000001e+00  1.296822379465707e-04  -8.981832580787210e-05  2.195005637544428e-04
4.030000000000001e+00  1.209587275506475e-04  -9.139666918351722e-05  2.123553967341647e-04
4.040000000000001e+00  1.126999900590657e-04  -9.264800491194429e-05  2.053479949710100e-04
4.050000000000001e+00  1.048886088021745e-04  -9.358930689190558e-05  1.984779156940801e-04
4.060000000000001e+00  9.750747820401258e-05  -9.423712324413305e-05  1.917446014481456e-04
4.070000000000001e+00  9.053981312069100e-05  -9.460757384437441e-05  1.851473869650654e-04
4.080000000000001e+00  8.396915727895225e-05  -9.471634855082845e-05  1.786855058297807e-04
4.090000000000001e+00  7.777939084243351e-05  -9.457870609808323e-05  1.723580969405167e-04
4.100000000000001e+00  7.195473713324997e-05  -9.420947362965595e-05  1.661642107629059e-04
4.110000000000001e+00  6.647976853656646e-05  -9.362304684178785e-05  1.601028153783543e-04
4.120000000000001e+00  6.133941161565767e-05  -9.283339071123927e-05  1.541728023268969e-04
4.130000000000001e+00  5.651895146532287e-05  -9.185404078046010e-05  1.483729922457830e-04
4.140000000000001e+00  5.200403533102949e-05  -9.069810497363209e-05  1.427021403046616e-04
4.150000000000001e+00  4.778067552134412e-05  -8.937826591768869e-05  1.371589414390328e-04
4.160000000000001e+00  4.383525164083711e-05  -8.790678374261514e-05  1.317420353834523e-04
4.170000000000001e+00  4.015451217076258e-05  -8.629549933605619e-05  1.264500115068188e-04
4.180000000000001e+00  3.672557542424407e-05  -8.455583802743195e-05  1.212814134516760e-04
4.190000000000001e+00  3.353592990282791e-05  -8.269881367741569e-05  1.162347435802436e-04
4.200000000000001e+00  3.057343408069040e-05  -8.073503314901896e-05  1.113084672297094e-04
4.210000000000001e+00  2.782631564263040e-05  -7.867470113709249e-05  1.065010167797229e-04
4.220000000000001e+00  2.528317020176265e-05  -7.652762533352106e-05  1.018107955352837e-04
4.230000000000001e+00  2.293295952219327e-05  -7.430322190592034e-05  9.723618142811361e-05
4.240000000000001e+00  2.076500927184472e-05  -7.201052126811110e-05  9.277553053995582e-05
4.250000000000001e+00  1.876900633017822e-05  -6.965817412135589e-05  8.842718045153411e-05
4.260000000000001e+00  1.693499567493681e-05  -6.725445774568092e-05  8.418945342061773e-05
4.270000000000001e+00  1.525337687190186e-05  -6.480728252126657e-05  8.006065939316843e-05
4.280000000000001e+00  1.371490019101089e-05  -6.232419866046321e-05  7.603909885147411e-05
4.290000000000001e+00  1.231066237174933e-05  -5.981240313145823e-05  7.212306550320757e-05
4.300000000000001e+00  1.103210206034972e-05  -5.727874675527169e-05  6.831084881562140e-05
4.310000000000001e+00  9.870994940672737e-06  -5.472974145825761e-05  6.460073639893034e-05
4.320000000000001e+00  8.819448580355159e-06  -5.217156766288279e-05  6.099101624323795e-05
4.330000000000001e+00  7.869897013111718e-06  -4.961008180015012e-05  5.747997881326184e-05
4.340000000000001e+00  7.015095077612405e-06  -4.705082392748291e-05  5.406591900509531e-05
4.350000000000001e+00  6.248112532906594e-06  -4.449902543658687e-05  5.074713796949347e-05
4.360000000000001e+00  5.562327969723892e-06  -4.195961683629772e-05  4.752194480602161e-05
4.370000000000001e+00  4.951422536427156e-06  -3.943723559599143e-05  4.438865813241858e-05
4.380000000000001e+00  4.409373498039172e-06  -3.693623403562645e-05  4.134560753366562e-05
4.390000000000001e+00  3.930447645858286e-06  -3.446068724918652e-05  3.839113489504481e-05
4.400000000000001e+00  3.509194575008533e-06  -3.201440104868940e-05  3.552359562369793e-05
4.410000000000001e+00  3.140439846430535e-06  -2.960091991652656e-05  3.274135976295710e-05
4.420000000000001e+00  2.819278049402658e-06  -2.722353495440128e-05  3.004281300380393e-05
4.430000000000001e+00  2.541065780054677e-06  -2.488529181780801e-05  2.742635759786268e-05
4.440000000000001e+00  2.301414550811838e-06  -2.258899862520324e-05  2.489041317601508e-05
4.450000000000001e+00  2.096183645152124e-06  -2.033723383186425e-05  2.243341747701638e-05
4.460000000000001e+00  1.921472931480656e-06  -1.813235405878476e-05  2.005382699026542e-05
4.470000000000001e+00  1.773615649356840e-06  -1.597650186734472e-05  1.775011751670156e-05
4.480000000000001e+00  1.649171180849950e-06  -1.387161347125982e-05  1.552078465210977e-05
4.490000000000001e+00  1.544917819112075e-06  -1.181942637749173e-05  1.336434419660380e-05
4.500000000000001e+00  1.457845545887551e-06  -9.821486948500285e-06  1.127933249438784e-05
4.510000000000001e+00  1.385148828922798e-06  -7.879157878524119e-06  9.264306707446917e-06
4.520000000000001e+00  1.324219450020870e-06  -5.993625577177710e-06  7.317845027198580e-06
4.530000000000001e+00  1.272639373572169e-06  -4.165907453848287e-06  5.438546827420456e-06
4.540000000000001e+00  1.228173665270082e-06  -2.396859097182779e-06  3.625032762452861e-06
4.550000000000001e+00  1.188763469934644e-06  -6.871813439317121e-07  1.875944813866356e-06
4.560000000000001e+00  1.152519056996540e-06  9.625727677671807e-07  1.899462892293595e-07
4.570000000000001e+00  1.117712941634880e-06  2.551991165516316e-06  -1.434278223881436e-06
4.580000000000001e+00  1.082773089213198e-06  4.080796034354204e-06  -2.998022945141006e-06
4.590000000000001e+00  1.046276209951623e-06  5.548837237142415e-06  -4.502561027190791e-06
4.600000000000001e+00  1.006941150589314e-06  6.956085867043388e-06  -5.949144716454074e-06
4.610000000000001e+00  9.636223890841076e-07  8.302627935413054e-06  -7.339005546328947e-06
4.620000000000001e+00  9.153036381520652e-07  9.588658197923516e-06  -8.673354559771450e-06
4.630000000000001e+00  8.610915628870698e-07  1.081447412154021e-05  -9.953382558653139e-06
4.640000000000001e+00  8.002096173266408e-07  1.198046999441581e-05  -1.118026037708917e-05
4.650000000000001e+00  7.319920044424722e-07  1.308713118082328e-05  -1.235513917638081e-05
4.660000000000001e+00  6.558777635924255e-07  1.413502852254553e-05  -1.347915075895311e-05
4.670000000000001e+00  5.714049890886350e-07  1.512481288814204e-05  -1.455340789905340e-05
4.680000000000001e+00  4.782051831911128e-07  1.605720987114419e-05  -1.557900468795308e-05
4.690000000000001e+00  3.759977464311195e-07  1.693301463790220e-05  -1.655701689147108e-05
4.700000000000001e+00  2.645846078497965e-07  1.775308692564685e-05  -1.748850231779705e-05
4.710000000000001e+00  1.438449973351991e-07  1.851834619104177e-05  -1.837450119370657e-05
4.720000000000001e+00  1.373036200722963e-08  1.922976690924666e-05  -1.921603654723943e-05
4.730000000000001e+00  -1.257405718316587e-07  1.988837402335017e-05  -2.001411459518183e-05
4.740000000000001e+00  -2.744865899012919e-07  2.049523854372482e-05  -2.076972513362611e-05
4.750000000000001e+00  -4.323686333020343e-07  2.105147329676316e-05  -2.148384193006520e-05
4.760000000000001e+00  -5.991942934234143e-07  2.155822882217897e-05  -2.215742311560239e-05
4.770000000000001e+00  -7.747221579055755e-07  2.201668941788731e-05  -2.279141157579289e-05
4.780000000000001e+00  -9.586660075837508e-07  2.242806933133656e-05  -2.338673533892031e-05
4.790000000000001e+00  -1.150698864504977e-06  2.279360909598969e-05  -2.394430796049466e-05
4.800000000000001e+00  -1.350456891323750e-06  2.311457201145372e-05  -2.446502890277747e-05
4.810000000000001e+00  -1.557543142699313e-06  2.339224076567236e-05  -2.494978390837167e-05
4.820000000000001e+00  -1.771531169501619e-06  2.362791419746216e-05  -2.539944536696378e-05
4.830000000000001e+00  -1.991968476744649e-06  2.382290419741824e-05  -2.581487267416289e-05
4.840000000000001e+00  -2.218379836548776e-06  2.397853274533043e-05  -2.619691258187921e-05
4.850000000000001e+00  -2.450270457450573e-06  2.409612908188326e-05  -2.654639953933383e-05
4.860000000000001e+00  -2.687129011626888e-06  2.417702701252231e-05  -2.686415602414920e-05
4.870000000000001e+00  -2.928430521778410e-06  2.422256234111652e-05  -2.715099286289493e-05
4.880000000000001e+00  -3.173639109498204e-06  2.423407043107048e-05  -2.740770954056869e-05
4.890000000000001e+00  -3.422210607249626e-06  2.421288389140122e-05  -2.763509449865084e-05
4.900000000000001e+00  -3.673595035986552e-06  2.416033038524856e-05  -2.783392542123511e-05
4.910000000000001e+00  -3.927238950793336e-06  2.407773055819551e-05  -2.800496950898885e-05
4.920000000000001e+00  -4.182587656888573e-06  2.396639608375100e-05  -2.814898374063957e-05
4.930000000000001e+00  -4.439087298556152e-06  2.382762782328077e-05  -2.826671512183693e-05
4.940000000000001e+00  -4.696186823528761e-06  2.366271409761831e-05  -2.835890092114707e-05
4.950000000000001e+00  -4.953339825603770e-06  2.347292906755232e-05  -2.842626889315609e-05
4.960000000000001e+00  -5.210006268223692e-06  2.325953122038536e-05  -2.846953748860906e-05
4.970000000000001e+00  -5.465654091858115e-06  2.302376195967269e-05  -2.848941605153081e-05
4.980000000000001e+00  -5.719760708147097e-06  2.276684429526973e-05  -2.848660500341682e-05
4.990000000000001e+00  -5.971814383751955e-06  2.248998163083865e-05  -2.846179601459060e-05
5.000000000000001e+00  -6.221315516933273e-06  2.219435664581510e-05  -2.841567216274837e-05
5.010000000000001e+00  -6.467777809911435e-06  2.188113026901031e-05  -2.834890807892174e-05
5.020000000000001e+00  -6.710729340200518e-06  2.155144074088878e-05  -2.826217008108930e-05
5.030000000000001e+00  -6.949713533882396e-06  2.120640276161375e-05  -2.815611629549615e-05
5.040000000000001e+00  -7.184290044147404e-06  2.084710672199329e-05  -2.803139676614070e-05
5.050000000000001e+00  -7.414035538175087e-06  2.047461801435517e-05  -2.788865355253026e-05
5.060000000000001e+00  -7.638544395532516e-06  2.008997642056785e-05  -2.772852081610037e-05
5.070000000000001e+00  -7.857429321346566e-06  1.969419557429065e-05  -2.755162489563722e-05
5.080000000000001e+00  -8.070321877367476e-06  1.928826249463459e-05  -2.735858437200206e-05
5.090000000000001e+00  -8.276872934122183e-06  1.887313718839105e-05  -2.715001012251323e-05
5.100000000000001e+00  -8.476753047382137e-06  1.844975231813887e-05  -2.692650536552101e-05
5.110000000000001e+00  -8.669652761981366e-06  1.801901293336284e-05  -2.668866569534421e-05
5.120000000000001e+00  -8.855282846242102e-06  1.758179626194895e-05  -2.643707910819105e-05
5.130000000000001e+00  -9.033374460045467e-06  1.713895155936159e-05  -2.617232601940706e-05
5.140000000000001e+00  -9.203679259641635e-06  1.669130001283485e-05  -2.589497927247648e-05
5.150000000000001e+00  -9.365969442238988e-06  1.623963469802167e-05  -2.560560414026066e-05
5.160000000000001e+00  -9.520037733415764e-06  1.578472058551420e-05  -2.530475831892996e-05
5.170000000000001e+00  -9.665697320279508e-06  1.532729459475834e-05  -2.499299191503785e-05
5.180000000000001e+00  -9.802781733337904e-06  1.486806569287170e-05  -2.467084742620961e-05
5.190000000000001e+00  -9.931144679942160e-06  1.440771503596195e-05  -2.433885971590412e-05
5.200000000000001e+00  -1.005065983213249e-05  1.394689615060392e-05  -2.399755598273640e-05
5.210000000000001e+00  -1.016122057170821e-05  1.348623515314808e-05  -2.364745572485630e-05
5.220000000000001e+00  -1.026273969518028e-05  1.302633100457486e-05  -2.328907069975514e-05
5.230000000000001e+00  -1.035514908134209e-05  1.256775579877253e-05  -2.292290488011461e-05
5.240000000000001e+00  -1.043839932403801e-05  1.211105508198303e-05  -2.254945440602105e-05
5.250000000000001e+00  -1.051245933268644e-05  1.165674820141315e-05  -2.216920753409959e-05
5.260000000000001e+00  -1.057731590305872e-05  1.120532868092292e-05  -2.178264458398165e-05
5.270000000000001e+00  -1.063297326073864e-05  1.075726462181842e-05  -2.139023788255706e-05
5.280000000000001e+00  -1.067945257961090e-05  1.031299912683900e-05  -2.099245170644990e-05
5.290000000000001e+00  -1.071679147771120e-05  9.872950745448742e-06  -2.058974222315994e-05
5.300000000000001e+00  -1.074504349262700e-05  9.437513938650712e-06  -2.018255743127771e-05
5.310000000000001e+00  -1.076427753865034e-05  9.007059561533704e-06  -1.977133710018404e-05
5.320000000000001e+00  -1.077457734776013e-05  8.581935361909625e-06  -1.935651270966976e-05
5.330000000000001e+00  -1.077604089646168e-05  8.162466493333836e-06  -1.893850738979552e-05
5.340000000000001e+00  -1.076877982042968e-05  7.748956041008398e-06  -1.851773586143808e-05
5.350000000000001e+00  -1.075291881889000e-05  7.341685558974635e-06  -1.809460437786463e-05
5.360000000000001e+00  -1.072859505049072e-05  6.940915617164601e-06  -1.766951066765532e-05
5.370000000000001e+00  -1.069595752246848e-05  6.546886356905769e-06  -1.724284387937425e-05
5.380000000000001e+00  -1.065516647476192e-05  6.159818053508892e-06  -1.681498452827081e-05
5.390000000000001e+00  -1.060639276067474e-05  5.779911684633233e-06  -1.638630444530797e-05
5.400000000000001e+00  -1.054981722567273e-05  5.407349503222829e-06  -1.595716672889556e-05
5.410000000000001e+00  -1.048563008572641e-05  5.042295613772485e-06  -1.552792569949889e-05
5.420000000000001e+00  -1.041403030664187e-05  4.684896550829572e-06  -1.509892685747144e-05
5.430000000000001e+00  -1.033522498571841e-05  4.335281858621488e-06  -1.467050684433990e-05
5.440000000000001e+00  -1.024942873697957e-05  3.993564670791472e-06  -1.424299340777105e-05
5.450000000000001e+00  -1.015686308120819e-05  3.659842289254517e-06  -1.381670537046271e-05
5.460000000000001e+00  -1.005775584187483e-05  3.334196761243507e-06  -1.339195260311834e-05
5.470000000000001e+00  -9.952340548113157e-06  3.016695453653919e-06  -1.296903600176708e-05
5.480000000000001e+00  -9.840855845663799e-06  2.707391623890041e-06  -1.254824746955384e-05
5.490000000000001e+00  -9.723544916802072e-06  2.406324986355422e-06  -1.212986990315749e-05
5.500000000000001e+00  -9.600654910100353e-06  2.113522273947378e-06  -1.171417718404773e-05
5.510000000000001e+00  -9.472436380855073e-06  1.828997793740581e-06  -1.130143417459565e-05
5.520000000000001e+00  -9.339142742968151e-06  1.552753976326061e-06  -1.089189671929421e-05
5.530000000000001e+00  -9.201029732954448e-06  1.284781918102519e-06  -1.048581165105697e-05
5.540000000000001e+00  -9.058354886772127e-06  1.025061916019115e-06  -1.008341680279124e-05
5.550000000000001e+00  -8.911377030030701e-06  7.735639942130752e-07  -9.684941024243775e-06
5.560000000000001e+00  -8.760355782158618e-06  5.302484220471228e-07  -9.290604204205740e-06
5.570000000000001e+00  -8.605551075001890e-06  2.950662231289883e-07  -8.900617298130878e-06
5.580000000000001e+00  -8.447222686298565e-06  6.795967488683269e-08  -8.515182361185398e-06
5.590000000000001e+00  -8.285629788427976e-06  -1.511372016845744e-07  -8.134492586743402e-06
5.600000000000001e+00  -8.121030512770346e-06  -3.622981624178485e-07  -7.758732350352497e-06
5.610000000000001e+00  -7.953681529983405e-06  -5.656042708488662e-07  -7.388077259134539e-06
5.620000000000001e+00  -7.783837646437249e-06  -7.611434398018627e-07  -7.022694206635387e-06
5.630000000000001e+00  -7.611751417055057e-06  -9.490099839747866e-07  -6.662741433080270e-06
5.640000000000001e+00  -7.437672774646293e-06  -1.129304183688911e-06  -6.308368590957382e-06
5.650000000000001e+00  -7.261848675967856e-06  -1.302131860017873e-06  -5.959716815949983e-06
5.660000000000001e+00  -7.084522764517680e-06  -1.467603961425802e-06  -5.616918803091878e-06
5.670000000000001e+00  -6.905935050143390e-06  -1.625836162065651e-06  -5.280098888077740e-06
5.680000000000001e+00  -6.726321605495863e-06  -1.776948471795629e-06  -4.949373133700234e-06
5.690000000000001e+00  -6.545914279299047e-06  -1.921064858053005e-06  -4.624849421246042e-06
5.700000000000001e+00  -6.364940426354286e-06  -2.058312879564248e-06  -4.306627546790038e-06
5.710000000000001e+00  -6.183622654273190e-06  -2.188823331968265e-06  -3.994799322304925e-06
5.720000000000001e+00  -6.002178586746499e-06  -2.312729905366823e-06  -3.689448681379675e-06
5.730000000000001e+00  -5.820820643269234e-06  -2.430168853728966e-06  -3.390651789540268e-06
5.740000000000001e+00  -5.639755835126107e-06  -2.541278676194999e-06  -3.098477158931108e-06
5.750000000000001e+00  -5.459185577455444e-06  -2.646199810171474e-06  -2.812985767283970e-06
5.760000000000001e+00  -5.279305517185210e-06  -2.745074336167371e-06  -2.534231181017838e-06
5.770000000000001e+00  -5.100305376593407e-06  -2.838045694294508e-06  -2.262259682298899e-06
5.780000000000001e+00  -4.922368812239632e-06  -2.925258412320324e-06  -1.997110399919308e-06
5.790000000000001e+00  -4.745673288998332e-06  -3.006857845162559e-06  -1.738815443835774e-06
5.800000000000001e+00  -4.570389968891699e-06  -3.082989925681195e-06  -1.487400043210504e-06
5.810000000000001e+00  -4.396683614404703e-06  -3.153800926666171e-06  -1.242882687738532e-06
5.820000000000001e+00  -4.224712505972798e-06  -3.219437233818162e-06  -1.005275272154636e-06
5.830000000000001e+00  -4.054628373287784e-06  -3.280045129579720e-06  -7.745832437080645e-07
5.840000000000001e+00  -3.886576340065907e-06  -3.335770587660515e-06  -5.508057524053917e-07
5.850000000000001e+00  -3.720694881934251e-06  -3.386759078029880e-06  -3.339358039043706e-07
5.860000000000001e+00  -3.557115797013596e-06  -3.433155382226611e-06  -1.239604147869844e-07
5.870000000000001e+00  -3.395964188869160e-06  -3.475103418743173e-06  7.913922987401276e-08
5.880000000000001e+00  -3.237358461385454e-06  -3.512746078312810e-06  2.753876169273561e-07
5.890000000000001e+00  -3.081410325190207e-06  -3.546225068872822e-06  4.648147436826154e-07
5.900000000000001e+00  -2.928224815209484e-06  -3.575680769952738e-06  6.474559547432539e-07
5.910000000000001e+00  -2.777900318946779e-06  -3.601252096323086e-06  8.233517773763070e-07
5.920000000000001e+00  -2.630528615065934e-06  -3.623076370605907e-06  9.925477555399737e-07
5.930000000000001e+00  -2.486194921843815e-06  -3.641289204670673e-06  1.155094282826858e-06
5.940000000000001e+00  -2.344977955094646e-06  -3.656024389538265e-06  1.311046434443619e-06
5.950000000000001e+00  -2.206949995120801e-06  -3.667413793580150e-06  1.460463798459349e-06
5.960000000000001e+00  -2.072176962277047e-06  -3.675587268736729e-06  1.603410306459682e-06
5.970000000000001e+00  -1.940718500700714e-06  -3.680672564560565e-06  1.739954063859851e-06
5.980000000000001e+00  -1.812628069824507e-06  -3.682795249775705e-06  1.870167179951198e-06
5.990000000000001e+00  -1.687953043196423e-06  -3.682078641183679e-06  1.994125597987256e-06
6.000000000000001e+00  -1.566734814237404e-06  -3.678643739579095e-06  2.111908925341690e-06
6.010000000000001e+00  -1.449008908476341e-06  -3.672609172521970e-06  2.223600264045629e-06
6.020000000000001e+00  -1.334805101880493e-06  -3.664091143652613e-06  2.329286041772120e-06
6.030000000000001e+00  -1.224147544841116e-06  -3.653203388319689e-06  2.429055843478574e-06
6.040000000000001e+00  -1.117054891456557e-06  -3.640057135327674e-06  2.523002243871117e-06
6.050000000000001e+00  -1.013540433645453e-06  -3.624761074473131e-06  2.611220640827677e-06
6.060000000000001e+00  -9.136122397606071e-07  -3.607421329720255e-06  2.693809089959647e-06
6.070000000000001e+00  -8.172732972873072e-07  -3.588141437712508e-06  2.770868140425201e-06
6.080000000000001e+00  -7.245216592338495e-07  -3.567022331426373e-06  2.842500672192523e-06
6.090000000000001e+00  -6.353505938724887e-07  -3.544162328711418e-06  2.908811734838929e-06
6.100000000000001e+00  -5.497487374336058e-07  -3.519657125515225e-06  2.969908388081620e-06
6.110000000000001e+00  -4.677002494199176e-07  -3.493599793527953e-06  3.025899544108035e-06
6.120000000000001e+00  -3.891849701842277e-07  -3.466080782077343e-06  3.076895811893115e-06
6.130000000000001e+00  -3.141785804165802e-07  -3.437187924007601e-06  3.123009343591021e-06
6.140000000000001e+00  -2.426527622208182e-07  -3.407006445363558e-06  3.164353683142740e-06
6.150000000000001e+00  -1.745753614732834e-07  -3.375618978648854e-06  3.201043617175571e-06
6.160000000000001e+00  -1.099105511151720e-07  -3.343105579479750e-06  3.233195028364577e-06
6.170000000000001e+00  -4.861899510517395e-08  -3.309543746394257e-06  3.260924751289083e-06
6.180000000000001e+00  9.341987280168525e-09  -3.275008443666480e-06  3.284350430946648e-06
6.190000000000001e+00  6.401825707028326e-08  -3.239572126902593e-06  3.303590383972876e-06
6.200000000000001e+00  1.154586914231827e-07  -3.203304771245545e-06  3.318763462668728e-06
6.210000000000001e+00  1.637150199340207e-07  -3.166273902003004e-06  3.329988921937025e-06
6.220000000000001e+00  2.088416616365803e-07  -3.128544627536429e-06  3.337386289173010e-06
6.230000000000001e+00  2.508955629959870e-07  -3.090179674206396e-06  3.341075237202383e-06
6.240000000000001e+00  2.899360370860940e-07  -3.051239423255519e-06  3.341175460341613e-06
6.250000000000001e+00  3.260246041894628e-07  -3.011781949424662e-06  3.337806553614125e-06
6.260000000000001e+00  3.592248340291244e-07  -2.971863061172447e-06  3.331087895201572e-06
6.270000000000001e+00  3.896021898497848e-07  -2.931536342341543e-06  3.321138532191328e-06
6.280000000000001e+00  4.172238745050598e-07  -2.890853195118273e-06  3.308077069623333e-06
6.290000000000001e+00  4.421586787816352e-07  -2.849862884156705e-06  3.292021562938340e-06
6.300000000000001e+00  4.644768320828571e-07  -2.808612581721017e-06  3.273089413803874e-06
6.310000000000001e+00  4.842498556774286e-07  -2.767147413733490e-06  3.251397269410918e-06
6.320000000000001e+00  5.015504186211829e-07  -2.725510506582170e-06  3.227060925203353e-06
6.330000000000001e+00  5.164521965435392e-07  -2.683743034576969e-06  3.200195231120509e-06
6.340000000000001e+00  5.290297333850004e-07  -2.641884267942650e-06  3.170914001327650e-06
6.350000000000001e+00  5.393583062389036e-07  -2.599971621242045e-06  3.139329927480949e-06
6.360000000000001e+00  5.475137933986381e-07  -2.558040702109819e-06  3.105554495508457e-06
6.370000000000001e+00  5.535725457103121e-07  -2.516125360207496e-06  3.069697905917808e-06
6.380000000000001e+00  5.576112613385505e-07  -2.474257736311314e-06  3.031868997649865e-06
6.390000000000001e+00  5.597068640273384e-07  -2.432468311414750e-06  2.992175175442089e-06
6.400000000000001e+00  5.599363849189291e-07  -2.390785955799958e-06  2.950722340718888e-06
6.410000000000001e+00  5.583768480186133e-07  -2.349237977959672e-06  2.907614825978285e-06
6.420000000000001e+00  5.551051593610791e-07  -2.307850173312116e-06  2.862955332673195e-06
6.430000000000001e+00  5.501979999174364e-07  -2.266646872635087e-06  2.816844872552524e-06
6.440000000000001e+00  5.437317223112776e-07  -2.225650990144007e-06  2.769382712455284e-06
6.450000000000001e+00  5.357822513504811e-07  -2.184884071151939e-06  2.720666322502420e-06
6.460000000000001e+00  5.264249884286166e-07  -2.144366339262937e-06  2.670791327691553e-06
6.470000000000001e+00  5.157347198094730e-07  -2.104116743014221e-06  2.619851462823694e-06
6.480000000000001e+00  5.037855288022667e-07  -2.064153001958473e-06  2.567938530760740e-06
6.490000000000001e+00  4.906507118433121e-07  -2.024491652090118e-06  2.515142363933431e-06
6.500000000000001e+00  4.764026984856724e-07  -1.985148090605318e-06  2.461550789090990e-06
6.510000000000001e+00  4.611129752843611e-07  -1.946136619940729e-06  2.407249595225090e-06
6.520000000000001e+00  4.448520135718141e-07  -1.907470491055065e-06  2.352322504626880e-06
6.530000000000001e+00  4.276892011134945e-07  -1.869161945925368e-06  2.296851147038862e-06
6.540000000000001e+00  4.096927775916681e-07  -1.831222259203990e-06  2.240915036795658e-06
6.550000000000001e+00  3.909297739331568e-07  -1.793661779048405e-06  2.184591552981562e-06
6.560000000000001e+00  3.714659554083382e-07  -1.756489967058200e-06  2.127955922466538e-06
6.570000000000001e+00  3.513657684837965e-07  -1.719715437325641e-06  2.071081205809438e-06
6.580000000000001e+00  3.306922913802478e-07  -1.683345994562957e-06  2.014038285943204e-06
6.590000000000001e+00  3.095071882946513e-07  -1.647388671300342e-06  1.956895859594993e-06
6.600000000000001e+00  2.878706672114678e-07  -1.611849764141745e-06  1.899720431353213e-06
6.610000000000001e+00  2.658414412907454e-07  -1.576734869048369e-06  1.842576310339114e-06
6.620000000000001e+00  2.434766937230871e-07  -1.542048915671722e-06  1.785525609394809e-06
6.630000000000001e+00  2.208320460285539e-07  -1.507796200706063e-06  1.728628246734617e-06
6.640000000000001e+00  1.979615297123993e-07  -1.473980420254608e-06  1.671941949967007e-06
6.650000000000001e+00  1.749175612179244e-07  -1.440604701229035e-06  1.615522262446959e-06
6.660000000000001e+00  1.517509200921782e-07  -1.407671631758499e-06  1.559422551850677e-06
6.670000000000001e+00  1.285107303211894e-07  -1.375183290612302e-06  1.503694020933491e-06
6.680000000000001e+00  1.052444446973287e-07  -1.343141275664932e-06  1.448385720362261e-06
6.690000000000001e+00  8.199783221625767e-08  -1.311546731363086e-06  1.393544563579343e-06
6.700000000000001e+00  5.881496836085815e-08  -1.280400375247801e-06  1.339215343608659e-06
6.710000000000001e+00  3.573822821731514e-08  -1.249702523502761e-06  1.285440751720076e-06
6.720000000000001e+00  1.280828233966737e-08  -1.219453115559654e-06  1.232261397899321e-06
6.730000000000001e+00  -9.935904743172470e-09  -1.189651737765950e-06  1.179715833022778e-06
6.740000000000001e+00  -3.245707343211442e-08  -1.160297646117366e-06  1.127840572685252e-06
6.750000000000001e+00  -5.471966549678905e-08  -1.131389788082945e-06  1.076670122586156e-06
6.760000000000001e+00  -7.668981811993199e-08  -1.102926823518299e-06  1.026237005398367e-06
6.770000000000001e+00  -9.833535562268492e-08  -1.074907144711979e-06  9.765717890892937e-07
6.780000000000001e+00  -1.196257790032619e-07  -1.047328895533538e-06  9.277031165302758e-07
6.790000000000001e+00  -1.405322533290915e-07  -1.020189989750190e-06  8.796577364210980e-07
6.800000000000001e+00  -1.610275931129950e-07  -9.934881284922206e-07  8.324605353792256e-07
6.810000000000001e+00  -1.810862457430322e-07  -9.672208169069603e-07  7.861345711639281e-07
6.820000000000001e+00  -2.006842730553671e-07  -9.413853800007063e-07  7.407011069453392e-07
6.830000000000001e+00  -2.197993311585351e-07  -9.159789777120184e-07  6.961796465534833e-07
6.840000000000001e+00  -2.384106485765982e-07  -8.909986192085271e-07  6.525879706319288e-07
6.850000000000001e+00  -2.564990028217098e-07  -8.664411764541373e-07  6.099421736324275e-07
6.860000000000001e+00  -2.740466954572104e-07  -8.423033970316640e-07  5.682567015744536e-07
6.870000000000001e+00  -2.910375257767760e-07  -8.185819162921606e-07  5.275443905153847e-07
6.880000000000001e+00  -3.074567631518962e-07  -7.952732687948224e-07  4.878165056429262e-07
6.890000000000001e+00  -3.232911181514350e-07  -7.723738991015699e-07  4.490827809501349e-07
6.900000000000001e+00  -3.385287125167801e-07  -7.498801719240992e-07  4.113514594073191e-07
6.910000000000001e+00  -3.531590480756162e-07  -7.277883816556958e-07  3.746293335800796e-07
6.920000000000001e+00  -3.671729746684549e-07  -7.060947613000893e-07  3.389217866316344e-07
6.930000000000001e+00  -3.805626571832187e-07  -6.847954908304099e-07  3.042328336471911e-07
6.940000000000001e+00  -3.933215417743112e-07  -6.638867049831194e-07  2.705651632088083e-07
6.950000000000001e+00  -4.054443213301796e-07  -6.433645005246066e-07  2.379201791944270e-07
6.960000000000001e+00  -4.169269002848709e-07  -6.232249429950269e-07  2.062980427101560e-07
6.970000000000001e+00  -4.277663588420663e-07  -6.034640729700122e-07  1.756977141279459e-07
6.980000000000001e+00  -4.379609166774985e-07  -5.840779118375391e-07  1.461169951600405e-07
6.990000000000001e+00  -4.475098962062288e-07  -5.650624671238114e-07  1.175525709175826e-07
7.000000000000001e+00  -4.564136854698984e-07  -5.464137374005271e-07  9.000005193062870e-08
7.010000000000001e+00  -4.646737007161813e-07  -5.281277167523338e-07  6.345401603615254e-08
7.020000000000001e+00  -4.722923487518251e-07  -5.102003988776953e-07  3.790805012587023e-08
7.030000000000001e+00  -4.792729891071477e-07  -4.926277807973942e-07  1.335479169024647e-08
7.040000000000001e+00  -4.856198960895962e-07  -4.754058662118663e-07  -1.021402987772994e-08
7.050000000000001e+00  -4.913382207912600e-07  -4.585306685269018e-07  -3.280755226435819e-08
7.060000000000001e+00  -4.964339531028472e-07  -4.419982135500592e-07  -5.443573955278800e-08
7.070000000000001e+00  -5.009138837747832e-07  -4.258045418917822e-07  -7.510934188300096e-08
7.080000000000001e+00  -5.047855666131807e-07  -4.099457110826119e-07  -9.483985553056876e-08
7.090000000000001e+00  -5.080572808339887e-07  -3.944177974166576e-07  -1.136394834173312e-07
7.100000000000001e+00  -5.107379936363956e-07  -3.792168975509846e-07  -1.315210960854109e-07
7.110000000000001e+00  -5.128373230478648e-07  -3.643391298621743e-07  -1.484981931856905e-07
7.120000000000001e+00  -5.143655010714357e-07  -3.497806355914888e-07  -1.645848654799469e-07
7.130000000000001e+00  -5.153333372051572e-07  -3.355375797767949e-07  -1.797957574283623e-07
7.140000000000001e+00  -5.157521823447254e-07  -3.216061519990208e-07  -1.941460303457046e-07
7.150000000000001e+00  -5.156338931320300e-07  -3.079825669475495e-07  -2.076513261844805e-07
7.160000000000001e+00  -5.149907967815429e-07  -2.946630648369758e-07  -2.203277319445671e-07
7.170000000000001e+00  -5.138356564077426e-07  -2.816439116451291e-07  -2.321917447626135e-07
7.180000000000001e+00  -5.121816369155098e-07  -2.689213992469439e-07  -2.432602376685658e-07
7.190000000000001e+00  -5.100422714511805e-07  -2.564918454044736e-07  -2.535504260467069e-07
7.200000000000001e+00  -5.074314284664980e-07  -2.443515936480259e-07  -2.630798348184720e-07
7.210000000000001e+00  -5.043632794232212e-07  -2.324970130538486e-07  -2.718662663693726e-07
7.220000000000001e+00  -5.008522671484110e-07  -2.209244979313070e-07  -2.799277692171040e-07
7.230000000000001e+00  -4.969130748842413e-07  -2.096304674341136e-07  -2.872826074501277e-07
7.240000000000001e+00  -4.925605960362246e-07  -1.986113650906965e-07  -2.939492309455281e-07
7.250000000000001e+00  -4.878099046533635e-07  -1.878636582834570e-07  -2.999462463699065e-07
7.260000000000001e+00  -4.826762266561860e-07  -1.773838376620455e-07  -3.052923889941405e-07
7.270000000000001e+00  -4.771749118213885e-07  -1.671684165268914e-07  -3.100064952944971e-07
7.280000000000001e+00  -4.713214065482672e-07  -1.572139301649130e-07  -3.141074763833542e-07
7.290000000000001e+00  -4.651312274204909e-07  -1.475169351570783e-07  -3.176142922634126e-07
7.300000000000001e+00  -4.586199355550148e-07  -1.380740086742016e-07  -3.205459268808132e-07
7.310000000000001e+00  -4.518031117864482e-07  -1.288817477436685e-07  -3.229213640427798e-07
7.320000000000001e+00  -4.446963326539201e-07  -1.199367685139269e-07  -3.247595641399932e-07
7.330000000000001e+00  -4.373151472236204e-07  -1.112357055195201e-07  -3.260794417041003e-07
7.340000000000001e+00  -4.296750547508684e-07  -1.027752109390561e-07  -3.268998438118123e-07
7.350000000000001e+00  -4.217914831714551e-07  -9.455195386984427e-08  -3.272395293016108e-07
7.360000000000001e+00  -4.136797684368760e-07  -8.656261960907040e-08  -3.271171488278056e-07
7.370000000000001e+00  -4.053551346925589e-07  -7.880390895276440e-08  -3.265512257397945e-07
7.380000000000001e+00  -3.968326753036563e-07  -7.127253751471354e-08  -3.255601377889428e-07
7.390000000000001e+00  -3.881273347109153e-07  -6.396523507389440e-08  -3.241620996370209e-07
7.400000000000001e+00  -3.792538911350233e-07  -5.687874494141897e-08  -3.223751461936043e-07
7.410000000000001e+00  -3.702269401127763e-07  -5.000982336778724e-08  -3.202171167449890e-07
7.420000000000001e+00  -3.610608788635654e-07  -4.335523897374879e-08  -3.177056398898166e-07
7.430000000000001e+00  -3.517698914791939e-07  -3.691177222107365e-08  -3.148581192581202e-07
7.440000000000001e+00  -3.423679349413471e-07  -3.067621492378955e-08  -3.116917200175576e-07
7.450000000000001e+00  -3.328687259346355e-07  -2.464536979847994e-08  -3.082233561361556e-07
7.460000000000001e+00  -3.232857284741480e-07  -1.881605004577487e-08  -3.044696784283732e-07
7.470000000000001e+00  -3.136321423169014e-07  -1.318507899005568e-08  -3.004470633268457e-07
7.480000000000001e+00  -3.039208921629538e-07  -7.749289750397116e-09  -2.961716024125567e-07
7.490000000000001e+00  -2.941646176226310e-07  -2.505524961874793e-09  -2.916590926607562e-07
7.500000000000001e+00  -2.843756639408548e-07  2.549363460731313e-09  -2.869250274015861e-07
7.510000000000001e+00  -2.745660734704321e-07  7.418514511971743e-09  -2.819845879824039e-07
7.520000000000001e+00  -2.647475778821918e-07  1.210505824063630e-08  -2.768526361228281e-07
7.530000000000001e+00  -2.549315910846253e-07  1.661211584841504e-08  -2.715437069330403e-07
7.540000000000001e+00  -2.451292028570186e-07  2.094279974282331e-08  -2.660720025998418e-07
7.550000000000001e+00  -2.353511731682728e-07  2.510021354780839e-08  -2.604513867160812e-07
7.560000000000001e+00  -2.256079271687717e-07  2.908745206201120e-08  -2.546953792307829e-07
7.570000000000001e+00  -2.159095508440492e-07  3.290760118658386e-08  -2.488171520306330e-07
7.580000000000001e+00  -2.062657873048450e-07  3.656373779297463e-08  -2.428295250978196e-07
7.590000000000001e+00  -1.966860337080002e-07  4.005892956471187e-08  -2.367449632727120e-07
7.600000000000001e+00  -1.871793387806017e-07  4.339623478694186e-08  -2.305755735675436e-07
7.610000000000001e+00  -1.777544009380586e-07  4.657870209890357e-08  -2.243331030369622e-07
7.620000000000001e+00  -1.684195669708318e-07  4.960937020959297e-08  -2.180289371804248e-07
7.630000000000001e+00  -1.591828312938589e-07  5.249126757657490e-08  -2.116740988704338e-07
7.640000000000001e+00  -1.500518357197957e-07  5.522741204041535e-08  -2.052792477602111e-07
7.650000000000001e+00  -1.410338697676707e-07  5.782081043940433e-08  -1.988546802070750e-07
7.660000000000001e+00  -1.321358714558383e-07  6.027445817494917e-08  -1.924103296307875e-07
7.670000000000001e+00  -1.233644285906400e-07  6.259133875849755e-08  -1.859557673491375e-07
7.680000000000001e+00  -1.147257805051586e-07  6.477442332027681e-08  -1.795002038254354e-07
7.690000000000001e+00  -1.062258202593000e-07  6.682667009598161e-08  -1.730524903552816e-07
7.700000000000001e+00  -9.787009724168489e-08  6.875102388975910e-08  -1.666211211314440e-07
7.710000000000001e+00  -8.966382021374948e-08  7.055041549110519e-08  -1.602142357048547e-07
7.720000000000001e+00  -8.161186070754091e-08  7.222776110493561e-08  -1.538396218124765e-07
7.730000000000001e+00  -7.371875681627524e-08  7.378596173146269e-08  -1.475047185477379e-07
7.740000000000001e+00  -6.598871733751690e-08  7.522790253890672e-08  -1.412166198764236e-07
7.750000000000001e+00  -5.842562623409423e-08  7.655645222313463e-08  -1.349820784572289e-07
7.760000000000001e+00  -5.103304743197748e-08  7.777446233897221e-08  -1.288075097709497e-07
7.770000000000001e+00  -4.381422990321191e-08  7.888476663049222e-08  -1.226989965337041e-07
7.780000000000001e+00  -3.677211303710177e-08  7.989018034661255e-08  -1.166622933837143e-07
7.790000000000001e+00  -2.990933226708584e-08  8.079349954212267e-08  -1.107028318092085e-07
7.800000000000001e+00  -2.322822495190581e-08  8.159750037708667e-08  -1.048257253289925e-07
7.810000000000001e+00  -1.673083648289133e-08  8.230493840766140e-08  -9.903577489055272e-08
7.820000000000001e+00  -1.041892660265667e-08  8.291854787131399e-08  -9.333747447397066e-08
7.830000000000001e+00  -4.293975918929975e-09  8.344104097121886e-08  -8.773501689014883e-08
7.840000000000001e+00  1.642807396147858e-09  8.387510716019952e-08  -8.223229976405166e-08
7.850000000000001e+00  7.390480749323598e-09  8.422341242452358e-08  -7.683293167519998e-08
7.860000000000001e+00  1.294836011718270e-08  8.448859856834280e-08  -7.154023845116010e-08
7.870000000000001e+00  1.831601290551110e-08  8.467328250696654e-08  -6.635726960145544e-08
7.880000000000001e+00  2.349325068723138e-08  8.478005556100454e-08  -6.128680487377316e-08
7.890000000000001e+00  2.848012184222273e-08  8.481148275952549e-08  -5.633136091730276e-08
7.900000000000001e+00  3.327690410286423e-08  8.477010215097236e-08  -5.149319804810812e-08
7.910000000000001e+00  3.788409702237593e-08  8.465842412684720e-08  -4.677432710447127e-08
7.920000000000001e+00  4.230241438578301e-08  8.447893075176588e-08  -4.217651636598286e-08
7.930000000000001e+00  4.653277656742795e-08  8.423407511053190e-08  -3.770129854310396e-08
7.940000000000001e+00  5.057630285681643e-08  8.392628066461979e-08  -3.334997780780336e-08
7.950000000000001e+00  5.443430374972148e-08  8.355794062903099e-08  -2.912363687930951e-08
7.960000000000001e+00  5.810827323774485e-08  8.313141736122372e-08  -2.502314412347887e-08
7.970000000000001e+00  6.159988109229836e-08  8.264904176706290e-08  -2.104916067476454e-08
7.980000000000001e+00  6.491096515616638e-08  8.211311272914294e-08  -1.720214757297656e-08
7.990000000000001e+00  6.804352365923182e-08  8.152589654607788e-08  -1.348237288684606e-08
8.000000000000002e+00  7.099970756657017e-08  8.088962640544940e-08  -9.889918838879234e-09
8.010000000000002e+00  7.378181295599668e-08  8.020650185751342e-08  -6.424688901516740e-09
8.020000000000001e+00  7.639227346770319e-08  7.947868833567298e-08  -3.086414867969787e-09
8.030000000000001e+00  7.883365278866637e-08  7.870831667674714e-08  1.253361119192283e-10
8.040000000000003e+00  8.110863722111126e-08  7.789748267603787e-08  3.211154545073395e-09
8.050000000000002e+00  8.322002832272659e-08  7.704824666410812e-08  6.171781658618472e-09
8.060000000000002e+00  8.517073562853680e-08  7.616263310870216e-08  9.008102519834638e-09
8.070000000000002e+00  8.696376946904661e-08  7.524263023663852e-08  1.172113923240808e-08
8.080000000000002e+00  8.860223388205319e-08  7.429018968816924e-08  1.431204419388395e-08
8.090000000000002e+00  9.008931963318378e-08  7.330722618992568e-08  1.678209344325810e-08
8.100000000000001e+00  9.142829734887618e-08  7.229561725898723e-08  1.913268008988894e-08
8.110000000000001e+00  9.262251076029913e-08  7.125720293084756e-08  2.136530782945157e-08
8.120000000000003e+00  9.367537007896458e-08  7.019378551187650e-08  2.348158456708808e-08
8.130000000000003e+00  9.459034549513758e-08  6.910712936473677e-08  2.548321613040081e-08
8.140000000000002e+00  9.537096081006434e-08  6.799896071123559e-08  2.737200009882875e-08
8.150000000000002e+00  9.602078720756855e-08  6.687096747247634e-08  2.914981973509221e-08
8.160000000000002e+00  9.654343716452464e-08  6.572479912577073e-08  3.081863803875390e-08
8.170000000000002e+00  9.694255850985597e-08  6.456206659565368e-08  3.238049191420229e-08
8.180000000000001e+00  9.722182862666996e-08  6.338434216898163e-08  3.383748645768833e-08
8.190000000000001e+00  9.738494881495401e-08  6.219315943621228e-08  3.519178937874173e-08
8.200000000000001e+00  9.743563879836279e-08  6.099001325943141e-08  3.644562553893138e-08
8.210000000000003e+00  9.737763139760186e-08  5.977635976792737e-08  3.760127162967448e-08
8.220000000000002e+00  9.721466735581724e-08  5.855361637881999e-08  3.866105097699725e-08
8.230000000000002e+00  9.695049032909981e-08  5.732316184222609e-08  3.962732848687372e-08
8.240000000000002e+00  9.658884203539080e-08  5.608633631455549e-08  4.050250572083531e-08
8.250000000000002e+00  9.613345757407923e-08  5.484444145623774e-08  4.128901611784150e-08
8.260000000000002e+00  9.558806090185031e-08  5.359874055252598e-08  4.198932034932434e-08
8.270000000000001e+00  9.495636047730157e-08  5.235045866095463e-08  4.260590181634694e-08
8.280000000000001e+00  9.424204507434876e-08  5.110078278163911e-08  4.314126229270965e-08
8.290000000000003e+00  9.344877975704435e-08  4.985086204983623e-08  4.359791770720812e-08
8.300000000000002e+00  9.258020202207273e-08  4.860180795339374e-08  4.397839406867899e-08
8.310000000000002e+00  9.163991810776553e-08  4.735469457480055e-08  4.428522353296497e-08
8.320000000000002e+00  9.063149946478969e-08  4.611055884647193e-08  4.452094061831775e-08
8.330000000000002e+00  8.955847939630008e-08  4.487040084142807e-08  4.468807855487201e-08
8.340000000000002e+00  8.842434985622858e-08  4.363518406931077e-08  4.478916578691781e-08
8.350000000000001e+00  8.723255841258224e-08  4.240583580466825e-08  4.482672260791399e-08
8.360000000000001e+00  8.598650537129639e-08  4.118324742932989e-08  4.480325794196651e-08
8.370000000000003e+00  8.468954105875657e-08  3.996827479326957e-08  4.472126626548700e-08
8.380000000000003e+00  8.334496326281318e-08  3.876173859702270e-08  4.458322466579048e-08
8.390000000000002e+00  8.195601482751963e-08  3.756442478956199e-08  4.439159003795764e-08
8.400000000000002e+00  8.052588140469724e-08  3.637708498196810e-08  4.414879642272913e-08
8.410000000000002e+00  7.905768935432439e-08  3.520043688127474e-08  4.385725247304965e-08
8.420000000000002e+00  7.755450379542898e-08  3.403516473576251e-08  4.351933905966647e-08
8.430000000000001e+00  7.601932680367079e-08  3.288191979856900e-08  4.313740700510180e-08
8.440000000000001e+00  7.445509575210341e-08  3.174132080289424e-08  4.271377494920917e-08
8.450000000000001e+00  7.286468179735712e-08  3.061395445206775e-08  4.225072734528936e-08
8.460000000000003e+00  7.125088849804836e-08  2.950037592303721e-08  4.175051257501115e-08
8.470000000000002e+00  6.961645057421205e-08  2.840110938141467e-08  4.121534119279739e-08
8.480000000000002e+00  6.796403280001084e-08  2.731664850461222e-08  4.064738429539861e-08
8.490000000000002e+00  6.629622902213272e-08  2.624745702322991e-08  4.004877199890281e-08
8.500000000000002e+00  6.461556130829640e-08  2.519396926492196e-08  3.942159204337444e-08
8.510000000000002e+00  6.292447921809570e-08  2.415659071183432e-08  3.876788850626139e-08
8.520000000000001e+00  6.122535919594815e-08  2.313569856481965e-08  3.808966063112850e-08
8.530000000000001e+00  5.952050407724966e-08  2.213164231688569e-08  3.738886176036396e-08
8.540000000000003e+00  5.781214271238845e-08  2.114474433307392e-08  3.666739837931452e-08
8.550000000000002e+00  5.610242969766911e-08  2.017530043396473e-08  3.592712926370438e-08
8.560000000000002e+00  5.439344521460399e-08  1.922358049505498e-08  3.516986471954900e-08
8.570000000000002e+00  5.268719497388063e-08  1.828982903652529e-08  3.439736593735534e-08
8.580000000000002e+00  5.098561025590683e-08  1.737426582909507e-08  3.361134442681176e-08
8.590000000000002e+00  4.929054804724577e-08  1.647708649954261e-08  3.281346154770315e-08
8.600000000000001e+00  4.760379127851119e-08  1.559846313978839e-08  3.200532813872280e-08
8.610000000000001e+00  4.592704913715677e-08  1.473854491883677e-08  3.118850421832000e-08
8.620000000000003e+00  4.426195747890118e-08  1.389745869471450e-08  3.036449878418668e-08
8.630000000000003e+00  4.261007931460608e-08  1.307530963237212e-08  2.953476968223396e-08
8.640000000000002e+00  4.097290537696100e-08  1.227218181729316e-08  2.870072355966784e-08
8.650000000000002e+00  3.935185476261115e-08  1.148813887296059e-08  2.786371588965055e-08
8.660000000000002e+00  3.774827564863766e-08  1.072322457524548e-08  2.702505107339218e-08
8.670000000000002e+00  3.616344607142006e-08  9.977463467870779e-09  2.618598260354928e-08
8.680000000000001e+00  3.459857477544910e-08  9.250861477258151e-09  2.534771329819094e-08
8.690000000000001e+00  3.305480212308967e-08  8.543406520490041e-09  2.451139560259963e-08
8.700000000000003e+00  3.153320105834044e-08  7.855069116913556e-09  2.367813194142688e-08
8.710000000000003e+00  3.003477813047411e-08  7.185802992132075e-09  2.284897513834203e-08
8.720000000000002e+00  2.856047456529974e-08  6.535545681950844e-09  2.202492888334890e-08
8.730000000000002e+00  2.711116738634344e-08  5.904219129643261e-09  2.120694825670018e-08
8.740000000000002e+00  2.568767058096057e-08  5.291730279517729e-09  2.039594030144285e-08
8.750000000000002e+00  2.429073630711289e-08  4.697971667722892e-09  1.959276463939000e-08
8.760000000000002e+00  2.292105614141017e-08  4.122822003794514e-09  1.879823413761566e-08
8.770000000000001e+00  2.157926235812583e-08  3.566146750223777e-09  1.801311560790205e-08
8.780000000000001e+00  2.026592924729993e-08  3.027798694854045e-09  1.723813055244588e-08
8.790000000000003e+00  1.898157445597010e-08  2.507618516062138e-09  1.647395593990796e-08
8.800000000000002e+00  1.772666036168029e-08  2.005435340760669e-09  1.572122502091962e-08
8.810000000000002e+00  1.650159546708766e-08  1.521067298505610e-09  1.498052816858205e-08
8.820000000000002e+00  1.530673581698485e-08  1.054322063209299e-09  1.425241375377555e-08
8.830000000000002e+00  1.414238643223755e-08  6.049973914145792e-10  1.353738904082297e-08
8.840000000000002e+00  1.300880276493535e-08  1.728816522842098e-10  1.283592111265114e-08
8.850000000000001e+00  1.190619215807025e-08  -2.422456560668185e-10  1.214843781413707e-08
8.860000000000001e+00  1.083471532755720e-08  -6.406133909376175e-10  1.147532871849481e-08
8.870000000000003e+00  9.794487842035100e-09  -1.022458263942103e-09  1.081694610597720e-08
8.880000000000003e+00  8.785581618414168e-09  -1.388024345698131e-09  1.017360596411230e-08
8.890000000000002e+00  7.808026414518364e-09  -1.737562581551818e-09  9.545588996070182e-09
8.900000000000002e+00  6.861811327559558e-09  -2.071330317164595e-09  8.933141644724154e-09
8.910000000000002e+00  5.946886290773795e-09  -2.389590830795533e-09  8.336477121569328e-09
8.920000000000002e+00  5.063163569763867e-09  -2.692612877505487e-09  7.755776447269354e-09
8.930000000000001e+00  4.210519252590437e-09  -2.980670244509677e-09  7.191189497100115e-09
8.940000000000001e+00  3.388794736224261e-09  -3.254041311441391e-09  6.642836047665652e-09
8.950000000000003e+00  2.597798201968652e-09  -3.513008627953598e-09  6.110806829922250e-09
8.960000000000003e+00  1.837306085546416e-09  -3.757858494588811e-09  5.595164580135227e-09
8.970000000000002e+00  1.107064532085975e-09  -3.988880558825533e-09  5.095945090911508e-09
8.980000000000002e+00  4.067908425995763e-10  -4.206367418674118e-09  4.613158261273694e-09
8.990000000000002e+00  -2.638250979331401e-10  -4.410614237108610e-09  4.146789139175470e-09
9.000000000000002e+00  -9.051194056776336e-10  -4.601918370329676e-09  3.696798964652042e-09
9.010000000000002e+00  -1.517452799982726e-09  -4.780579000220222e-09  3.263126200237496e-09
9.020000000000001e+00  -2.101209223935083e-09  -4.946896782582642e-09  2.845687558647559e-09
9.030000000000001e+00  -2.656794484928264e-09  -5.101173502734726e-09  2.444379017806462e-09
9.040000000000003e+00  -3.184634915698784e-09  -5.243711746583486e-09  2.059076830884702e-09
9.050000000000002e+00  -3.685176054870143e-09  -5.374814573176799e-09  1.689638518306656e-09
9.060000000000002e+00  -4.158881355331403e-09  -5.494785207859953e-09  1.335903852528550e-09
9.070000000000002e+00  -4.606230909055320e-09  -5.603926738863621e-09  9.976958298083011e-10
9.080000000000002e+00  -5.027720202420189e-09  -5.702541827271989e-09  6.748216248517999e-10
9.090000000000002e+00  -5.423858893341583e-09  -5.790932425991346e-09  3.670735326497629e-10
9.100000000000001e+00  -5.795169615501899e-09  -5.869399511077448e-09  7.422989557554907e-11
9.110000000000001e+00  -6.142186809777467e-09  -5.938242821280945e-09  -2.039439884965225e-10
9.120000000000003e+00  -6.465455582712621e-09  -5.997760607629733e-09  -4.676949750828880e-10
9.130000000000003e+00  -6.765530589307189e-09  -6.048249394675217e-09  -7.172811946319711e-10
9.140000000000002e+00  -7.042974951675280e-09  -6.090003751783228e-09  -9.529711998920523e-10
9.150000000000002e+00  -7.298359198111528e-09  -6.123316070408859e-09  -1.175043127702669e-09
9.160000000000002e+00  -7.532260238110695e-09  -6.148476358566578e-09  -1.383783879544117e-09
9.170000000000002e+00  -7.745260361039632e-09  -6.165772035209511e-09  -1.579488325830121e-09
9.180000000000001e+00  -7.937946270214817e-09  -6.175487744440069e-09  -1.762458525774748e-09
9.190000000000001e+00  -8.110908141236548e-09  -6.177905170953188e-09  -1.933002970283360e-09
9.200000000000003e+00  -8.264738715537983e-09  -6.173302868487780e-09  -2.091435847050203e-09
9.210000000000003e+00  -8.400032421365001e-09  -6.161956096943953e-09  -2.238076324421048e-09
9.220000000000002e+00  -8.517384525239889e-09  -6.144136668848413e-09  -2.373247856391476e-09
9.230000000000002e+00  -8.617390313874940e-09  -6.120112803135766e-09  -2.497277510739174e-09
9.240000000000002e+00  -8.700644308819830e-09  -6.090148989417364e-09  -2.610495319402467e-09
9.250000000000002e+00  -8.767739507568285e-09  -6.054505859926071e-09  -2.713233647642214e-09
9.260000000000002e+00  -8.819266657600082e-09  -6.013440069121535e-09  -2.805826588478547e-09
9.270000000000001e+00  -8.855813559948782e-09  -5.967204182064071e-09  -2.888609377884711e-09
9.280000000000001e+00  -8.877964402049368e-09  -5.916046572904527e-09  -2.961917829144842e-09
9.290000000000003e+00  -8.886299122137723e-09  -5.860211326808758e-09  -3.026087795328965e-09
9.300000000000002e+00  -8.881392799998483e-09  -5.799938153582024e-09  -3.081454646416459e-09
9.310000000000002e+00  -8.863815081157666e-09  -5.735462307214993e-09  -3.128352773942673e-09
9.320000000000002e+00  -8.834129626570997e-09  -5.667014511775772e-09  -3.167115114795224e-09
9.330000000000002e+00  -8.792893591820025e-09  -5.594820897271906e-09  -3.198072694548119e-09
9.340000000000002e+00  -8.740657137025131e-09  -5.519102938611835e-09  -3.221554198413296e-09
9.350000000000001e+00  -8.677962960205150e-09  -5.440077404807384e-09  -3.237885555397766e-09
9.360000000000001e+00  -8.605345863459481e-09  -5.357956313782825e-09  -3.247389549676656e-09
9.370000000000003e+00  -8.523332341167887e-09  -5.272946891513798e-09  -3.250385449654089e-09
9.380000000000003e+00  -8.432440198645775e-09  -5.185251541151403e-09  -3.247188657494372e-09
9.390000000000002e+00  -8.333178194477269e-09  -5.095067814064422e-09  -3.238110380412847e-09
9.400000000000002e+00  -8.226045712567451e-09  -5.002588392532529e-09  -3.223457320034922e-09
9.410000000000002e+00  -8.111532451321466e-09  -4.908001068472451e-09  -3.203531382849016e-09
9.420000000000002e+00  -7.990118147868951e-09  -4.811488738338938e-09  -3.178629409530012e-09
9.430000000000001e+00  -7.862272318852861e-09  -4.713229397821535e-09  -3.149042921031326e-09
9.440000000000001e+00  -7.728454027110152e-09  -4.613396141684665e-09  -3.115057885425487e-09
9.450000000000003e+00  -7.589111672444725e-09  -4.512157168220152e-09  -3.076954504224573e-09
9.460000000000003e+00  -7.444682803969711e-09  -4.409675791739844e-09  -3.035007012229866e-09
9.470000000000002e+00  -7.295593953763604e-09  -4.306110455625768e-09  -2.989483498137836e-09
9.480000000000002e+00  -7.142260492812524e-09  -4.201614752459381e-09  -2.940645740353143e-09
9.490000000000002e+00  -6.985086507011182e-09  -4.096337446461521e-09  -2.888749060549661e-09
9.500000000000002e+00  -6.824464694269280e-09  -3.990422502164774e-09  -2.834042192104506e-09
9.510000000000002e+00  -6.660776279208072e-09  -3.884009114909760e-09  -2.776767164298312e-09
9.520000000000001e+00  -6.494390949107139e-09  -3.777231745551916e-09  -2.717159203555224e-09
9.530000000000001e+00  -6.325666805518156e-09  -3.670220159758335e-09  -2.655446645759821e-09
9.540000000000003e+00  -6.154950336840008e-09  -3.563099469029209e-09  -2.591850867810799e-09
9.550000000000002e+00  -5.982576403302229e-09  -3.455990176350920e-09  -2.526586226951309e-09
9.560000000000002e+00  -5.808868242685721e-09  -3.349008224111777e-09  -2.459860018573944e-09
9.570000000000002e+00  -5.634137489811493e-09  -3.242265044362650e-09  -2.391872445448843e-09
9.580000000000002e+00  -5.458684210660694e-09  -3.135867613598387e-09  -2.322816597062308e-09
9.590000000000002e+00  -5.282796952414793e-09  -3.029918507598088e-09  -2.252878444816705e-09
9.600000000000001e+00  -5.106752805967063e-09  -2.924515961698985e-09  -2.182236844268078e-09
9.610000000000001e+00  -4.930817482882002e-09  -2.819753929441676e-09  -2.111063553440325e-09
9.620000000000003e+00  -4.755245404471996e-09  -2.715722147431649e-09  -2.039523257040347e-09
9.630000000000003e+00  -4.580279803264882e-09  -2.612506199959789e-09  -1.967773603305093e-09
9.640000000000002e+00  -4.406152834603193e-09  -2.510187584368275e-09  -1.895965250234919e-09
9.650000000000002e+00  -4.233085700866121e-09  -2.408843781531139e-09  -1.824241919334981e-09
9.660000000000002e+00  -4.061288786138982e-09  -2.308548324089905e-09  -1.752740462049077e-09
9.670000000000002e+00  -3.890961797847087e-09  -2.209370869331883e-09  -1.681590928515204e-09
9.680000000000001e+00  -3.722293921107171e-09  -2.111377272154146e-09  -1.610916648953024e-09
9.690000000000001e+00  -3.555463978194124e-09  -2.014629656236778e-09  -1.540834321957346e-09
9.700000000000003e+00  -3.390640600288229e-09  -1.919186493700810e-09  -1.471454106587419e-09
9.710000000000003e+00  -3.227982401971167e-09  -1.825102677692758e-09  -1.402879724278409e-09
9.720000000000002e+00  -3.067638165460384e-09  -1.732429599767026e-09  -1.335208565693358e-09
9.730000000000002e+00  -2.909747031684144e-09  -1.641215229693811e-09  -1.268531801990333e-09
9.740000000000002e+00  -2.754438695746064e-09  -1.551504190240888e-09  -1.202934505505176e-09
9.750000000000002e+00  -2.601833608109841e-09  -1.463337839096778e-09  -1.138495769013062e-09
9.760000000000002e+00  -2.452043181382271e-09  -1.376754347011855e-09  -1.075288834370416e-09
9.770000000000001e+00  -2.305170001138920e-09  -1.291788776466747e-09  -1.013381224672172e-09
9.780000000000001e+00  -2.161308041511241e-09  -1.208473162671278e-09  -9.528348788399635e-10
9.790000000000003e+00  -2.020542882857762e-09  -1.126836593121980e-09  -8.937062897357816e-10
9.800000000000002e+00  -1.882951932851183e-09  -1.046905287310251e-09  -8.360466455409326e-10
9.810000000000002e+00  -1.748604653254428e-09  -9.687026773960440e-10  -7.799019758583835e-10
9.820000000000002e+00  -1.617562783353345e-09  -8.922494878296195e-10  -7.253132955237253e-10
9.830000000000002e+00  -1.489880570447968e-09  -8.175638138983673e-10  -6.723167565496009e-10
9.840000000000002e+00  -1.365604999267636e-09  -7.446612026910448e-10  -6.209437965765916e-10
9.850000000000001e+00  -1.244776022381314e-09  -6.735547319234270e-10  -5.712212904578874e-10
9.860000000000001e+00  -1.127426793159692e-09  -6.042550881782248e-10  -5.231717049814670e-10
9.870000000000003e+00  -1.013583896745586e-09  -5.367706451336259e-10  -4.768132516119597e-10
9.880000000000003e+00  -9.032675830981667e-10  -4.711075404920102e-10  -4.321600426061566e-10
9.890000000000002e+00  -7.964919983834328e-10  -4.072697557223562e-10  -3.892222426610766e-10
9.900000000000002e+00  -6.932654160539926e-10  -3.452591885708875e-10  -3.480062274831051e-10
9.910000000000002e+00  -5.935904688160962e-10  -2.850757325645970e-10  -3.085147362514992e-10
9.920000000000002e+00  -4.974643757442976e-10  -2.267173491748113e-10  -2.707470265694863e-10
9.930000000000001e+00  -4.048791715157717e-10  -1.701801430130348e-10  -2.346990285027370e-10
9.940000000000001e+00  -3.158219317202339e-10  -1.154584357154067e-10  -2.003634960048272e-10
9.950000000000003e+00  -2.302749978351789e-10  -6.254483673996603e-11  -1.677301610952129e-10
9.960000000000003e+00  -1.482161972803123e-10  -1.143031556348734e-11  -1.367858817168249e-10
9.970000000000002e+00  -6.961906502830224e-11  3.789572680628564e-11  -1.075147918345879e-10
9.980000000000002e+00  5.546940393172866e-12  8.544539039511241e-11  -7.989845000193954e-11
9.990000000000002e+00  7.731622434344323e-11  1.312322069010409e-10  -5.391598255759767e-11
