1.000000000000000e-15  1.000034167038457e+00  1.000038567534182e+00  -4.400495724699027e-06
1.000000000000100e-02  9.997084303671621e-01  9.996944065167680e-01  1.402385039406262e-05
2.000000000000100e-02  9.987317062541698e-01  9.986624825248809e-01  6.922372928896969e-05
3.000000000000100e-02  9.971054513947428e-01  9.969444714315725e-01  1.609799631703268e-04
4.000000000000100e-02  9.948320902587675e-01  9.945431620024988e-01  2.889282562686946e-04
5.000000000000100e-02  9.919150100664229e-01  9.914624493755878e-01  4.525606908351021e-04
6.000000000000100e-02  9.883585537721080e-01  9.877073259601782e-01  6.512278119298331e-04
7.000000000000101e-02  9.841680110744800e-01  9.832838697831012e-01  8.841412913788149e-04
8.000000000000100e-02  9.793496074755704e-01  9.781992303168104e-01  1.150377158759985e-03
9.000000000000100e-02  9.739104914168329e-01  9.724616118323083e-01  1.448879584524665e-03
1.000000000000010e-01  9.678587195248947e-01  9.660802543268362e-01  1.778465198058465e-03
1.100000000000010e-01  9.612032400045099e-01  9.590654120836114e-01  2.137827920898450e-03
1.200000000000010e-01  9.539538742208905e-01  9.514283299278550e-01  2.525544293035531e-03
1.300000000000010e-01  9.461212965181944e-01  9.431812172499658e-01  2.940079268228590e-03
1.400000000000010e-01  9.377170123251799e-01  9.343372198733151e-01  3.379792451864816e-03
1.500000000000010e-01  9.287533346034764e-01  9.249103898502338e-01  3.842944753242650e-03
1.600000000000010e-01  9.192433586978419e-01  9.149156532756048e-01  4.327705422237149e-03
1.700000000000010e-01  9.092009356518126e-01  9.043687762131019e-01  4.832159438710737e-03
1.800000000000010e-01  8.986406440557014e-01  8.932863288341757e-01  5.354315221525741e-03
1.900000000000010e-01  8.875777604976220e-01  8.816856478748454e-01  5.892112622776668e-03
2.000000000000010e-01  8.760282286913296e-01  8.695847975196724e-01  6.443431171657132e-03
2.100000000000010e-01  8.640086273579369e-01  8.570025288263960e-01  7.006098531540883e-03
2.200000000000010e-01  8.515361369412440e-01  8.439582378083413e-01  7.577899132902632e-03
2.300000000000010e-01  8.386285052392841e-01  8.304719222948747e-01  8.156582944409463e-03
2.400000000000010e-01  8.253040120368416e-01  8.165641376930459e-01  8.739874343795639e-03
2.500000000000010e-01  8.115814328260313e-01  8.022559517758209e-01  9.325481050210471e-03
2.600000000000010e-01  7.974800017038285e-01  7.875688986242908e-01  9.911103079537686e-03
2.700000000000010e-01  7.830193735371392e-01  7.725249318526826e-01  1.049444168445668e-02
2.800000000000010e-01  7.682195854872922e-01  7.571463772460290e-01  1.107320824126323e-02
2.900000000000010e-01  7.531010179870864e-01  7.414558849409527e-01  1.164513304613368e-02
3.000000000000010e-01  7.376843552642587e-01  7.254763812801641e-01  1.220797398409457e-02
3.100000000000010e-01  7.219905455059110e-01  7.092310204709975e-01  1.275952503491351e-02
3.200000000000010e-01  7.060407607587100e-01  6.927431361775562e-01  1.329762458115380e-02
3.300000000000010e-01  6.898563566597766e-01  6.760361931749970e-01  1.382016348477966e-02
3.400000000000010e-01  6.734588320929328e-01  6.591337391928185e-01  1.432509290011430e-02
3.500000000000010e-01  6.568697888645857e-01  6.420593570721969e-01  1.481043179238883e-02
3.600000000000010e-01  6.401108914926912e-01  6.248366173599699e-01  1.527427413272131e-02
3.700000000000010e-01  6.232038272014008e-01  6.074890314592786e-01  1.571479574212220e-02
3.800000000000010e-01  6.061702662126690e-01  5.900400054536963e-01  1.613026075897273e-02
3.900000000000010e-01  5.890318224246988e-01  5.725127947183926e-01  1.651902770630620e-02
4.000000000000010e-01  5.718100145653385e-01  5.549304594280360e-01  1.687955513730255e-02
4.100000000000010e-01  5.545262279066822e-01  5.373158210671840e-01  1.721040683949815e-02
4.200000000000010e-01  5.372016766248979e-01  5.196914200445457e-01  1.751025658035221e-02
4.300000000000010e-01  5.198573668870173e-01  5.020794745079546e-01  1.777789237906269e-02
4.400000000000010e-01  5.025140607437526e-01  4.845018404519672e-01  1.801222029178540e-02
4.500000000000010e-01  4.851922409047189e-01  4.669799732050717e-01  1.821226769964723e-02
4.600000000000010e-01  4.679120764694434e-01  4.495348903780755e-01  1.837718609136790e-02
4.700000000000010e-01  4.506933896844018e-01  4.321871363499406e-01  1.850625333446121e-02
4.800000000000010e-01  4.335556237930591e-01  4.149567483616313e-01  1.859887543142785e-02
4.900000000000010e-01  4.165178120424176e-01  3.978632242828234e-01  1.865458775959411e-02
5.000000000000010e-01  3.995985479059795e-01  3.809254921105154e-01  1.867305579546408e-02
5.100000000000010e-01  3.828159565793470e-01  3.641618812525667e-01  1.865407532678032e-02
5.200000000000010e-01  3.661876678007910e-01  3.475900956432376e-01  1.859757215755348e-02
5.300000000000010e-01  3.497307900452343e-01  3.312271887317183e-01  1.850360131351597e-02
5.400000000000010e-01  3.334618861360127e-01  3.150895403785490e-01  1.837234575746372e-02
5.500000000000010e-01  3.173969503147172e-01  2.991928356887762e-01  1.820411462594090e-02
5.600000000000011e-01  3.015513868051832e-01  2.835520458046092e-01  1.799934100057404e-02
5.700000000000011e-01  2.859399899035233e-01  2.681814106742914e-01  1.775857922923191e-02
5.800000000000010e-01  2.705769256217871e-01  2.530944238080148e-01  1.748250181377231e-02
5.900000000000010e-01  2.554757149085652e-01  2.383038190257165e-01  1.717189588284868e-02
6.000000000000010e-01  2.406492184655216e-01  2.238215591958808e-01  1.682765926964086e-02
6.100000000000010e-01  2.261096231745541e-01  2.096588269587905e-01  1.645079621576359e-02
6.200000000000010e-01  2.118684301459740e-01  1.958260174220837e-01  1.604241272389031e-02
6.300000000000010e-01  1.979364443938194e-01  1.823327328111333e-01  1.560371158268606e-02
6.400000000000010e-01  1.843237661402014e-01  1.691877790515016e-01  1.513598708869973e-02
6.500000000000010e-01  1.710397837463737e-01  1.563991642556845e-01  1.464061949068918e-02
6.600000000000010e-01  1.580931682641170e-01  1.439740990814870e-01  1.411906918263006e-02
6.700000000000010e-01  1.454918695969586e-01  1.319189989247241e-01  1.357287067223456e-02
6.800000000000010e-01  1.332431142567880e-01  1.202394879044712e-01  1.300362635231683e-02
6.900000000000011e-01  1.213534046975586e-01  1.089404045948965e-01  1.241300010266211e-02
7.000000000000011e-01  1.098285202039843e-01  9.802580945368085e-02  1.180271075030341e-02
7.100000000000010e-01  9.867351930949456e-02  8.749899389330183e-02  1.117452541619272e-02
7.200000000000010e-01  8.789274371416833e-02  7.736249093794809e-02  1.053025277622024e-02
7.300000000000010e-01  7.748982366997145e-02  6.761808740557004e-02  9.871736264401409e-03
7.400000000000010e-01  6.746768479735329e-02  5.826683755158932e-02  9.200847245763970e-03
7.500000000000010e-01  5.782855629414577e-02  4.930907810804262e-02  8.519478186103144e-03
7.600000000000010e-01  4.857398049474423e-02  4.074444464947413e-02  7.829535845270096e-03
7.700000000000010e-01  3.970482373474867e-02  3.257188921468106e-02  7.132934520067614e-03
7.800000000000010e-01  3.122128847360418e-02  2.478969911147550e-02  6.431589362128679e-03
7.900000000000010e-01  2.312292662532335e-02  1.739551682995269e-02  5.727409795370664e-03
8.000000000000010e-01  1.540865404507765e-02  1.038636098834759e-02  5.022293056730060e-03
8.100000000000011e-01  8.076766117334381e-03  3.758648234408585e-03  4.318117882925796e-03
8.200000000000011e-01  1.124954389302170e-03  -2.491783975664866e-03  3.616738364967036e-03
8.300000000000011e-01  -5.449675808306161e-03  -8.369653799312668e-03  2.919977991006507e-03
8.400000000000010e-01  -1.165058681272505e-02  -1.388021070970275e-02  2.229623896977699e-03
8.500000000000010e-01  -1.748178921370280e-02  -1.902921055692614e-02  1.547421343223339e-03
8.600000000000010e-01  -2.294782163324960e-02  -2.382289006730039e-02  8.750684340507950e-04
8.700000000000010e-01  -2.805372976362193e-02  -2.826794085945046e-02  2.142110958285384e-04
8.800000000000010e-01  -3.280504472738236e-02  -3.237148305526629e-02  -4.335616721160701e-04
8.900000000000010e-01  -3.720776082397925e-02  -3.614103856306200e-02  -1.066722260917245e-03
9.000000000000010e-01  -4.126831272770452e-02  -3.958450410926276e-02  -1.683808618441758e-03
9.100000000000010e-01  -4.499355220211376e-02  -4.271012409375741e-02  -2.283428108356342e-03
9.200000000000010e-01  -4.839072439604130e-02  -4.552646334266650e-02  -2.864261053374804e-03
9.300000000000010e-01  -5.146744378620311e-02  -4.804237983070771e-02  -3.425063955495404e-03
9.400000000000011e-01  -5.423166983107423e-02  -5.026699744359836e-02  -3.964672387475866e-03
9.500000000000011e-01  -5.669168240023692e-02  -5.220967884903540e-02  -4.482003551201520e-03
9.600000000000010e-01  -5.885605704275199e-02  -5.387999854272937e-02  -4.976058500022619e-03
9.700000000000010e-01  -6.073364015728249e-02  -5.528771613377803e-02  -5.445924023504460e-03
9.800000000000010e-01  -6.233352412573142e-02  -5.644274993133166e-02  -5.890774194399755e-03
9.900000000000010e-01  -6.366502247103217e-02  -5.735515089205658e-02  -6.309871578975598e-03
1.000000000000001e+00  -6.473764509845577e-02  -5.803507698534002e-02  -6.702568113115745e-03
1.010000000000001e+00  -6.556107367839421e-02  -5.849276803052904e-02  -7.068305647865175e-03
1.020000000000001e+00  -6.614513722703767e-02  -5.873852105774914e-02  -7.406616169288532e-03
1.030000000000001e+00  -6.649978793969391e-02  -5.878266624102443e-02  -7.717121698669477e-03
1.040000000000001e+00  -6.663507732971519e-02  -5.863554344954636e-02  -7.999533880168830e-03
1.050000000000001e+00  -6.656113272410305e-02  -5.830747945998298e-02  -8.253653264120066e-03
1.060000000000001e+00  -6.628813416486347e-02  -5.780876586974954e-02  -8.479368295113927e-03
1.070000000000001e+00  -6.582629176308742e-02  -5.714963774813488e-02  -8.676654014952538e-03
1.080000000000001e+00  -6.518582355055869e-02  -5.634025305913799e-02  -8.845570491420693e-03
1.090000000000001e+00  -6.437693387142318e-02  -5.539067288681521e-02  -8.986260984607974e-03
1.100000000000001e+00  -6.340979235413206e-02  -5.431084249087823e-02  -9.098949863253832e-03
1.110000000000001e+00  -6.229451350147357e-02  -5.311057321723023e-02  -9.183940284243332e-03
1.120000000000001e+00  -6.104113693405989e-02  -5.179952528508553e-02  -9.241611648974364e-03
1.130000000000001e+00  -5.965960832015282e-02  -5.038719146930924e-02  -9.272416850843582e-03
1.140000000000001e+00  -5.815976102216711e-02  -4.888288169362508e-02  -9.276879328542029e-03
1.150000000000001e+00  -5.655129848764220e-02  -4.729570854739648e-02  -9.255589940245723e-03
1.160000000000001e+00  -5.484377740988729e-02  -4.563457373579561e-02  -9.209203674091684e-03
1.170000000000001e+00  -5.304659168090871e-02  -4.390815547033333e-02  -9.138436210575383e-03
1.180000000000001e+00  -5.116895715663064e-02  -4.212489680394069e-02  -9.044060352689953e-03
1.190000000000001e+00  -4.921989725182082e-02  -4.029299491209595e-02  -8.926902339724874e-03
1.200000000000001e+00  -4.720822937954352e-02  -3.842039131884396e-02  -8.787838060699563e-03
1.210000000000001e+00  -4.514255224739377e-02  -3.651476306401318e-02  -8.627789183380592e-03
1.220000000000001e+00  -4.303123402021417e-02  -3.458351480546232e-02  -8.447719214751848e-03
1.230000000000001e+00  -4.088240135648579e-02  -3.263377184781607e-02  -8.248629508669718e-03
1.240000000000001e+00  -3.870392932310070e-02  -3.067237408686836e-02  -8.031555236232335e-03
1.250000000000001e+00  -3.650343219079354e-02  -2.870587085664720e-02  -7.797561334146341e-03
1.260000000000001e+00  -3.428825511012314e-02  -2.674051666406322e-02  -7.547738446059920e-03
1.270000000000001e+00  -3.206546666556871e-02  -2.478226779408517e-02  -7.283198871483532e-03
1.280000000000001e+00  -2.984185230303949e-02  -2.283677976652642e-02  -7.005072536513075e-03
1.290000000000001e+00  -2.762390862389687e-02  -2.090940562377082e-02  -6.714503000126052e-03
1.300000000000001e+00  -2.541783853646036e-02  -1.900519502712883e-02  -6.412643509331531e-03
1.310000000000001e+00  -2.322954725392161e-02  -1.712889413798697e-02  -6.100653115934634e-03
1.320000000000001e+00  -2.106463912561537e-02  -1.528494625850569e-02  -5.779692867109686e-03
1.330000000000001e+00  -1.892841528671489e-02  -1.347749320532476e-02  -5.450922081390133e-03
1.340000000000001e+00  -1.682587210962025e-02  -1.171037738855849e-02  -5.115494721061757e-03
1.350000000000001e+00  -1.476170043860281e-02  -9.987144567300215e-03  -4.774555871302598e-03
1.360000000000001e+00  -1.274028558765539e-02  -8.311047251911783e-03  -4.429238335743603e-03
1.370000000000001e+00  -1.076570807998475e-02  -6.685048722540652e-03  -4.080659357444095e-03
1.380000000000001e+00  -8.841745106164915e-03  -5.111827632591513e-03  -3.729917473573402e-03
1.390000000000001e+00  -6.971872676653062e-03  -3.593783165275676e-03  -3.378089511377386e-03
1.400000000000001e+00  -5.159268443157925e-03  -2.133040710865790e-03  -3.026227732292135e-03
1.410000000000001e+00  -3.406815162236645e-03  -7.314580319005830e-04  -2.675357130336062e-03
1.420000000000001e+00  -1.717104773490414e-03  6.093681166948774e-04  -2.326472890185292e-03
1.430000000000001e+00  -9.244306382543250e-05  1.888094945782636e-03  -1.980538009608069e-03
1.440000000000001e+00  1.465145111554537e-03  3.103626201760831e-03  -1.638481090206294e-03
1.450000000000001e+00  2.953910081451294e-03  4.255104381145828e-03  -1.301194299694533e-03
1.460000000000001e+00  4.372371114891734e-03  5.341902623124606e-03  -9.695315082328716e-04
1.470000000000001e+00  5.719309712373177e-03  6.363616313004292e-03  -6.443066006311142e-04
1.480000000000001e+00  6.993762463632586e-03  7.320054429184619e-03  -3.262919655520327e-04
1.490000000000001e+00  8.195013503725606e-03  8.211230665896992e-03  -1.621716217138636e-05
1.500000000000001e+00  9.322586599392418e-03  9.037354363489902e-03  2.852322359025161e-04
1.510000000000001e+00  1.037623689778024e-02  9.798821277497744e-03  5.774156202824968e-04
1.520000000000001e+00  1.135594236959426e-02  1.049620421712103e-02  8.597381524732342e-04
1.530000000000001e+00  1.226189497865633e-02  1.113024358306169e-02  1.131651395594638e-03
1.540000000000001e+00  1.309449160967051e-02  1.170183783391379e-02  1.392653775756713e-03
1.550000000000001e+00  1.385432478573098e-02  1.221203390950646e-02  1.642290876224526e-03
1.560000000000001e+00  1.454217320675643e-02  1.266201763873439e-02  1.880155568022041e-03
1.570000000000001e+00  1.515899213960875e-02  1.305310415850269e-02  2.105887981106060e-03
1.580000000000001e+00  1.570590369014982e-02  1.338672836945411e-02  2.319175320695708e-03
1.590000000000001e+00  1.618418698691229e-02  1.366443545314977e-02  2.519751533762517e-03
1.600000000000001e+00  1.659526830541561e-02  1.388787147433665e-02  2.707396831078963e-03
1.610000000000001e+00  1.694071116144858e-02  1.405877409086421e-02  2.881937070584366e-03
1.620000000000001e+00  1.722220640086635e-02  1.417896339271702e-02  3.043243008149335e-03
1.630000000000001e+00  1.744156231262295e-02  1.425033289050252e-02  3.191229422120431e-03
1.640000000000001e+00  1.760069479087770e-02  1.427484067259110e-02  3.325854118286602e-03
1.650000000000001e+00  1.770161757108247e-02  1.425450074894434e-02  3.447116822138134e-03
1.660000000000001e+00  1.774643256398367e-02  1.419137459849491e-02  3.555057965488760e-03
1.670000000000001e+00  1.773732031045391e-02  1.408756293575744e-02  3.649757374696470e-03
1.680000000000001e+00  1.767653057901796e-02  1.394519771116690e-02  3.731332867851061e-03
1.690000000000001e+00  1.756637312685221e-02  1.376643435845068e-02  3.799938768401529e-03
1.700000000000001e+00  1.740920864392491e-02  1.355344430115742e-02  3.855764342767493e-03
1.710000000000001e+00  1.720743989880669e-02  1.330840772928683e-02  3.899032169519857e-03
1.720000000000001e+00  1.696350310352718e-02  1.303350665579489e-02  3.929996447732289e-03
1.730000000000001e+00  1.667985951367905e-02  1.273091826159365e-02  3.948941252085400e-03
1.740000000000001e+00  1.635898727878939e-02  1.240280853652169e-02  3.956178742267700e-03
1.750000000000001e+00  1.600337355678622e-02  1.205132622264178e-02  3.952047334144431e-03
1.760000000000001e+00  1.561550690519341e-02  1.167859706511807e-02  3.936909840075341e-03
1.770000000000001e+00  1.519786996049065e-02  1.128671837485051e-02  3.911151585640144e-03
1.780000000000001e+00  1.475293241588519e-02  1.087775390599108e-02  3.875178509894116e-03
1.790000000000001e+00  1.428314430655596e-02  1.045372905044505e-02  3.829415256110904e-03
1.800000000000001e+00  1.379092961025497e-02  1.001662635046838e-02  3.774303259786596e-03
1.810000000000001e+00  1.327868016999335e-02  9.568381329511863e-03  3.710298840481486e-03
1.820000000000001e+00  1.274874994439066e-02  9.110878640538844e-03  3.637871303851821e-03
1.830000000000001e+00  1.220344959014502e-02  8.645948530152657e-03  3.557501059992366e-03
1.840000000000001e+00  1.164504137997720e-02  8.175363616018418e-03  3.469677763958784e-03
1.850000000000001e+00  1.107573445832673e-02  7.700835974250080e-03  3.374898484076655e-03
1.860000000000001e+00  1.049768043602683e-02  7.224014532658868e-03  3.273665903367960e-03
1.870000000000001e+00  9.912969324166833e-03  6.746482765027183e-03  3.166486559139650e-03
1.880000000000001e+00  9.323625806364502e-03  6.269756680877814e-03  3.053869125486688e-03
1.890000000000001e+00  8.731605847716171e-03  5.795283104559585e-03  2.936322743156587e-03
1.900000000000001e+00  8.138793637776635e-03  5.324438236862004e-03  2.814355400914632e-03
1.910000000000001e+00  7.546998864042917e-03  4.858526491805747e-03  2.688472372237170e-03
1.920000000000001e+00  6.957954311574462e-03  4.398779600734514e-03  2.559174710839949e-03
1.930000000000001e+00  6.373313783584691e-03  3.946355975353352e-03  2.426957808231339e-03
1.940000000000001e+00  5.794650337081601e-03  3.502340320922312e-03  2.292310016159289e-03
1.950000000000001e+00  5.223454826919095e-03  3.067743490420596e-03  2.155711336498499e-03
1.960000000000001e+00  4.661134750952593e-03  2.643502570143433e-03  2.017632180809160e-03
1.970000000000001e+00  4.109013388362889e-03  2.230481186885752e-03  1.878532201477138e-03
1.980000000000001e+00  3.568329222633055e-03  1.829470026595404e-03  1.738859196037651e-03
1.990000000000001e+00  3.040235640125112e-03  1.441187554152886e-03  1.599048085972226e-03
2.000000000000001e+00  2.525800894712050e-03  1.066280923743774e-03  1.459519970968276e-03
2.010000000000001e+00  2.026008328475543e-03  7.053270691415452e-04  1.320681259333998e-03
2.020000000000001e+00  1.541756838079029e-03  3.588339631057954e-04  1.182922874973234e-03
2.030000000000001e+00  1.073861576068938e-03  2.724203502580641e-05  1.046619541043132e-03
2.040000000000001e+00  6.230548760481897e-04  -2.890742640998767e-04  9.121291401480664e-04
2.050000000000001e+00  1.899873903974902e-04  -5.898047602631274e-04  7.797921506606176e-04
2.060000000000001e+00  -2.247705710025442e-04  -8.747017295113353e-04  6.499311585087911e-04
2.070000000000001e+00  -6.207275127752919e-04  -1.143577956305220e-03  5.228504435299278e-04
2.080000000000001e+00  -9.974690486450122e-04  -1.396304687905616e-03  3.988356392606042e-04
2.090000000000001e+00  -1.354656030589168e-03  -1.632809495406558e-03  2.781534648173892e-04
2.100000000000001e+00  -1.692022524568487e-03  -1.853074051884667e-03  1.610515273161800e-04
2.110000000000001e+00  -2.009373644874237e-03  -2.057131837961939e-03  4.775819308770269e-05
2.120000000000001e+00  -2.306583259115249e-03  -2.245065784881696e-03  -6.151747423355312e-05
2.130000000000001e+00  -2.583591575811563e-03  -2.417005864975894e-03  -1.665857108356698e-04
2.140000000000001e+00  -2.840402626473003e-03  -2.573126639160915e-03  -2.672759873120888e-04
2.150000000000001e+00  -3.077081653918107e-03  -2.713644770836228e-03  -3.634368830818789e-04
2.160000000000001e+00  -3.293752418434564e-03  -2.838816515279939e-03  -4.549359031546254e-04
2.170000000000001e+00  -3.490594433197817e-03  -2.948935193338253e-03  -5.416592398595640e-04
2.180000000000001e+00  -3.667840140151949e-03  -3.044328657893474e-03  -6.235114822584751e-04
2.190000000000001e+00  -3.825772037316184e-03  -3.125356761268672e-03  -7.004152760475119e-04
2.200000000000001e+00  -3.964719768216198e-03  -3.192408831389801e-03  -7.723109368263969e-04
2.210000000000001e+00  -4.085057183850149e-03  -3.245901164176142e-03  -8.391560196740074e-04
2.220000000000001e+00  -4.187199387289333e-03  -3.286274539273029e-03  -9.009248480163039e-04
2.230000000000001e+00  -4.271599770682984e-03  -3.313991765874524e-03  -9.576080048084600e-04
2.240000000000001e+00  -4.338747054088008e-03  -3.329535265012425e-03  -1.009211789075583e-03
2.250000000000001e+00  -4.389162335179303e-03  -3.333404694310937e-03  -1.055757640868366e-03
2.260000000000001e+00  -4.423396158516293e-03  -3.326114620826609e-03  -1.097281537689684e-03
2.270000000000001e+00  -4.442025612648777e-03  -3.308192247210735e-03  -1.133833365438042e-03
2.280000000000001e+00  -4.445651462939969e-03  -3.280175196048408e-03  -1.165476266891562e-03
2.290000000000001e+00  -4.434895327571343e-03  -3.242609356845893e-03  -1.192285970725450e-03
2.300000000000001e+00  -4.410396903771725e-03  -3.196046799756276e-03  -1.214350104015448e-03
2.310000000000001e+00  -4.372811250884418e-03  -3.141043759755708e-03  -1.231767491128710e-03
2.320000000000001e+00  -4.322806136453288e-03  -3.078158694607289e-03  -1.244647441845999e-03
2.330000000000001e+00  -4.261059451072149e-03  -3.007950419579699e-03  -1.253109031492450e-03
2.340000000000001e+00  -4.188256697304150e-03  -2.930976321524062e-03  -1.257280375780088e-03
2.350000000000001e+00  -4.105088557538653e-03  -2.847790654554361e-03  -1.257297902984292e-03
2.360000000000001e+00  -4.012248545216954e-03  -2.758942919227670e-03  -1.253305625989284e-03
2.370000000000001e+00  -3.910430743422781e-03  -2.664976326777750e-03  -1.245454416645031e-03
2.380000000000001e+00  -3.800327634402838e-03  -2.566426349624300e-03  -1.233901284778538e-03
2.390000000000001e+00  -3.682628023157186e-03  -2.463819359056353e-03  -1.218808664100833e-03
2.400000000000001e+00  -3.558015057819200e-03  -2.357671350676710e-03  -1.200343707142490e-03
2.410000000000001e+00  -3.427164349133031e-03  -2.248486757892520e-03  -1.178677591240511e-03
2.420000000000001e+00  -3.290742190932537e-03  -2.136757353447455e-03  -1.153984837485082e-03
2.430000000000001e+00  -3.149403883131323e-03  -2.022961238712716e-03  -1.126442644418607e-03
2.440000000000001e+00  -3.003792158349347e-03  -1.907561920188994e-03  -1.096230238160354e-03
2.450000000000001e+00  -2.854535712928897e-03  -1.791007472417821e-03  -1.063528240511076e-03
2.460000000000001e+00  -2.702247842731591e-03  -1.673729786261732e-03  -1.028518056469860e-03
2.470000000000001e+00  -2.547525183759794e-03  -1.556143901284922e-03  -9.913812824748729e-04
2.480000000000001e+00  -2.390946557311211e-03  -1.438647420753597e-03  -9.522991365576133e-04
2.490000000000001e+00  -2.233071919054114e-03  -1.321620007574929e-03  -9.114519114791851e-04
2.500000000000001e+00  -2.074441411104224e-03  -1.205422959307278e-03  -8.690184517969458e-04
2.510000000000001e+00  -1.915574515892524e-03  -1.090398860202302e-03  -8.251756556902229e-04
2.520000000000001e+00  -1.756969310337103e-03  -9.768713080800595e-04  -7.800980022570438e-04
2.530000000000001e+00  -1.599101818570856e-03  -8.651447136935246e-04  -7.339571048773314e-04
2.540000000000001e+00  -1.442425461232362e-03  -7.555041701067495e-04  -6.869212911256127e-04
2.550000000000001e+00  -1.287370599097925e-03  -6.482153894927424e-04  -6.391552096051829e-04
2.560000000000001e+00  -1.134344168620303e-03  -5.435247046519866e-04  -5.908194639683163e-04
2.570000000000001e+00  -9.837294067427261e-04  -4.416591324602710e-04  -5.420702742824551e-04
2.580000000000001e+00  -8.358856621770495e-04  -3.428264963752226e-04  -4.930591658018268e-04
2.590000000000001e+00  -6.911482901703875e-04  -2.472156050640188e-04  -4.439326851063688e-04
2.600000000000001e+00  -5.498286276367898e-04  -1.549964841600870e-04  -3.948321434767028e-04
2.610000000000001e+00  -4.122140453989482e-04  -6.632065811389243e-05  -3.458933872850557e-04
2.620000000000001e+00  -2.785680741682702e-04  1.867852092857838e-05  -2.972465950968486e-04
2.630000000000001e+00  -1.491306007916851e-04  9.988550030571738e-05  -2.490161010974025e-04
2.640000000000001e+00  -2.411813120806224e-05  1.772021131746341e-04  -2.013202443826963e-04
2.650000000000001e+00  9.627588351302752e-05  2.505471270942564e-04  -1.542712435812289e-04
2.660000000000001e+00  2.118806617330363e-04  3.198557579413662e-04  -1.079750962083298e-04
2.670000000000001e+00  3.225476501306034e-04  3.850791522228345e-04  -6.253150209223107e-05
2.680000000000001e+00  4.281500306639752e-04  4.461838408182620e-04  -1.803381015428679e-05
2.690000000000001e+00  5.285821793752751e-04  5.031511671491407e-04  2.543101222613441e-05
2.700000000000001e+00  6.237590808034831e-04  5.559766927249304e-04  6.778238807855276e-05
2.710000000000001e+00  7.136157017620165e-04  6.046695829625761e-04  1.089461187994404e-04
2.720000000000001e+00  7.981063282134581e-04  6.492519761157622e-04  1.488543520976959e-04
2.730000000000001e+00  8.772038689398045e-04  6.897583380825642e-04  1.874455308572403e-04
2.740000000000001e+00  9.508991296614508e-04  7.262348057872601e-04  2.246643238741907e-04
2.750000000000001e+00  1.019200061202711e-03  7.587385217526696e-04  2.604615394500415e-04
2.760000000000001e+00  1.082130985236980e-03  7.873369623958145e-04  2.947940228411657e-04
2.770000000000001e+00  1.139731801070372e-03  8.121072624906298e-04  3.276245385797423e-04
2.780000000000001e+00  1.192057176841000e-03  8.331355381487722e-04  3.589216386922282e-04
2.790000000000001e+00  1.239175728420183e-03  8.505162105731140e-04  3.886595178470690e-04
2.800000000000001e+00  1.281169189205397e-03  8.643513327386593e-04  4.168178564667379e-04
2.810000000000001e+00  1.318131573890431e-03  8.747499210532429e-04  4.433816528371877e-04
2.820000000000001e+00  1.350168339188790e-03  8.818272939455899e-04  4.683410452432005e-04
2.830000000000001e+00  1.377395544371112e-03  8.857044192216803e-04  4.916911251494319e-04
2.840000000000001e+00  1.399939014357714e-03  8.865072719222311e-04  5.134317424354834e-04
2.850000000000001e+00  1.417933507983137e-03  8.843662043052376e-04  5.335673036778992e-04
2.860000000000001e+00  1.431521893922334e-03  8.794153294675247e-04  5.521065644548089e-04
2.870000000000001e+00  1.440854336637385e-03  8.717919200094943e-04  5.690624166278902e-04
2.880000000000001e+00  1.446087494570756e-03  8.616358230374484e-04  5.844516715333076e-04
2.890000000000001e+00  1.447383732676136e-03  8.490888926884864e-04  5.982948399876497e-04
2.900000000000001e+00  1.444910351241926e-03  8.342944412544100e-04  6.106159099875163e-04
2.910000000000001e+00  1.438838832825082e-03  8.173967098738010e-04  6.214421229512814e-04
2.920000000000001e+00  1.429344108975806e-03  7.985403596555638e-04  6.308037493202423e-04
2.930000000000001e+00  1.416603848296307e-03  7.778699839928087e-04  6.387338643034986e-04
2.940000000000001e+00  1.400797767239949e-03  7.555296427240922e-04  6.452681245158563e-04
2.950000000000001e+00  1.382106964921840e-03  7.316624186986615e-04  6.504445462231781e-04
2.960000000000001e+00  1.360713283077077e-03  7.064099972054615e-04  6.543032858716156e-04
2.970000000000001e+00  1.336798692171233e-03  6.799122686302211e-04  6.568864235410117e-04
2.980000000000001e+00  1.310544704536699e-03  6.523069546137123e-04  6.582377499229865e-04
2.990000000000001e+00  1.282131815281545e-03  6.237292578949788e-04  6.584025573865664e-04
3.000000000000001e+00  1.251738971592318e-03  5.943115359380209e-04  6.574274356542966e-04
3.010000000000001e+00  1.219543070930922e-03  5.641829983582798e-04  6.553600725726419e-04
3.020000000000001e+00  1.185718488507480e-03  5.334694280861423e-04  6.522490604213372e-04
3.030000000000001e+00  1.150436634296954e-03  5.022929261303542e-04  6.481437081666001e-04
3.040000000000001e+00  1.113865539756371e-03  4.707716797319971e-04  6.430938600243744e-04
3.050000000000001e+00  1.076169474293985e-03  4.390197536327610e-04  6.371497206612243e-04
3.060000000000001e+00  1.037508591439135e-03  4.071469041171952e-04  6.303616873219393e-04
3.070000000000001e+00  9.980386045647547e-04  3.752584154286087e-04  6.227801891361461e-04
3.080000000000001e+00  9.579104919212583e-04  3.434549581027448e-04  6.144555338185135e-04
3.090000000000001e+00  9.172702306532277e-04  3.118324687109567e-04  6.054377619422711e-04
3.100000000000001e+00  8.762585593866484e-04  2.804820504566820e-04  5.957765089299664e-04
3.110000000000001e+00  8.350107688969813e-04  2.494898940249063e-04  5.855208748720750e-04
3.120000000000001e+00  7.936565202948404e-04  2.189372180438934e-04  5.747193022509470e-04
3.130000000000001e+00  7.523196900983794e-04  1.889002284823174e-04  5.634194616160620e-04
3.140000000000001e+00  7.111182414984013e-04  1.594500962720859e-04  5.516681452263154e-04
3.150000000000001e+00  6.701641210645021e-04  1.306529524185610e-04  5.395111686459411e-04
3.160000000000001e+00  6.295631800877623e-04  1.025698998347175e-04  5.269932802530447e-04
3.170000000000001e+00  5.894151197076893e-04  7.525704111428871e-05  5.141580785934006e-04
3.180000000000001e+00  5.498134589285330e-04  4.876552144094253e-05  5.010479374875905e-04
3.190000000000001e+00  5.108455245920946e-04  2.314158581631046e-05  4.877039387757841e-04
3.200000000000001e+00  4.725924623412733e-04  -1.573350221950122e-06  4.741658125632234e-04
3.210000000000001e+00  4.351292675802763e-04  -2.534261722825740e-05  4.604718848085337e-04
3.220000000000001e+00  3.985248354138418e-04  -4.813419666480397e-05  4.466590320786458e-04
3.230000000000001e+00  3.628420285286612e-04  -6.992061474776969e-05  4.327626432764309e-04
3.240000000000001e+00  3.281377619656519e-04  -9.067882616617263e-05  4.188165881318245e-04
3.250000000000001e+00  2.944631037210113e-04  -1.103900885113912e-04  4.048531922324025e-04
3.260000000000001e+00  2.618633901080275e-04  -1.290398282491209e-04  3.909032183571483e-04
3.270000000000001e+00  2.303783548088361e-04  -1.466174990565438e-04  3.769958538653800e-04
3.280000000000001e+00  2.000422705470659e-04  -1.631164333362478e-04  3.631587038833137e-04
3.290000000000001e+00  1.708841023171521e-04  -1.785336877048696e-04  3.494177900220217e-04
3.300000000000001e+00  1.429276711146582e-04  -1.928698832391230e-04  3.357975543537812e-04
3.310000000000001e+00  1.161918271237215e-04  -2.061290412440613e-04  3.223208683677828e-04
3.320000000000001e+00  9.069063133254770e-05  -2.183184152896279e-04  3.090090466221756e-04
3.330000000000001e+00  6.643354456564486e-05  -2.294483202402257e-04  2.958818648058705e-04
3.340000000000001e+00  4.342562294198107e-05  -2.395319589800921e-04  2.829575819220732e-04
3.350000000000001e+00  2.166771879117409e-05  -2.485852475131694e-04  2.702529663043435e-04
3.360000000000001e+00  1.156686085313987e-06  -2.566266390914897e-04  2.577833251768037e-04
3.370000000000001e+00  -1.811441052879061e-05  -2.636769479999380e-04  2.455625374711473e-04
3.380000000000001e+00  -3.615608398238665e-05  -2.697591735983220e-04  2.336030896159353e-04
3.390000000000001e+00  -5.298221117712275e-05  -2.748983251938871e-04  2.219161140167644e-04
3.400000000000001e+00  -6.860981833849487e-05  -2.791212482889538e-04  2.105114299504589e-04
3.410000000000001e+00  -8.305886611789349e-05  -2.824564527193677e-04  1.993975866014742e-04
3.420000000000001e+00  -9.635203519539403e-05  -2.849339431698452e-04  1.885819079744512e-04
3.430000000000001e+00  -1.085145130987924e-04  -2.865850525226931e-04  1.780705394239007e-04
3.440000000000001e+00  -1.195737829174161e-04  -2.874422784663035e-04  1.678684955488874e-04
3.450000000000001e+00  -1.295594145509414e-04  -2.875391237596464e-04  1.579797092087050e-04
3.460000000000001e+00  -1.385028590951847e-04  -2.869099405191081e-04  1.484070814239234e-04
3.470000000000001e+00  -1.464372469277725e-04  -2.855897788638160e-04  1.391525319360435e-04
3.480000000000001e+00  -1.533971900176550e-04  -2.836142402260599e-04  1.302170502084048e-04
3.490000000000001e+00  -1.594185889430245e-04  -2.810193356037125e-04  1.216007466606881e-04
3.500000000000001e+00  -1.645384450634357e-04  -2.778413490027147e-04  1.133029039392791e-04
3.510000000000001e+00  -1.687946782527279e-04  -2.741167062888369e-04  1.053220280361091e-04
3.520000000000001e+00  -1.722259505608533e-04  -2.698818496400096e-04  9.765589907915635e-05
3.530000000000001e+00  -1.748714961348633e-04  -2.651731177629692e-04  9.030162162810594e-05
3.540000000000001e+00  -1.767709576913691e-04  -2.600266320111803e-04  8.325567431981121e-05
3.550000000000001e+00  -1.779642297963701e-04  -2.544781885150306e-04  7.651395871866048e-05
3.560000000000001e+00  -1.784913091718810e-04  -2.485631564097406e-04  7.007184723785957e-05
3.570000000000001e+00  -1.783921522139489e-04  -2.423163822224576e-04  6.392423000850875e-05
3.580000000000001e+00  -1.777065398721372e-04  -2.357721004560659e-04  5.806556058392869e-05
3.590000000000001e+00  -1.764739500075731e-04  -2.289638503848243e-04  5.248990037725115e-05
3.600000000000001e+00  -1.747334373144312e-04  -2.219243990552781e-04  4.719096174084686e-05
3.610000000000001e+00  -1.725235208588601e-04  -2.146856704652533e-04  4.216214960639321e-05
3.620000000000001e+00  -1.698820792597399e-04  -2.072786808740246e-04  3.739660161428471e-05
3.630000000000001e+00  -1.668462535071831e-04  -1.997334801782571e-04  3.288722667107403e-05
3.640000000000001e+00  -1.634523573877211e-04  -1.920790992707983e-04  2.862674188307724e-05
3.650000000000001e+00  -1.597357954592791e-04  -1.843435032827829e-04  2.460770782350375e-05
3.660000000000001e+00  -1.557309884949554e-04  -1.765535505943273e-04  2.082256209937192e-05
3.670000000000001e+00  -1.514713062915255e-04  -1.687349574846656e-04  1.726365119314005e-05
3.680000000000001e+00  -1.469890077172471e-04  -1.609122682793619e-04  1.392326056211488e-05
3.690000000000001e+00  -1.423151878536050e-04  -1.531088308401731e-04  1.079364298656809e-05
3.700000000000001e+00  -1.374797320669140e-04  -1.453467772319909e-04  7.867045165076944e-06
3.710000000000001e+00  -1.325112768288813e-04  -1.376470093913263e-04  5.135732562444974e-06
3.720000000000001e+00  -1.274371770892668e-04  -1.300291896118254e-04  2.592012522558557e-06
3.730000000000001e+00  -1.222834799899335e-04  -1.225117356544253e-04  2.282556644918679e-07
3.740000000000001e+00  -1.170749046965557e-04  -1.151118202827730e-04  -1.963084413782775e-06
3.750000000000001e+00  -1.118348281130602e-04  -1.078453750187407e-04  -3.989453094319556e-06
3.760000000000001e+00  -1.065852762337910e-04  -1.007270979077256e-04  -5.858178326065405e-06
3.770000000000001e+00  -1.013469208799138e-04  -9.377046507969327e-05  -7.576455800220575e-06
3.780000000000001e+00  -9.613908155916035e-05  -8.698774588853754e-05  -9.151335670622816e-06
3.790000000000001e+00  -9.097973218215293e-05  -8.039002141031544e-05  -1.058971077183749e-05
3.800000000000001e+00  -8.588551236365624e-05  -7.398720607951632e-05  -1.189830628413992e-05
3.810000000000001e+00  -8.087174303382572e-05  -6.778807224192374e-05  -1.308367079190197e-05
3.820000000000001e+00  -7.595244608189929e-05  -6.180027740292725e-05  -1.415216867897204e-05
3.830000000000001e+00  -7.114036775378545e-05  -5.603039395114149e-05  -1.510997380264395e-05
3.840000000000001e+00  -6.644700552476887e-05  -5.048394113878686e-05  -1.596306438598202e-05
3.850000000000001e+00  -6.188263816941582e-05  -4.516541910279043e-05  -1.671721906662538e-05
3.860000000000001e+00  -5.745635875273173e-05  -4.007834471349986e-05  -1.737801403923186e-05
3.870000000000001e+00  -5.317611026931823e-05  -3.522528904146889e-05  -1.795082122784934e-05
3.880000000000001e+00  -4.904872366100227e-05  -3.060791623700321e-05  -1.844080742399906e-05
3.890000000000001e+00  -4.507995794792587e-05  -2.622702362175574e-05  -1.885293432617012e-05
3.900000000000001e+00  -4.127454221328236e-05  -2.208258279689413e-05  -1.919195941638823e-05
3.910000000000001e+00  -3.763621918787957e-05  -1.817378157785369e-05  -1.946243761002588e-05
3.920000000000001e+00  -3.416779018735548e-05  -1.449906657172454e-05  -1.966872361563094e-05
3.930000000000001e+00  -3.087116116207682e-05  -1.105618621969449e-05  -1.981497494238233e-05
3.940000000000001e+00  -2.774738962749971e-05  -7.842234133592279e-06  -1.990515549390743e-05
3.950000000000001e+00  -2.479673225107875e-05  -4.853692562523725e-06  -1.994303968855502e-05
3.960000000000001e+00  -2.201869288046778e-05  -2.086475832878102e-06  -1.993221704758968e-05
3.970000000000001e+00  -1.941207080686460e-05  4.640263877151691e-07  -1.987609719457977e-05
3.980000000000001e+00  -1.697500906678316e-05  2.802906144234443e-06  -1.977791521101760e-05
3.990000000000001e+00  -1.470504259518112e-05  4.935694699938509e-06  -1.964073729511963e-05
4.000000000000001e+00  -1.259914605287691e-05  6.868320620084748e-06  -1.946746667296166e-05
4.010000000000001e+00  -1.065378116127958e-05  8.607068551926177e-06  -1.926084971320576e-05
4.020000000000001e+00  -8.864943387642863e-06  1.015853881139127e-05  -1.902348219903413e-05
4.030000000000001e+00  -7.228207834621144e-06  1.152960787857840e-05  -1.875781571319955e-05
4.040000000000001e+00  -5.738774197998625e-06  1.272738989660993e-05  -1.846616409460855e-05
4.050000000000001e+00  -4.391510667172716e-06  1.375919926012637e-05  -1.815070992729909e-05
4.060000000000001e+00  -3.180996653178578e-06  1.463251437199503e-05  -1.781351102517361e-05
4.070000000000001e+00  -2.101564239382953e-06  1.535494263900263e-05  -1.745650687838558e-05
4.080000000000001e+00  -1.147338260297518e-06  1.593418676958334e-05  -1.708152502988085e-05
4.090000000000001e+00  -3.122749238602872e-07  1.637801242917923e-05  -1.669028735303952e-05
4.100000000000001e+00  4.098010973810609e-07  1.669421730134216e-05  -1.628441620396110e-05
4.110000000000001e+00  1.025161171167024e-06  1.689060159558036e-05  -1.586544042441333e-05
4.120000000000001e+00  1.540138861941982e-06  1.697494003586145e-05  -1.543480117391947e-05
4.130000000000001e+00  1.961097784990665e-06  1.695495535689085e-05  -1.499385757190018e-05
4.140000000000001e+00  2.294401195561429e-06  1.683829332869126e-05  -1.454389213312983e-05
4.150000000000001e+00  2.546383341564021e-06  1.663249932364338e-05  -1.408611598207936e-05
4.160000000000001e+00  2.723322600054606e-06  1.634499643404754e-05  -1.362167383399293e-05
4.170000000000001e+00  2.831416409760347e-06  1.598306514234550e-05  -1.315164873258515e-05
4.180000000000001e+00  2.876758004123410e-06  1.555382454063944e-05  -1.267706653651603e-05
4.190000000000001e+00  2.865314942118856e-06  1.506421509069101e-05  -1.219890014857216e-05
4.200000000000001e+00  2.802909427108259e-06  1.452098291069756e-05  -1.171807348358930e-05
4.210000000000001e+00  2.695200397394116e-06  1.393066557016916e-05  -1.123546517277505e-05
4.220000000000001e+00  2.547667366028565e-06  1.329957936997183e-05  -1.075191200394326e-05
4.230000000000001e+00  2.365595981554376e-06  1.263380808021763e-05  -1.026821209866326e-05
4.240000000000001e+00  2.154065276014924e-06  1.193919310491121e-05  -9.785127828896282e-06
4.250000000000001e+00  1.917936561542460e-06  1.122132503860297e-05  -9.303388477060515e-06
4.260000000000001e+00  1.661843932222528e-06  1.048553657696434e-05  -8.823692644741814e-06
4.270000000000001e+00  1.390186323734466e-06  9.736896740227260e-06  -8.346710416492793e-06
4.280000000000001e+00  1.107121079462665e-06  8.980206365626793e-06  -7.873085286164128e-06
4.290000000000001e+00  8.165589683053062e-07  8.219994822554425e-06  -7.403435854249118e-06
4.300000000000001e+00  5.221605964143956e-07  7.460517901987784e-06  -6.938357305573389e-06
4.310000000000001e+00  2.273341523682060e-07  6.705756829768135e-06  -6.478422677399929e-06
4.320000000000001e+00  -6.476557690104366e-08  5.959418351729778e-06  -6.024183928630822e-06
4.330000000000001e+00  -3.512369842217818e-07  5.224935837320148e-06  -5.576172821541930e-06
4.340000000000001e+00  -6.294302805016285e-07  4.505471347142909e-06  -5.134901627644537e-06
4.350000000000001e+00  -8.969450608621320e-07  3.803918609084540e-06  -4.700863669946672e-06
4.360000000000001e+00  -1.151626866945210e-06  3.122906846978070e-06  -4.274533713923280e-06
4.370000000000001e+00  -1.391562814467123e-06  2.464805405382780e-06  -3.856368219849904e-06
4.380000000000001e+00  -1.615076355318022e-06  1.831729113890006e-06  -3.446805469208028e-06
4.390000000000001e+00  -1.820721243533749e-06  1.225544334334292e-06  -3.046265577868041e-06
4.400000000000001e+00  -2.007274774179694e-06  6.478756345918904e-07  -2.655150408771584e-06
4.410000000000001e+00  -2.173730363643635e-06  1.001130330283235e-07  -2.273843396671958e-06
4.420000000000001e+00  -2.319289539087273e-06  -4.165802417505849e-07  -1.902709297336688e-06
4.430000000000001e+00  -2.443353403724181e-06  -9.012595303508529e-07  -1.542093873373328e-06
4.440000000000001e+00  -2.545513643377587e-06  -1.353190114927971e-06  -1.192323528449617e-06
4.450000000000001e+00  -2.625543138384352e-06  -1.771838236876995e-06  -8.537049015073571e-07
4.460000000000001e+00  -2.683386243191135e-06  -2.156861811227009e-06  -5.265244319641261e-07
4.470000000000001e+00  -2.719148794245442e-06  -2.508100887677515e-06  -2.110479065679277e-07
4.480000000000001e+00  -2.733087904836575e-06  -2.825567906760654e-06  9.248000192407922e-08
4.490000000000001e+00  -2.725601603388695e-06  -3.109437798039409e-06  3.838361946507138e-07
4.500000000000001e+00  -2.697218369558208e-06  -3.360037965592850e-06  6.628195960346421e-07
4.510000000000001e+00  -2.648586620084248e-06  -3.577838204223622e-06  9.292515841393736e-07
4.520000000000001e+00  -2.580464193932702e-06  -3.763440588071872e-06  1.182976394139170e-06
4.530000000000001e+00  -2.493707883790554e-06  -3.917569371328258e-06  1.423861487537703e-06
4.540000000000001e+00  -2.389263058344571e-06  -4.041060938889825e-06  1.651797880545254e-06
4.550000000000001e+00  -2.268153417109479e-06  -4.134853842627313e-06  1.866700425517834e-06
4.560000000000001e+00  -2.131470917015957e-06  -4.199978957143349e-06  2.068508040127392e-06
4.570000000000001e+00  -1.980365907098220e-06  -4.237549786553651e-06  2.257183879455430e-06
4.580000000000001e+00  -1.816037505005271e-06  -4.248752951956604e-06  2.432715446951333e-06
4.590000000000001e+00  -1.639724246285024e-06  -4.234838887040888e-06  2.595114640755864e-06
4.600000000000001e+00  -1.452695034688177e-06  -4.197112767208748e-06  2.744417732520572e-06
4.610000000000001e+00  -1.256240418997750e-06  -4.136925695516949e-06  2.880685276519200e-06
4.620000000000001e+00  -1.051664219222790e-06  -4.055666166610583e-06  3.004001947387793e-06
4.630000000000001e+00  -8.402755223837081e-07  -3.954751827807087e-06  3.114476305423379e-06
4.640000000000001e+00  -6.233810654454637e-07  -3.835621554412595e-06  3.212240488967131e-06
4.650000000000001e+00  -4.022780204650816e-07  -3.699727854378920e-06  3.297449833913839e-06
4.660000000000001e+00  -1.782471945283435e-07  -3.548529615393754e-06  3.370282420865411e-06
4.670000000000001e+00  4.745334541062407e-08  -3.383485205643631e-06  3.430938551054256e-06
4.680000000000001e+00  2.735942149410556e-07  -3.206045937528986e-06  3.479640152470041e-06
4.690000000000001e+00  4.989802163554473e-07  -3.017649901861954e-06  3.516630118217401e-06
4.700000000000001e+00  7.224554011615325e-07  -2.819716178252397e-06  3.542171579413930e-06
4.710000000000001e+00  9.429076896820350e-07  -2.613639425742457e-06  3.556547115424492e-06
4.720000000000001e+00  1.159273048426564e-06  -2.400784856030045e-06  3.560057904456609e-06
4.730000000000001e+00  1.370539227847109e-06  -2.182483590151239e-06  3.553022817998348e-06
4.740000000000001e+00  1.575749064848716e-06  -1.960028397878251e-06  3.535777462726968e-06
4.750000000000001e+00  1.774003356117661e-06  -1.734669817754765e-06  3.508673173872426e-06
4.760000000000001e+00  1.964463309944160e-06  -1.507612654278062e-06  3.472075964222222e-06
4.770000000000001e+00  2.146352585582582e-06  -1.280012847470455e-06  3.426365433053037e-06
4.780000000000001e+00  2.318958930706429e-06  -1.052974708905303e-06  3.371933639611733e-06
4.790000000000001e+00  2.481635428621379e-06  -8.275485170790520e-07  3.309183945700432e-06
4.800000000000001e+00  2.633801368140643e-06  -6.047284640366683e-07  3.238529832177311e-06
4.810000000000001e+00  2.774942750016856e-06  -3.854509441347097e-07  3.160393694151565e-06
4.820000000000001e+00  2.904612444746154e-06  -1.705931749868026e-07  3.075205619732957e-06
4.830000000000001e+00  3.022430017439869e-06  3.902786021071910e-08  2.983402157229150e-06
4.840000000000001e+00  3.128081236072039e-06  2.426561604716355e-07  2.885425075600403e-06
4.850000000000001e+00  3.221317280140044e-06  4.395971571091737e-07  2.781720123030870e-06
4.860000000000001e+00  3.301953667177090e-06  6.292178788771540e-07  2.672735788299936e-06
4.870000000000001e+00  3.369868915069727e-06  8.109468453672699e-07  2.558922069702457e-06
4.880000000000001e+00  3.425002958367915e-06  9.842737023942328e-07  2.440729255973682e-06
4.890000000000001e+00  3.467355337062382e-06  1.148748613348309e-06  2.318606723714073e-06
4.900000000000001e+00  3.496983176397680e-06  1.303981420875666e-06  2.193001755522014e-06
4.910000000000001e+00  3.513998976383635e-06  1.449640593389504e-06  2.064358382994130e-06
4.920000000000001e+00  3.518568229601293e-06  1.585451971141919e-06  1.933116258459374e-06
4.930000000000001e+00  3.510906885815589e-06  1.711197326597821e-06  1.799709559217769e-06
4.940000000000001e+00  3.491278681726189e-06  1.826712753969363e-06  1.664565927756826e-06
4.950000000000001e+00  3.459992353907406e-06  1.931886902661133e-06  1.528105451246273e-06
4.960000000000001e+00  3.417398752778624e-06  2.026659069386216e-06  1.390739683392408e-06
4.970000000000001e+00  3.363887874859245e-06  2.111017163446278e-06  1.252870711412967e-06
4.980000000000001e+00  3.299885830397494e-06  2.184995559644003e-06  1.114890270753490e-06
4.990000000000001e+00  3.225851762782941e-06  2.248672852931601e-06  9.771789098513403e-07
5.000000000000001e+00  3.142274735665484e-06  2.302169528717816e-06  8.401052069476683e-07
5.010000000000001e+00  3.049670603216759e-06  2.345645562389185e-06  7.040250408275738e-07
5.020000000000001e+00  2.948578878186278e-06  2.379297961218815e-06  5.692809169674624e-07
5.030000000000001e+00  2.839559611972788e-06  2.403358261607510e-06  4.362013503652776e-07
5.040000000000001e+00  2.723190300040748e-06  2.418089993937001e-06  3.051003061037466e-07
5.050000000000001e+00  2.600062825441867e-06  2.423786127103668e-06  1.762766983381994e-07
5.060000000000001e+00  2.470780452447909e-06  2.420766504163439e-06  5.001394828446981e-08
5.070000000000001e+00  2.335954881504740e-06  2.409375280126694e-06  -7.342039862195352e-08
5.080000000000001e+00  2.196203376038315e-06  2.389978372353656e-06  -1.937749963153407e-07
5.090000000000001e+00  2.052145970796119e-06  2.362960933532406e-06  -3.108149627362875e-07
5.100000000000001e+00  1.904402770690537e-06  2.328724856607461e-06  -4.243220859169243e-07
5.110000000000001e+00  1.753591348293838e-06  2.287686320541939e-06  -5.340949722481011e-07
5.120000000000001e+00  1.600324247376299e-06  2.240273385167969e-06  -6.399491377916699e-07
5.130000000000001e+00  1.445206599091071e-06  2.186923642827781e-06  -7.417170437367102e-07
5.140000000000001e+00  1.288833856643034e-06  2.128081933957421e-06  -8.392480773143868e-07
5.150000000000001e+00  1.131789653523958e-06  2.064198133131432e-06  -9.324084796074739e-07
5.160000000000001e+00  9.746437896381710e-07  1.995725011553603e-06  -1.021081221915432e-06
5.170000000000001e+00  8.179503489261483e-07  1.923116181398181e-06  -1.105165832472033e-06
5.180000000000001e+00  6.622459513512779e-07  1.846824126786638e-06  -1.184578175435360e-06
5.190000000000001e+00  5.080481414421937e-07  1.767298325707464e-06  -1.259250184265270e-06
5.200000000000001e+00  3.558539149073572e-07  1.684983466539278e-06  -1.329129551631921e-06
5.210000000000001e+00  2.061383841531880e-07  1.600317762363508e-06  -1.394179378210320e-06
5.220000000000001e+00  5.935358296002130e-08  1.513731365667553e-06  -1.454377782707531e-06
5.230000000000001e+00  -8.407259007714008e-08  1.425644885568400e-06  -1.509717475645540e-06
5.240000000000001e+00  -2.237372902839408e-07  1.336468009132768e-06  -1.560205299416709e-06
5.250000000000001e+00  -3.592635093026983e-07  1.246598227919810e-06  -1.605861737222509e-06
5.260000000000001e+00  -4.903007231720221e-07  1.156419670367281e-06  -1.646720393539303e-06
5.270000000000001e+00  -6.165254085689322e-07  1.066302040243826e-06  -1.682827448812758e-06
5.280000000000001e+00  -7.376414301679895e-07  9.765996608576506e-07  -1.714241091025640e-06
5.290000000000001e+00  -8.533803024681290e-07  8.876506244370912e-07  -1.741030926905220e-06
5.300000000000001e+00  -9.635013298680195e-07  7.997760455424703e-07  -1.763277375410490e-06
5.310000000000001e+00  -1.067791629076600e-06  7.132794171659231e-07  -1.781071046242523e-06
5.320000000000001e+00  -1.166066038317242e-06  6.284460676696798e-07  -1.794512105986922e-06
5.330000000000001e+00  -1.258166918029699e-06  5.455427164935647e-07  -1.803709634523264e-06
5.340000000000001e+00  -1.343963848090554e-06  4.648171262328797e-07  -1.808780974323434e-06
5.350000000000001e+00  -1.423353226746655e-06  3.864978483500507e-07  -1.809851075096706e-06
5.360000000000001e+00  -1.496257776676173e-06  3.107940596073478e-07  -1.807051836283521e-06
5.370000000000001e+00  -1.562625963773504e-06  2.378954860046096e-07  -1.800521449778113e-06
5.380000000000001e+00  -1.622431334353926e-06  1.679724108317773e-07  -1.790403745185704e-06
5.390000000000001e+00  -1.675671776622100e-06  1.011757632334481e-07  -1.776847539855548e-06
5.400000000000001e+00  -1.722368712283208e-06  3.763728351781864e-08  -1.760005995801026e-06
5.410000000000001e+00  -1.762566224266899e-06  -2.253023870199446e-08  -1.740035985564904e-06
5.420000000000001e+00  -1.796330126517496e-06  -7.923265756418309e-08  -1.717097468953313e-06
5.430000000000001e+00  -1.823746981848469e-06  -1.323940993824312e-07  -1.691352882466038e-06
5.440000000000001e+00  -1.844923073777435e-06  -1.819565306214074e-07  -1.662966543156028e-06
5.450000000000001e+00  -1.859983338257096e-06  -2.278792697666019e-07  -1.632104068490494e-06
5.460000000000001e+00  -1.869070261125553e-06  -2.701384473714523e-07  -1.598931813754101e-06
5.470000000000001e+00  -1.872342746981684e-06  -3.087264186940044e-07  -1.563616328287679e-06
5.480000000000001e+00  -1.869974965143148e-06  -3.436511332461180e-07  -1.526323831897030e-06
5.490000000000001e+00  -1.862155178118420e-06  -3.749354656278717e-07  -1.487219712490548e-06
5.500000000000001e+00  -1.849084557997264e-06  -4.026165120028699e-07  -1.446468045994394e-06
5.510000000000001e+00  -1.830975995865435e-06  -4.267448564539540e-07  -1.404231139411481e-06
5.520000000000001e+00  -1.808052909289004e-06  -4.473838114876343e-07  -1.360669097801369e-06
5.530000000000001e+00  -1.780548052649425e-06  -4.646086368216035e-07  -1.315939415827821e-06
5.540000000000001e+00  -1.748702334941425e-06  -4.785057405607658e-07  -1.270196594380659e-06
5.550000000000001e+00  -1.712763649387078e-06  -4.891718666552729e-07  -1.223591782731805e-06
5.560000000000001e+00  -1.672985719105592e-06  -4.967132726361075e-07  -1.176272446469485e-06
5.570000000000001e+00  -1.629626962697366e-06  -5.012449012400271e-07  -1.128382061457339e-06
5.580000000000001e+00  -1.582949383475708e-06  -5.028895496265051e-07  -1.080059833849203e-06
5.590000000000001e+00  -1.533217485806094e-06  -5.017770396311100e-07  -1.031440446174983e-06
5.600000000000001e+00  -1.480697221763856e-06  -4.980433923853935e-07  -9.826538293784624e-07
5.610000000000001e+00  -1.425654971044011e-06  -4.918300104926495e-07  -9.338249605513610e-07
5.620000000000001e+00  -1.368356556885374e-06  -4.832828707632971e-07  -8.850736861220769e-07
5.630000000000001e+00  -1.309066300419780e-06  -4.725517303835924e-07  -8.365145700361872e-07
5.640000000000001e+00  -1.248046115686571e-06  -4.597893491739179e-07  -7.882567665126529e-07
5.650000000000001e+00  -1.185554647264231e-06  -4.451507304699596e-07  -7.404039167942716e-07
5.660000000000001e+00  -1.121846452222510e-06  -4.287923829572665e-07  -6.930540692652433e-07
5.670000000000001e+00  -1.057171227882640e-06  -4.108716056065821e-07  -6.462996222760584e-07
5.680000000000001e+00  -9.917730865981803e-07  -3.915457977041784e-07  -6.002272888940019e-07
5.690000000000001e+00  -9.258898785582702e-07  -3.709717957660454e-07  -5.549180827922248e-07
5.700000000000001e+00  -8.597525633762533e-07  -3.493052389580019e-07  -5.104473244182515e-07
5.710000000000001e+00  -7.935846310068634e-07  -3.266999644690099e-07  -4.668846665378534e-07
5.720000000000001e+00  -7.276015723202995e-07  -3.033074340974681e-07  -4.242941382228314e-07
5.730000000000001e+00  -6.620103994397275e-07  -2.792761931412964e-07  -3.827342062984311e-07
5.740000000000001e+00  -5.970092157724974e-07  -2.547513625155382e-07  -3.422578532569592e-07
5.750000000000001e+00  -5.327868354563461e-07  -2.298741648447794e-07  -3.029126706115667e-07
5.760000000000001e+00  -4.695224517501860e-07  -2.047814851128706e-07  -2.647409666373155e-07
5.770000000000001e+00  -4.073853537614261e-07  -1.796054662964092e-07  -2.277798874650168e-07
5.780000000000001e+00  -3.465346906898635e-07  -1.544731402627281e-07  -1.920615504271354e-07
5.790000000000001e+00  -2.871192826547784e-07  -1.295060940258934e-07  -1.576131886288851e-07
5.800000000000001e+00  -2.292774770036407e-07  -1.048201713623978e-07  -1.244573056412428e-07
5.810000000000001e+00  -1.731370488775171e-07  -8.052520959603246e-08  -9.261183928148463e-08
5.820000000000001e+00  -1.188151446773103e-07  -5.672481127075195e-08  -6.209033340655834e-08
5.830000000000001e+00  -6.641826697241197e-08  -3.351615027915073e-08  -3.290211669326124e-08
5.840000000000001e+00  -1.604229928532234e-08  -1.098981189627568e-08  -5.052487389046651e-09
5.850000000000001e+00  3.222743092266519e-08  1.077033393739137e-08  2.145709698527382e-08
5.860000000000001e+00  7.831605278110836e-08  3.168722684030135e-08  4.662882594080701e-08
5.870000000000001e+00  1.221590178922980e-07  5.169067860496422e-08  7.046833928733380e-08
5.880000000000001e+00  1.637019334196735e-07  7.071740514170113e-08  9.298452827797239e-08
5.890000000000001e+00  2.029003643346579e-07  8.871102880613899e-08  1.141893355285190e-07
5.900000000000001e+00  2.397196067542287e-07  1.056220522138112e-07  1.340975545404175e-07
5.910000000000001e+00  2.741344344109516e-07  1.214078047534427e-07  1.527266296575089e-07
5.920000000000001e+00  3.061288202480844e-07  1.360323630220298e-07  1.700964572260545e-07
5.930000000000001e+00  3.356956351927378e-07  1.494664465099382e-07  1.862291886827996e-07
5.940000000000001e+00  3.628363261493600e-07  1.616872898804413e-07  2.011490362689187e-07
5.950000000000001e+00  3.875605752569171e-07  1.726784932371653e-07  2.148820820197518e-07
5.960000000000001e+00  4.098859424314422e-07  1.824298518176696e-07  2.274560906137726e-07
5.970000000000001e+00  4.298374932253494e-07  1.909371665596879e-07  2.389003266656615e-07
5.980000000000001e+00  4.474474139723085e-07  1.982020370223613e-07  2.492453769499472e-07
5.990000000000001e+00  4.627546161910070e-07  2.042316381589257e-07  2.585229780320813e-07
6.000000000000001e+00  4.758043321517585e-07  2.090384824193068e-07  2.667658497324517e-07
6.010000000000001e+00  4.866477034933164e-07  2.126401687105891e-07  2.740075347827273e-07
6.020000000000001e+00  4.953413646978911e-07  2.150591196874191e-07  2.802822450104719e-07
6.030000000000001e+00  5.019470232168418e-07  2.163223088742892e-07  2.856247143425527e-07
6.040000000000001e+00  5.065310379328073e-07  2.164609790724806e-07  2.900700588603267e-07
6.050000000000001e+00  5.091639976240651e-07  2.155103535272694e-07  2.936536440967957e-07
6.060000000000001e+00  5.099203009969609e-07  2.135093412505947e-07  2.964109597463661e-07
6.070000000000001e+00  5.088777398052416e-07  2.105002379199008e-07  2.983775018853407e-07
6.080000000000001e+00  5.061170864830525e-07  2.065284236946711e-07  2.995886627883814e-07
6.090000000000001e+00  5.017216876524403e-07  2.016420592828934e-07  3.000796283695469e-07
6.100000000000001e+00  4.957770647922268e-07  1.958917815400985e-07  2.998852832521283e-07
6.110000000000001e+00  4.883705232535023e-07  1.893303998245034e-07  2.990401234289989e-07
6.120000000000001e+00  4.795907707532940e-07  1.820125943151274e-07  2.975781764381666e-07
6.130000000000001e+00  4.695275463756261e-07  1.739946174007725e-07  2.955329289748536e-07
6.140000000000001e+00  4.582712610408780e-07  1.653339992574947e-07  2.929372617833833e-07
6.150000000000001e+00  4.459126502969772e-07  1.560892586079437e-07  2.898233916890336e-07
6.160000000000001e+00  4.325424402333451e-07  1.463196196560728e-07  2.862228205772723e-07
6.170000000000001e+00  4.182510272225949e-07  1.360847360886139e-07  2.821662911339811e-07
6.180000000000001e+00  4.031281720956637e-07  1.254444230132425e-07  2.776837490824212e-07
6.190000000000001e+00  3.872627093078925e-07  1.144583975978159e-07  2.728043117100765e-07
6.200000000000001e+00  3.707422715508160e-07  1.031860291514962e-07  2.675562423993198e-07
6.210000000000001e+00  3.536530301859981e-07  9.168609930796276e-08  2.619669308780354e-07
6.220000000000001e+00  3.360794518213835e-07  8.001657290128390e-08  2.560628789200996e-07
6.230000000000001e+00  3.181040712452771e-07  6.823438008365936e-08  2.498696911616177e-07
6.240000000000001e+00  2.998072808945129e-07  5.639521013747661e-08  2.434120707570363e-07
6.250000000000001e+00  2.812671369345779e-07  4.455331742260012e-08  2.367138195119778e-07
6.260000000000001e+00  2.625591819803203e-07  3.276133976870809e-08  2.297978422116122e-07
6.270000000000001e+00  2.437562844163131e-07  2.107012963735679e-08  2.226861547789563e-07
6.280000000000001e+00  2.249284942119095e-07  9.528598254253476e-09  2.153998959576560e-07
6.290000000000001e+00  2.061429150716954e-07  -1.816427106922083e-09  2.079593421786175e-07
6.300000000000001e+00  1.874635927054832e-07  -1.292033257399038e-08  2.003839252794736e-07
6.310000000000001e+00  1.689514189422854e-07  -2.374083381684354e-08  1.926922527591289e-07
6.320000000000001e+00  1.506640513848634e-07  -3.423807886132385e-08  1.849021302461873e-07
6.330000000000001e+00  1.326558482244235e-07  -4.437473763517294e-08  1.770305858595964e-07
6.340000000000001e+00  1.149778178265411e-07  -5.411607833798252e-08  1.690938961645237e-07
6.350000000000001e+00  9.767758262740054e-08  -6.343003079226079e-08  1.611076134196613e-07
6.360000000000001e+00  8.079935688160762e-08  -7.228723694967453e-08  1.530865938312821e-07
6.370000000000001e+00  6.438393771817787e-08  -8.066108881545777e-08  1.450450265336356e-07
6.380000000000001e+00  4.846870900654632e-08  -8.852775403310909e-08  1.369964630396554e-07
6.390000000000001e+00  3.308765742505014e-08  -9.586618946788715e-08  1.289538468929373e-07
6.400000000000001e+00  1.827140017077650e-08  -1.026581431350076e-07  1.209295433057841e-07
6.410000000000001e+00  4.047223694471516e-09  -1.088881448429184e-07  1.129353685373899e-07
6.420000000000001e+00  -9.560867166930822e-09  -1.145434859767074e-07  1.049826188097766e-07
6.430000000000001e+00  -2.253209028452837e-08  -1.196141888608278e-07  9.708209857629940e-08
6.440000000000001e+00  -3.484881820934487e-08  -1.240929661580079e-07  8.924414794866305e-08
6.450000000000001e+00  -4.649650167953406e-08  -1.279751708089686e-07  8.147866912943451e-08
6.460000000000001e+00  -5.746358530319860e-08  -1.312587370032107e-07  7.379515170001207e-08
6.470000000000001e+00  -6.774141608885263e-08  -1.339441127193131e-07  6.620269663046049e-08
6.480000000000001e+00  -7.732414547121619e-08  -1.360341843729769e-07  5.871003890176068e-08
6.490000000000001e+00  -8.620862548437209e-08  -1.375341941172632e-07  5.132556863289111e-08
6.500000000000001e+00  -9.439429972730588e-08  -1.384516503697164e-07  4.405735064241051e-08
6.510000000000001e+00  -1.018830897543336e-07  -1.387962321201381e-07  3.691314236580451e-08
6.520000000000001e+00  -1.086792775381445e-07  -1.385796876168238e-07  2.990041007867921e-08
6.530000000000001e+00  -1.147893845734288e-07  -1.378157279704225e-07  2.302634339699374e-08
6.540000000000001e+00  -1.202220482739855e-07  -1.365199162953740e-07  1.629786802138859e-08
6.550000000000001e+00  -1.249878962039568e-07  -1.347095529256506e-07  9.721656721693812e-09
6.560000000000001e+00  -1.290994187318043e-07  -1.324035573036582e-07  3.304138571853925e-09
6.570000000000001e+00  -1.325708406439375e-07  -1.296223470841676e-07  -2.948493559769898e-09
6.580000000000001e+00  -1.354179922426600e-07  -1.263877150279283e-07  -9.030277214731661e-09
6.590000000000001e+00  -1.376581804388237e-07  -1.227227042174596e-07  -1.493547622136415e-08
6.600000000000001e+00  -1.393100603130711e-07  -1.186514821344743e-07  -2.065857817859686e-08
6.610000000000001e+00  -1.403935076157999e-07  -1.141992141337770e-07  -2.619429348202287e-08
6.620000000000001e+00  -1.409294926197689e-07  -1.093919367879464e-07  -3.153755583182257e-08
6.630000000000001e+00  -1.409399557586076e-07  -1.042564316286058e-07  -3.668352413000188e-08
6.640000000000001e+00  -1.404476854161001e-07  -9.882009973990419e-08  -4.162758567619589e-08
6.650000000000001e+00  -1.394761982352054e-07  -9.311083765771540e-08  -4.636536057748995e-08
6.660000000000001e+00  -1.380496222744034e-07  -8.715691501506209e-08  -5.089270725934131e-08
6.670000000000001e+00  -1.361925833215236e-07  -8.098685435068021e-08  -5.520572897084339e-08
6.680000000000001e+00  -1.339300946412187e-07  -7.462931346105296e-08  -5.930078118016576e-08
6.690000000000001e+00  -1.312874504144425e-07  -6.811297068121625e-08  -6.317447973322630e-08
6.700000000000001e+00  -1.282901230961013e-07  -6.146641343143168e-08  -6.682370966466965e-08
6.710000000000001e+00  -1.249636648949741e-07  -5.471803036058577e-08  -7.024563453438830e-08
6.720000000000001e+00  -1.213336135540370e-07  -4.789590737839373e-08  -7.343770617564328e-08
6.730000000000001e+00  -1.174254025831818e-07  -4.102772786107060e-08  -7.639767472211121e-08
6.740000000000001e+00  -1.132642760745142e-07  -3.414067727791506e-08  -7.912359879659919e-08
6.750000000000001e+00  -1.088752082056141e-07  -2.726135246245381e-08  -8.161385574316030e-08
6.760000000000001e+00  -1.042828275151514e-07  -2.041567573503931e-08  -8.386715178011210e-08
6.770000000000001e+00  -9.951134600168018e-08  -1.362881405503246e-08  -8.588253194664771e-08
6.780000000000001e+00  -9.458449309906323e-08  -6.925103346514247e-09  -8.765938975254898e-08
6.790000000000001e+00  -8.952545453709991e-08  -3.279781442067222e-10  -8.919747639289318e-08
6.800000000000001e+00  -8.435681608536861e-08  6.140093358787583e-09  -9.049690944415620e-08
6.810000000000001e+00  -7.910051216448048e-08  1.245766875789635e-08  -9.155818092237683e-08
6.820000000000001e+00  -7.377777928243957e-08  1.860438533750665e-08  -9.238216461994622e-08
6.830000000000001e+00  -6.840911424870741e-08  2.456100837288062e-08  -9.297012262158802e-08
6.840000000000001e+00  -6.301423708043111e-08  3.030947383860917e-08  -9.332371091904028e-08
6.850000000000001e+00  -5.761205852921235e-08  3.583292551230723e-08  -9.344498404151958e-08
6.860000000000001e+00  -5.222065212164346e-08  4.111574651448765e-08  -9.333639863613111e-08
6.870000000000001e+00  -4.685723060457009e-08  4.614358532648609e-08  -9.300081593105617e-08
6.880000000000001e+00  -4.153812666582472e-08  5.090337635270604e-08  -9.244150301853075e-08
6.890000000000001e+00  -3.627877779645919e-08  5.538335511969194e-08  -9.166213291615112e-08
6.900000000000001e+00  -3.109371516046626e-08  5.957306819976628e-08  -9.066678336023255e-08
6.910000000000001e+00  -2.599655629922288e-08  6.346337799315487e-08  -8.945993429237775e-08
6.920000000000001e+00  -2.100000153044584e-08  6.704646249263088e-08  -8.804646402307672e-08
6.930000000000001e+00  -1.611583385457446e-08  7.031581018034505e-08  -8.643164403491951e-08
6.940000000000001e+00  -1.135492221497948e-08  7.326621022368030e-08  -8.462113243865978e-08
6.950000000000001e+00  -6.727227914571170e-09  7.589373813761786e-08  -8.262096605218903e-08
6.960000000000001e+00  -2.241814030063776e-09  7.819573709846724e-08  -8.043755112853102e-08
6.970000000000001e+00  2.093142389883263e-09  8.017079511400604e-08  -7.807765272412278e-08
6.980000000000001e+00  6.270335495980319e-09  8.181871824307612e-08  -7.554838274709581e-08
6.990000000000001e+00  1.028331339316903e-08  8.314050008476643e-08  -7.285718669159740e-08
7.000000000000001e+00  1.412645865327049e-08  8.413828775722706e-08  -7.001182910395657e-08
7.010000000000001e+00  1.779496677366154e-08  8.481534458695664e-08  -6.702037781329510e-08
7.020000000000001e+00  2.128482277348568e-08  8.517600974859529e-08  -6.389118697510961e-08
7.030000000000001e+00  2.459277610343641e-08  8.522565508567887e-08  -6.063287898224245e-08
7.040000000000001e+00  2.771631405763878e-08  8.497063934562764e-08  -5.725432528798886e-08
7.050000000000001e+00  3.065363386539234e-08  8.441826008864017e-08  -5.376462622324783e-08
7.060000000000001e+00  3.340361363085111e-08  8.357670349195911e-08  -5.017308986110800e-08
7.070000000000001e+00  3.596578229168009e-08  8.245499229481939e-08  -4.648921000313930e-08
7.080000000000001e+00  3.834028878669350e-08  8.106293215937177e-08  -4.272264337267827e-08
7.090000000000001e+00  4.052787054022118e-08  7.941105662264675e-08  -3.888318608242557e-08
7.100000000000001e+00  4.252982147638774e-08  7.751057094716669e-08  -3.498074947077895e-08
7.110000000000001e+00  4.434795967280281e-08  7.537329506126579e-08  -3.102533538846298e-08
7.120000000000001e+00  4.598459481271922e-08  7.301160583842434e-08  -2.702701102570512e-08
7.130000000000001e+00  4.744249556740915e-08  7.043837893797216e-08  -2.299588337056301e-08
7.140000000000001e+00  4.872485704028823e-08  6.766693043050991e-08  -1.894207339022168e-08
7.150000000000001e+00  4.983526838959170e-08  6.471095842283264e-08  -1.487569003324094e-08
7.160000000000001e+00  5.077768075272136e-08  6.158448489547906e-08  -1.080680414275770e-08
7.170000000000001e+00  5.155637557509842e-08  5.830179795044776e-08  -6.745422375349337e-09
7.180000000000001e+00  5.217593344479861e-08  5.487739466657974e-08  -2.701461221781135e-09
7.190000000000001e+00  5.264120352499880e-08  5.132592475764424e-08  1.315278767354555e-09
7.200000000000001e+00  5.295727367497640e-08  4.766213519324378e-08  5.295138481732624e-09
7.210000000000001e+00  5.312944133379429e-08  4.390081597401328e-08  9.228625359781015e-09
7.220000000000001e+00  5.316318523817929e-08  4.005674720732914e-08  1.310643803085014e-08
7.230000000000001e+00  5.306413803877516e-08  3.614464764277480e-08  1.691949039600036e-08
7.240000000000001e+00  5.283805987414424e-08  3.217912480437221e-08  2.065893506977204e-08
7.250000000000001e+00  5.249081294979225e-08  2.817462685595383e-08  2.431618609383841e-08
7.260000000000001e+00  5.202833716420004e-08  2.414539632015177e-08  2.788294084404827e-08
7.270000000000001e+00  5.145662681966244e-08  2.010542575859856e-08  3.135120106106388e-08
7.280000000000001e+00  5.078170845106009e-08  1.606841552427379e-08  3.471329292678630e-08
7.290000000000001e+00  5.000961978704338e-08  1.204773366777974e-08  3.796188611926364e-08
7.300000000000001e+00  4.914638986988564e-08  8.056378082175638e-09  4.109001178771000e-08
7.310000000000001e+00  4.819802034305213e-08  4.106940962881572e-09  4.409107938017056e-08
7.320000000000001e+00  4.717046790924614e-08  2.115756275894667e-10  4.695889228165668e-08
7.330000000000001e+00  4.606962796232858e-08  -3.618034233690655e-09  4.968766219601924e-08
7.340000000000001e+00  4.490131939327207e-08  -7.370702855261090e-09  5.227202224853316e-08
7.350000000000001e+00  4.367127055058660e-08  -1.103576819874969e-08  5.470703874933630e-08
7.360000000000001e+00  4.238510635108193e-08  -1.460311524399803e-08  5.698822159507995e-08
7.370000000000001e+00  4.104833652231200e-08  -1.806319676163180e-08  5.911153328394380e-08
7.380000000000001e+00  3.966634495129476e-08  -2.140705155639439e-08  6.107339650768916e-08
7.390000000000001e+00  3.824438011699978e-08  -2.462632019331506e-08  6.287070031031484e-08
7.400000000000001e+00  3.678754657925926e-08  -2.771325822522913e-08  6.450080480448839e-08
7.410000000000001e+00  3.530079749460703e-08  -3.066074693994769e-08  6.596154443455472e-08
7.420000000000001e+00  3.378892811999499e-08  -3.346230165624270e-08  6.725122977623769e-08
7.430000000000001e+00  3.225657027290945e-08  -3.611207762342221e-08  6.836864789633167e-08
7.440000000000001e+00  3.070818771139707e-08  -3.860487354943013e-08  6.931306126082720e-08
7.450000000000001e+00  2.914807238997819e-08  -4.093613283064353e-08  7.008420522062173e-08
7.460000000000001e+00  2.758034155171623e-08  -4.310194253116802e-08  7.068228408288425e-08
7.470000000000001e+00  2.600893561883250e-08  -4.509903018197437e-08  7.110796580080687e-08
7.480000000000001e+00  2.443761682802212e-08  -4.692475847421864e-08  7.136237530224076e-08
7.490000000000001e+00  2.286996857865198e-08  -4.857711791942503e-08  7.144708649807701e-08
7.500000000000001e+00  2.130939544180210e-08  -5.005471756129431e-08  7.136411300309641e-08
7.510000000000001e+00  1.975912378754152e-08  -5.135677382686610e-08  7.111589761440761e-08
7.520000000000001e+00  1.822220298655297e-08  -5.248309760111941e-08  7.070530058767239e-08
7.530000000000001e+00  1.670150714093363e-08  -5.343407962711501e-08  7.013558676804865e-08
7.540000000000001e+00  1.519973729727066e-08  -5.421067432682809e-08  6.941041162409875e-08
7.550000000000001e+00  1.371942411157074e-08  -5.481438213322218e-08  6.853380624479291e-08
7.560000000000001e+00  1.226293089929629e-08  -5.524723044931275e-08  6.751016134860904e-08
7.570000000000001e+00  1.083245705589466e-08  -5.551175333157441e-08  6.634421038746908e-08
7.580000000000001e+00  9.430041788122117e-09  -5.561096999892043e-08  6.504101178704255e-08
7.590000000000001e+00  8.057568123350810e-09  -5.554836228129267e-08  6.360593040464349e-08
7.600000000000001e+00  6.716767163561634e-09  -5.532785110811883e-08  6.204461827168046e-08
7.610000000000001e+00  5.409222535645376e-09  -5.495377214939899e-08  6.036299468504437e-08
7.620000000000001e+00  4.136375015178820e-09  -5.443085071094561e-08  5.856722572612443e-08
7.630000000000001e+00  2.899527284185646e-09  -5.376417599510248e-08  5.666370327928813e-08
7.640000000000001e+00  1.699848789886805e-09  -5.295917482749039e-08  5.465902361737719e-08
7.650000000000001e+00  5.383806783509906e-10  -5.202158495886564e-08  5.255996563721663e-08
7.660000000000001e+00  -5.839592292115620e-10  -5.095742804217590e-08  5.037346881296434e-08
7.670000000000001e+00  -1.666371436706388e-09  -4.977298238526473e-08  4.810661094855834e-08
7.680000000000001e+00  -2.708169785622228e-09  -4.847475557855726e-08  4.576658579293503e-08
7.690000000000001e+00  -3.708776493403703e-09  -4.706945710008468e-08  4.336068060668098e-08
7.700000000000001e+00  -4.667717240613350e-09  -4.556397097691104e-08  4.089625373629769e-08
7.710000000000001e+00  -5.584616328054479e-09  -4.396532860952203e-08  3.838071228146755e-08
7.720000000000001e+00  -6.459191918896467e-09  -4.228068184058185e-08  3.582148992168538e-08
7.730000000000001e+00  -7.291251381227424e-09  -4.051727634565989e-08  3.322602496443246e-08
7.740000000000001e+00  -8.080686746433725e-09  -3.868242543979403e-08  3.060173869336030e-08
7.750000000000001e+00  -8.827470291036141e-09  -3.678348436700911e-08  2.795601407597297e-08
7.760000000000001e+00  -9.531650258061682e-09  -3.482782514789139e-08  2.529617488982971e-08
7.770000000000001e+00  -1.019334671858438e-08  -3.282281205820200e-08  2.262946533961762e-08
7.780000000000001e+00  -1.081274758837671e-08  -3.077577779946527e-08  1.996303021108856e-08
7.790000000000001e+00  -1.139010479889313e-08  -2.869400042254353e-08  1.730389562365040e-08
7.800000000000001e+00  -1.192573062748074e-08  -2.658468106478812e-08  1.465895043730737e-08
7.810000000000001e+00  -1.241999419377259e-08  -2.445492254569450e-08  1.203492835192191e-08
7.820000000000001e+00  -1.287331811370380e-08  -2.231170887771133e-08  9.438390764007527e-09
7.830000000000001e+00  -1.328617532418872e-08  -2.016188572592320e-08  6.875710401734477e-09
7.840000000000001e+00  -1.365908606311516e-08  -1.801214186531786e-08  4.353055802202698e-09
7.850000000000001e+00  -1.399261501321511e-08  -1.586899165848605e-08  1.876376645270939e-09
7.860000000000001e+00  -1.428736860048801e-08  -1.373875859598586e-08  -5.486100045021541e-10
7.870000000000001e+00  -1.454399244570837e-08  -1.162755991384930e-08  -2.916432531859066e-09
7.880000000000001e+00  -1.476316896181365e-08  -9.541292315406083e-09  -5.221876646407568e-09
7.890000000000001e+00  -1.494561509235632e-08  -7.485618815820945e-09  -7.459996276535372e-09
7.900000000000001e+00  -1.509208018604303e-08  -5.465956711295343e-09  -9.626123474747691e-09
7.910000000000001e+00  -1.520334399700555e-08  -3.487466697041518e-09  -1.171587729996403e-08
7.920000000000001e+00  -1.528021480757320e-08  -1.555043122442788e-09  -1.372517168513041e-08
7.930000000000001e+00  -1.532352766228481e-08  3.266946045359413e-10  -1.565022226682075e-08
7.940000000000001e+00  -1.533414270464062e-08  2.153409475348485e-09  -1.748755217998911e-08
7.950000000000001e+00  -1.531294361368474e-08  3.921053200731261e-09  -1.923399681441600e-08
7.960000000000001e+00  -1.526083612345511e-08  5.625871415264151e-09  -2.088670753871926e-08
7.970000000000001e+00  -1.517874662695936e-08  7.264407764748250e-09  -2.244315439170761e-08
7.980000000000001e+00  -1.506762084376478e-08  8.833506913858599e-09  -2.390112775762338e-08
7.990000000000001e+00  -1.492842255482616e-08  1.033031647226986e-08  -2.525873902709603e-08
8.000000000000002e+00  -1.476213238865967e-08  1.175228788643585e-08  -2.651442027509551e-08
8.010000000000002e+00  -1.456974665398973e-08  1.309717630271743e-08  -2.766692295670715e-08
8.020000000000001e+00  -1.435227620519945e-08  1.436303945154273e-08  -2.871531565674218e-08
8.030000000000001e+00  -1.411074534443115e-08  1.554823556135183e-08  -2.965898090578298e-08
8.040000000000003e+00  -1.384619074084803e-08  1.665142035950194e-08  -3.049761110034996e-08
8.050000000000002e+00  -1.355966036625204e-08  1.767154317872291e-08  -3.123120354497494e-08
8.060000000000002e+00  -1.325221244068433e-08  1.860784221812274e-08  -3.186005465880707e-08
8.070000000000002e+00  -1.292491437865857e-08  1.945983899246223e-08  -3.238475337112081e-08
8.080000000000002e+00  -1.257884173434256e-08  2.022733201328059e-08  -3.280617374762315e-08
8.090000000000002e+00  -1.221507713744859e-08  2.091038974424194e-08  -3.312546688169053e-08
8.100000000000001e+00  -1.183470921597061e-08  2.150934287790928e-08  -3.334405209387989e-08
8.110000000000001e+00  -1.143883150286380e-08  2.202477597115650e-08  -3.346360747402030e-08
8.120000000000003e+00  -1.102854132207230e-08  2.245751849232590e-08  -3.348605981439820e-08
8.130000000000003e+00  -1.060493865219705e-08  2.280863532317508e-08  -3.341357397537213e-08
8.140000000000002e+00  -1.016912496045245e-08  2.307941676675502e-08  -3.324854172720747e-08
8.150000000000002e+00  -9.722202014834047e-09  2.327136809631179e-08  -3.299357011114584e-08
8.160000000000002e+00  -9.265270661416871e-09  2.338619871028701e-08  -3.265146937170388e-08
8.170000000000002e+00  -8.799429577234001e-09  2.342581092626439e-08  -3.222524050349839e-08
8.180000000000001e+00  -8.325773989939704e-09  2.339228846617947e-08  -3.171806245611917e-08
8.190000000000001e+00  -7.845394367451823e-09  2.328788468196866e-08  -3.113327904942049e-08
8.200000000000001e+00  -7.359375081315206e-09  2.311501056223007e-08  -3.047438564354528e-08
8.210000000000003e+00  -6.868793041404630e-09  2.287622257123924e-08  -2.974501561264387e-08
8.220000000000002e+00  -6.374716304987030e-09  2.257421036116885e-08  -2.894892666615588e-08
8.230000000000002e+00  -5.878202661766976e-09  2.221178440271043e-08  -2.808998706447741e-08
8.240000000000002e+00  -5.380298199811007e-09  2.179186357813244e-08  -2.717216177794345e-08
8.250000000000002e+00  -4.882035853221438e-09  2.131746277588701e-08  -2.619949862910844e-08
8.260000000000002e+00  -4.384433935234470e-09  2.079168053177428e-08  -2.517611446700875e-08
8.270000000000001e+00  -3.888494661702467e-09  2.021768675075239e-08  -2.410618141245486e-08
8.280000000000001e+00  -3.395202668431607e-09  1.959871055126081e-08  -2.299391321969242e-08
8.290000000000003e+00  -2.905523525993754e-09  1.893802826559445e-08  -2.184355179158820e-08
8.300000000000002e+00  -2.420402258540552e-09  1.823895163445742e-08  -2.065935389299797e-08
8.310000000000002e+00  -1.940761868921937e-09  1.750481622334844e-08  -1.944557809227037e-08
8.320000000000002e+00  -1.467501878808734e-09  1.673897009889563e-08  -1.820647197770436e-08
8.330000000000002e+00  -1.001496882915377e-09  1.594476279068488e-08  -1.694625967360025e-08
8.340000000000002e+00  -5.435951308741968e-10  1.512553456398807e-08  -1.566912969486226e-08
8.350000000000001e+00  -9.461713394317921e-11  1.428460603700847e-08  -1.437922317095165e-08
8.360000000000001e+00  3.446456923846792e-10  1.342526815822971e-08  -1.308062246584503e-08
8.370000000000003e+00  7.734323488515497e-10  1.255077257398724e-08  -1.177734022513569e-08
8.380000000000003e+00  1.191013525289220e-09  1.166432239809978e-08  -1.047330887281055e-08
8.390000000000002e+00  1.596692825886705e-09  1.076906340843808e-08  -9.172370582551376e-09
8.400000000000002e+00  1.989807940141934e-09  9.868075686662148e-09  -7.878267746520215e-09
8.410000000000002e+00  2.369731752328792e-09  8.964365708358656e-09  -6.594633956029864e-09
8.420000000000002e+00  2.735873386404786e-09  8.060858907675515e-09  -5.324985521270728e-09
8.430000000000001e+00  3.087679182961424e-09  7.160392713281167e-09  -4.072713530319744e-09
8.440000000000001e+00  3.424633601452350e-09  6.265710080528635e-09  -2.841076479076285e-09
8.450000000000001e+00  3.746260042713595e-09  5.379453508047990e-09  -1.633193465334395e-09
8.460000000000003e+00  4.052121593821013e-09  4.504159563522293e-09  -4.520379697012793e-10
8.470000000000002e+00  4.341821682000807e-09  3.642253903598062e-09  6.995677784027452e-10
8.480000000000002e+00  4.615004643249864e-09  2.796046803057091e-09  1.818957840192773e-09
8.490000000000002e+00  4.871356197994529e-09  1.967729185744443e-09  2.903627012250086e-09
8.500000000000002e+00  5.110603830929082e-09  1.159369158562276e-09  3.951234672366805e-09
8.510000000000002e+00  5.332517074568313e-09  3.729090423314116e-10  4.959608032236902e-09
8.520000000000001e+00  5.536907694276525e-09  -3.898371022201679e-10  5.926744796496693e-09
8.530000000000001e+00  5.723629771968838e-09  -1.127185461925480e-09  6.850815233894318e-09
8.540000000000003e+00  5.892579686573262e-09  -1.837583980513386e-09  7.730163667086647e-09
8.550000000000002e+00  6.043695995412945e-09  -2.519613394764857e-09  8.563309390177802e-09
8.560000000000002e+00  6.176959207519403e-09  -3.171987816280742e-09  9.348947023800146e-09
8.570000000000002e+00  6.292391457888767e-09  -3.793554860434885e-09  1.008594631832365e-08
8.580000000000002e+00  6.390056076993137e-09  -4.383295343754586e-09  1.077335142074772e-08
8.590000000000002e+00  6.470057056886036e-09  -4.940322557926874e-09  1.141037961481291e-08
8.600000000000001e+00  6.532538419651436e-09  -5.463881139334279e-09  1.199641955898572e-08
8.610000000000001e+00  6.577683482583803e-09  -5.953345546376712e-09  1.253102902896051e-08
8.620000000000003e+00  6.605714027844053e-09  -6.408218164094272e-09  1.301393219193833e-08
8.630000000000003e+00  6.616889376134326e-09  -6.828127051447053e-09  1.344501642758138e-08
8.640000000000002e+00  6.611505367142983e-09  -7.212823349196077e-09  1.382432871633906e-08
8.650000000000002e+00  6.589893250883561e-09  -7.562178368366159e-09  1.415207161924972e-08
8.660000000000002e+00  6.552418490953712e-09  -7.876180376835452e-09  1.442859886778916e-08
8.670000000000002e+00  6.499479485817506e-09  -8.154931104832472e-09  1.465441059064998e-08
8.680000000000001e+00  6.431506210908787e-09  -8.398641986559335e-09  1.483014819746812e-08
8.690000000000001e+00  6.348958783993890e-09  -8.607630162032433e-09  1.495658894602632e-08
8.700000000000003e+00  6.252325962408569e-09  -8.782314254906687e-09  1.503464021731526e-08
8.710000000000003e+00  6.142123571745908e-09  -8.923209951366970e-09  1.506533352311288e-08
8.720000000000002e+00  6.018892875442546e-09  -9.030925393910780e-09  1.504981826935333e-08
8.730000000000002e+00  5.883198885656731e-09  -9.106156419961414e-09  1.498935530561814e-08
8.740000000000002e+00  5.735628627365457e-09  -9.149681654874170e-09  1.488531028223963e-08
8.750000000000002e+00  5.576789352126608e-09  -9.162357488699182e-09  1.473914684082579e-08
8.760000000000002e+00  5.407306716589905e-09  -9.145112950118041e-09  1.455241966670795e-08
8.770000000000001e+00  5.227822922935789e-09  -9.098944500834676e-09  1.432676742377047e-08
8.780000000000001e+00  5.038994834355381e-09  -9.024910770004639e-09  1.406390560436002e-08
8.790000000000003e+00  4.841492065154648e-09  -8.924127243118024e-09  1.376561930827267e-08
8.800000000000002e+00  4.635995055831758e-09  -8.797760931916941e-09  1.343375598774870e-08
8.810000000000002e+00  4.423193136807814e-09  -8.647025033999564e-09  1.307021817080738e-08
8.820000000000002e+00  4.203782587673972e-09  -8.473173607378875e-09  1.267695619505285e-08
8.830000000000002e+00  3.978464695450446e-09  -8.277496275105738e-09  1.225596097055618e-08
8.840000000000002e+00  3.747943825256217e-09  -8.061312968144931e-09  1.180925679340115e-08
8.850000000000001e+00  3.512925495619748e-09  -7.825968739787679e-09  1.133889423540743e-08
8.860000000000001e+00  3.274114479083385e-09  -7.572828648535752e-09  1.084694312761914e-08
8.870000000000003e+00  3.032212922622827e-09  -7.303272732725014e-09  1.033548565534784e-08
8.880000000000003e+00  2.787918499584215e-09  -7.018691092100470e-09  9.806609591684685e-09
8.890000000000002e+00  2.541922596173705e-09  -6.720479082993540e-09  9.262401679167246e-09
8.900000000000002e+00  2.294908536761715e-09  -6.410032644563157e-09  8.704941181324871e-09
8.910000000000002e+00  2.047549854772049e-09  -6.088743764502330e-09  8.136293619274379e-09
8.920000000000002e+00  1.800508613543578e-09  -5.757996096657811e-09  7.558504710201390e-09
8.930000000000001e+00  1.554433781712847e-09  -5.419160738030830e-09  6.973594519743678e-09
8.940000000000001e+00  1.309959665744888e-09  -5.073592175196464e-09  6.383551840941353e-09
8.950000000000003e+00  1.067704406569375e-09  -4.722624411566133e-09  5.790328818135508e-09
8.960000000000003e+00  8.282685436109271e-10  -4.367567272314956e-09  5.195835815925882e-09
8.970000000000002e+00  5.922336464395320e-10  -4.009702909853859e-09  4.601936556293391e-09
8.980000000000002e+00  3.601610219846136e-10  -3.650282498492125e-09  4.010443520476738e-09
8.990000000000002e+00  1.325904982221642e-10  -3.290523133377038e-09  3.423113631599202e-09
9.000000000000002e+00  -8.996071349595920e-11  -2.931604937649830e-09  2.841644224153870e-09
9.010000000000002e+00  -3.069990738897578e-10  -2.574668373253763e-09  2.267669299364005e-09
9.020000000000001e+00  -5.180556873681619e-10  -2.220811767605455e-09  1.702756080237293e-09
9.030000000000001e+00  -7.226871867982662e-10  -1.871089049499585e-09  1.148401862701319e-09
9.040000000000003e+00  -9.204765337206796e-10  -1.526507702430651e-09  6.060311687099717e-10
9.050000000000002e+00  -1.111033725020274e-09  -1.188026928143790e-09  7.699320312351645e-11
9.060000000000002e+00  -1.293996415791108e-09  -8.565560268873370e-10  -4.374403889037714e-10
9.070000000000002e+00  -1.469030445213013e-09  -5.329529846828777e-10  -9.360774605301353e-10
9.080000000000002e+00  -1.635830280395088e-09  -2.180232809670543e-10  -1.417806999428034e-09
9.090000000000002e+00  -1.794119360347179e-09  8.748110941797065e-11  -1.881600469765150e-09
9.100000000000001e+00  -1.943650356198366e-09  3.828624981570781e-10  -2.326512854355444e-09
9.110000000000001e+00  -2.084205338625861e-09  6.674780709345394e-10  -2.751683409560400e-09
9.120000000000003e+00  -2.215595857178252e-09  9.407402750845351e-10  -3.156336132262787e-09
9.130000000000003e+00  -2.337662931143889e-09  1.202117016502966e-09  -3.539779947646854e-09
9.140000000000002e+00  -2.450276954809546e-09  1.451131669908344e-09  -3.901408624717890e-09
9.150000000000002e+00  -2.553337516547839e-09  1.687362907048346e-09  -4.240700423596185e-09
9.160000000000002e+00  -2.646773136528037e-09  1.910444349819006e-09  -4.557217486347043e-09
9.170000000000002e+00  -2.730540921131103e-09  2.120064057390534e-09  -4.850604978521637e-09
9.180000000000001e+00  -2.804626141839183e-09  2.315963848524346e-09  -5.120589990363529e-09
9.190000000000001e+00  -2.869041738090237e-09  2.497938468705908e-09  -5.366980206796145e-09
9.200000000000003e+00  -2.923827740866607e-09  2.665834617500479e-09  -5.589662358367086e-09
9.210000000000003e+00  -2.969050635884516e-09  2.819549825394410e-09  -5.788600461278926e-09
9.220000000000002e+00  -3.004802652459042e-09  2.959031208950519e-09  -5.963833861409561e-09
9.230000000000002e+00  -3.031200991636731e-09  3.084274097231507e-09  -6.115475088868238e-09
9.240000000000002e+00  -3.048386993174228e-09  3.195320544716805e-09  -6.243707537891033e-09
9.250000000000002e+00  -3.056525246375789e-09  3.292257738556868e-09  -6.348782984932657e-09
9.260000000000002e+00  -3.055802647603050e-09  3.375216305993037e-09  -6.431018953596087e-09
9.270000000000001e+00  -3.046427409503066e-09  3.444368533684530e-09  -6.490795943187596e-09
9.280000000000001e+00  -3.028628024518546e-09  3.499926504308751e-09  -6.528554528827298e-09
9.290000000000003e+00  -3.002652186000195e-09  3.542140163446596e-09  -6.544792349446791e-09
9.300000000000002e+00  -2.968765676810639e-09  3.571295317585119e-09  -6.540060994395758e-09
9.310000000000002e+00  -2.927251217790713e-09  3.587711585274996e-09  -6.514962803065708e-09
9.320000000000002e+00  -2.878407294436136e-09  3.591740291370184e-09  -6.470147585806319e-09
9.330000000000002e+00  -2.822546954745610e-09  3.583762329984824e-09  -6.406309284730434e-09
9.340000000000002e+00  -2.759996588523442e-09  3.564185993027715e-09  -6.324182581551157e-09
9.350000000000001e+00  -2.691094689341920e-09  3.533444778677749e-09  -6.224539468019669e-09
9.360000000000001e+00  -2.616190605058081e-09  3.491995184613738e-09  -6.108185789671818e-09
9.370000000000003e+00  -2.535643280910954e-09  3.440314493099232e-09  -5.975957774010185e-09
9.380000000000003e+00  -2.449819996325387e-09  3.378898558547377e-09  -5.828718554872765e-09
9.390000000000002e+00  -2.359095105138604e-09  3.308259601708015e-09  -5.667354706846620e-09
9.400000000000002e+00  -2.263848777240135e-09  3.228924019072734e-09  -5.492772796312869e-09
9.410000000000002e+00  -2.164465749519759e-09  3.141430214022909e-09  -5.305895963542668e-09
9.420000000000002e+00  -2.061334086071188e-09  3.046326456896682e-09  -5.107660542967870e-09
9.430000000000001e+00  -1.954843958945009e-09  2.944168773937618e-09  -4.899012732882627e-09
9.440000000000001e+00  -1.845386440335945e-09  2.835518885056723e-09  -4.680905325392668e-09
9.450000000000003e+00  -1.733352322643124e-09  2.720942179685271e-09  -4.454294502328395e-09
9.460000000000003e+00  -1.619130961277498e-09  2.601005746676205e-09  -4.220136707953704e-09
9.470000000000002e+00  -1.503109146668212e-09  2.476276458731035e-09  -3.979385605399246e-09
9.480000000000002e+00  -1.385670007511498e-09  2.347319118014335e-09  -3.732989125525833e-09
9.490000000000002e+00  -1.267191948028422e-09  2.214694665330212e-09  -3.481886613358634e-09
9.500000000000002e+00  -1.148047622617704e-09  2.078958457950242e-09  -3.227006080567946e-09
9.510000000000002e+00  -1.028602949414344e-09  1.940658618723927e-09  -2.969261568138271e-09
9.520000000000001e+00  -9.092161652383797e-10  1.800334461920655e-09  -2.709550627159034e-09
9.530000000000001e+00  -7.902369244268647e-10  1.658514994544534e-09  -2.448751918971399e-09
9.540000000000003e+00  -6.720054442523459e-10  1.515717499052800e-09  -2.187722943305146e-09
9.550000000000002e+00  -5.548516943129497e-10  1.372446200820412e-09  -1.927297895133362e-09
9.560000000000002e+00  -4.390946395580495e-10  1.229191015908795e-09  -1.668285655466845e-09
9.570000000000002e+00  -3.250415296661169e-10  1.086426387451205e-09  -1.411467917117322e-09
9.580000000000002e+00  -2.129872415818241e-10  9.446102089562383e-10  -1.157597450538062e-09
9.590000000000002e+00  -1.032136736389979e-10  8.041828341709199e-10  -9.073965078099179e-10
9.600000000000001e+00  4.010806817257428e-12  6.655661769663709e-10  -6.615553701491135e-10
9.610000000000001e+00  1.084318620639314e-10  5.291628984481932e-10  -4.207310363842617e-10
9.620000000000003e+00  2.098096289699480e-10  3.953556835330579e-10  -1.855460545631099e-10
9.630000000000003e+00  3.079191092186686e-10  2.645066054899234e-10  4.341250372874520e-11
9.640000000000002e+00  4.025505055174791e-10  1.369565777430228e-10  2.655939277744563e-10
9.650000000000002e+00  4.935095019817820e-10  1.302489127006186e-11  4.804846107117201e-10
9.660000000000002e+00  5.806174969950414e-10  -1.069911543151039e-10  6.876086513101453e-10
9.670000000000002e+00  6.637117683591397e-10  -2.228165562866155e-10  8.865283246457553e-10
9.680000000000001e+00  7.426456036601004e-10  -3.341988045611412e-10  1.076844408221242e-09
9.690000000000001e+00  8.172883652427812e-10  -4.409080177035730e-10  1.258196382946354e-09
9.700000000000003e+00  8.875255092961421e-10  -5.427369912604408e-10  1.430262500556583e-09
9.710000000000003e+00  9.532585546195347e-10  -6.395011728308139e-10  1.592759727450349e-09
9.720000000000002e+00  1.014405000793913e-09  -7.310385621325049e-10  1.745443562926418e-09
9.730000000000002e+00  1.070898202018010e-09  -8.172095398772545e-10  1.888107741895265e-09
9.740000000000002e+00  1.122687190888942e-09  -8.978966297917844e-10  2.020583820680726e-09
9.750000000000002e+00  1.169736461104996e-09  -9.730041934036965e-10  2.142740654508692e-09
9.760000000000002e+00  1.212025706109286e-09  -1.042458062907064e-09  2.254483769016350e-09
9.770000000000001e+00  1.249549515980162e-09  -1.106205115902706e-09  2.355754631882868e-09
9.780000000000001e+00  1.282317037147755e-09  -1.164212792550908e-09  2.446529829698663e-09
9.790000000000003e+00  1.310351592968598e-09  -1.216468560480706e-09  2.526820153449305e-09
9.800000000000002e+00  1.333690270784887e-09  -1.262979331080965e-09  2.596669601865852e-09
9.810000000000002e+00  1.352383475145263e-09  -1.303770828940957e-09  2.656154304086220e-09
9.820000000000002e+00  1.366494450351861e-09  -1.338886919530912e-09  2.705381369882773e-09
9.830000000000002e+00  1.376098774752822e-09  -1.368388898013348e-09  2.744487672766170e-09
9.840000000000002e+00  1.381283828524785e-09  -1.392354741903757e-09  2.773638570428543e-09
9.850000000000001e+00  1.382148237307943e-09  -1.410878333340467e-09  2.793026570648411e-09
9.860000000000001e+00  1.378801294133132e-09  -1.424068652621346e-09  2.802869946754478e-09
9.870000000000003e+00  1.371362362212428e-09  -1.432048946301341e-09  2.803411308513768e-09
9.880000000000003e+00  1.359960259980468e-09  -1.434955875204152e-09  2.794916135184620e-09
9.890000000000002e+00  1.344732633526080e-09  -1.432938642882185e-09  2.777671276408265e-09
9.900000000000002e+00  1.325825312699792e-09  -1.426158114298946e-09  2.751983426998737e-09
9.910000000000002e+00  1.303391661471123e-09  -1.414785917180970e-09  2.718177578652093e-09
9.920000000000002e+00  1.277591918054013e-09  -1.399003540668927e-09  2.676595458722940e-09
9.930000000000001e+00  1.248592530497917e-09  -1.379001426709410e-09  2.627593957207326e-09
9.940000000000001e+00  1.216565487673681e-09  -1.354978063076763e-09  2.571543550750444e-09
9.950000000000003e+00  1.181687652161211e-09  -1.327139073809299e-09  2.508826725970510e-09
9.960000000000003e+00  1.144140090241137e-09  -1.295696319189123e-09  2.439836409430260e-09
9.970000000000002e+00  1.104107408881625e-09  -1.260866999165960e-09  2.364974408047586e-09
9.980000000000002e+00  1.061777095452033e-09  -1.222872769271020e-09  2.284649864723053e-09
9.990000000000002e+00  1.017338865802897e-09  -1.181938868598850e-09  2.199277734401746e-09
