1.000000000000000e-15  1.000034389373514e+00  1.000038378397221e+00  -3.989023707795525e-06
1.000000000000100e-02  9.997122141667666e-01  9.996943533064673e-01  1.786086029931244e-05
2.000000000000100e-02  9.987461643152388e-01  9.986628365889321e-01  8.332772630670338e-05
3.000000000000100e-02  9.971376661484788e-01  9.969455026066297e-01  1.921635418490331e-04
4.000000000000100e-02  9.948890936296393e-01  9.945451376263653e-01  3.439560032739708e-04
5.000000000000100e-02  9.920037634849256e-01  9.914656333285309e-01  5.381301563947005e-04
6.000000000000100e-02  9.884859284021117e-01  9.877119777465848e-01  7.739506555268783e-04
7.000000000000101e-02  9.843407683152542e-01  9.832902436643630e-01  1.050524650891171e-03
8.000000000000100e-02  9.795743797976192e-01  9.782075745057990e-01  1.366805291820206e-03
9.000000000000100e-02  9.741937635896031e-01  9.724721677591431e-01  1.721595830459943e-03
1.000000000000010e-01  9.682068102930630e-01  9.660932559850705e-01  2.113554307992538e-03
1.100000000000010e-01  9.616222842680809e-01  9.590810854650715e-01  2.541198803009403e-03
1.200000000000010e-01  9.544498057726734e-01  9.514468925535098e-01  3.002913219163572e-03
1.300000000000010e-01  9.466998313902785e-01  9.432028778033530e-01  3.496953586925478e-03
1.400000000000010e-01  9.383836327941301e-01  9.343621779419095e-01  4.021454852220607e-03
1.500000000000010e-01  9.295132739016712e-01  9.249388357791726e-01  4.574438122498581e-03
1.600000000000010e-01  9.201015864760690e-01  9.149477681370383e-01  5.153818339030725e-03
1.700000000000010e-01  9.101621442357030e-01  9.044047318932827e-01  5.757412342420221e-03
1.800000000000010e-01  8.997092355360348e-01  8.933262882392532e-01  6.382947296781571e-03
1.900000000000010e-01  8.887578346916959e-01  8.817297652551139e-01  7.028069436581963e-03
2.000000000000010e-01  8.773235720096980e-01  8.696332189108122e-01  7.690353098885772e-03
2.100000000000010e-01  8.654227026079360e-01  8.570553926051417e-01  8.367310002794226e-03
2.200000000000010e-01  8.530720740955076e-01  8.440156753587104e-01  9.056398736797200e-03
2.300000000000010e-01  8.402890931944004e-01  8.305340587800663e-01  9.755034414334118e-03
2.400000000000010e-01  8.270916913839432e-01  8.166310929269318e-01  1.046059845701142e-02
2.500000000000010e-01  8.134982896519474e-01  8.023278411869302e-01  1.117044846501714e-02
2.600000000000010e-01  7.995277624379163e-01  7.876458343041886e-01  1.188192813372779e-02
2.700000000000010e-01  7.851994008556115e-01  7.726070236796555e-01  1.259237717595596e-02
2.800000000000010e-01  7.705328752834486e-01  7.572337340742299e-01  1.329914120921871e-02
2.900000000000010e-01  7.555481974123122e-01  7.415486158442434e-01  1.399958156806880e-02
3.000000000000010e-01  7.402656818413439e-01  7.255745968393286e-01  1.469108500201532e-02
3.100000000000010e-01  7.247059073127035e-01  7.093348340922974e-01  1.537107322040610e-02
3.200000000000010e-01  7.088896776767910e-01  6.928526654301974e-01  1.603701224659360e-02
3.300000000000010e-01  6.928379826793926e-01  6.761515611345779e-01  1.668642154481470e-02
3.400000000000010e-01  6.765719586621641e-01  6.592550757776454e-01  1.731688288451871e-02
3.500000000000010e-01  6.601128492673792e-01  6.421868003590874e-01  1.792604890829186e-02
3.600000000000010e-01  6.434819662372475e-01  6.249703148661663e-01  1.851165137108124e-02
3.700000000000010e-01  6.267006503972297e-01  6.076291413770918e-01  1.907150902013788e-02
3.800000000000010e-01  6.097902329116104e-01  5.901866978247052e-01  1.960353508690516e-02
3.900000000000010e-01  5.927719968982573e-01  5.726662525342195e-01  2.010574436403778e-02
4.000000000000010e-01  5.756671394878521e-01  5.550908796451870e-01  2.057625984266509e-02
4.100000000000010e-01  5.584967344111403e-01  5.374834155238257e-01  2.101331888731461e-02
4.200000000000010e-01  5.412816951956416e-01  5.198664162677785e-01  2.141527892786310e-02
4.300000000000010e-01  5.240427390510762e-01  5.022621164006918e-01  2.178062265038438e-02
4.400000000000010e-01  5.068003515203165e-01  4.846923888494198e-01  2.210796267089676e-02
4.500000000000010e-01  4.895747519700572e-01  4.671787062916019e-01  2.239604567845532e-02
4.600000000000010e-01  4.723858599925835e-01  4.497421039561778e-01  2.264375603640578e-02
4.700000000000010e-01  4.552532627870862e-01  4.324031439540441e-01  2.285011883304217e-02
4.800000000000010e-01  4.381961835857765e-01  4.151818812105241e-01  2.301430237525237e-02
4.900000000000010e-01  4.212334511868709e-01  3.980978310656181e-01  2.313562012125281e-02
5.000000000000010e-01  4.043834706530110e-01  3.811699386021965e-01  2.321353205081450e-02
5.100000000000010e-01  3.876641952301923e-01  3.644165497563982e-01  2.324764547379410e-02
5.200000000000010e-01  3.710930995386407e-01  3.478553842585212e-01  2.323771528011953e-02
5.300000000000010e-01  3.546871540832494e-01  3.315035104466182e-01  2.318364363663117e-02
5.400000000000010e-01  3.384628011274251e-01  3.153773219889801e-01  2.308547913844494e-02
5.500000000000010e-01  3.224359319702086e-01  2.994925165455971e-01  2.294341542461159e-02
5.600000000000011e-01  3.066218656625657e-01  2.838640763925666e-01  2.275778926999905e-02
5.700000000000011e-01  2.910353291947104e-01  2.685062510274619e-01  2.252907816724847e-02
5.800000000000010e-01  2.756904391822216e-01  2.534325417675857e-01  2.225789741463596e-02
5.900000000000010e-01  2.606006850746039e-01  2.386556883472090e-01  2.194499672739492e-02
6.000000000000010e-01  2.457789139058354e-01  2.241876575139606e-01  2.159125639187479e-02
6.100000000000010e-01  2.312373166022822e-01  2.100396336189058e-01  2.119768298337646e-02
6.200000000000010e-01  2.169874158592537e-01  1.962220111891773e-01  2.076540467007632e-02
6.300000000000010e-01  2.030400555933667e-01  1.827443894666079e-01  2.029566612675873e-02
6.400000000000010e-01  1.894053919738199e-01  1.696155688904853e-01  1.978982308333455e-02
6.500000000000010e-01  1.760928860316255e-01  1.568435494974404e-01  1.924933653418509e-02
6.600000000000010e-01  1.631112978419126e-01  1.444355312065168e-01  1.867576663539583e-02
6.700000000000010e-01  1.504686822704741e-01  1.323979159527345e-01  1.807076631773957e-02
6.800000000000010e-01  1.381723862719060e-01  1.207363116279110e-01  1.743607464399499e-02
6.900000000000011e-01  1.262290477229557e-01  1.094555377832050e-01  1.677350993975064e-02
7.000000000000011e-01  1.146445957710200e-01  9.855963304373344e-02  1.608496272728659e-02
7.100000000000010e-01  1.034242526742184e-01  8.805186418179047e-02  1.537238849242792e-02
7.200000000000010e-01  9.257253710600184e-02  7.793473679157283e-02  1.463780031442902e-02
7.300000000000010e-01  8.209326889398165e-02  6.821000750497525e-02  1.388326138900640e-02
7.400000000000010e-01  7.198957515946035e-02  5.887869768493027e-02  1.311087747453007e-02
7.500000000000010e-01  6.226389782111565e-02  4.994110852992108e-02  1.232278929119457e-02
7.600000000000010e-01  5.291800242339130e-02  4.139683752074142e-02  1.152116490264988e-02
7.700000000000010e-01  4.395298824739834e-02  3.324479613827892e-02  1.070819210911942e-02
7.800000000000010e-01  3.536929965954450e-02  2.548322877905762e-02  9.886070880486875e-03
7.900000000000010e-01  2.716673865067921e-02  1.810973279352343e-02  9.057005857155787e-03
8.000000000000010e-01  1.934447851627852e-02  1.112127957056191e-02  8.223198945716608e-03
8.100000000000011e-01  1.190107862610137e-02  4.514236590506743e-03  7.386842035594626e-03
8.200000000000011e-01  4.834500229834118e-03  -1.715609632059825e-03  6.550109861893944e-03
8.300000000000011e-01  -1.857876756512009e-03  -7.573029795115696e-03  5.715153038603687e-03
8.400000000000010e-01  -8.179236040239650e-03  -1.306332732546664e-02  4.884091285226988e-03
8.500000000000010e-01  -1.413330637582282e-02  -1.819231324451080e-02  4.059006868687974e-03
8.600000000000010e-01  -1.972434218236352e-02  -2.296628046348705e-02  3.241938281123534e-03
8.700000000000010e-01  -2.495710341505280e-02  -2.739197758790357e-02  2.434874172850775e-03
8.800000000000010e-01  -2.983683475188044e-02  -3.147658231031513e-02  1.639747558434688e-03
8.900000000000010e-01  -3.436924415749760e-02  -3.522767446987018e-02  8.584303123725795e-04
9.000000000000010e-01  -3.856048088661584e-02  -3.865320885607838e-02  9.272796946253187e-05
9.100000000000010e-01  -4.241711298962766e-02  -4.176148783307970e-02  -6.556251565479690e-04
9.200000000000010e-01  -4.594610438326042e-02  -4.456113385931570e-02  -1.384970523944727e-03
9.300000000000010e-01  -4.915479154902729e-02  -4.706106197594819e-02  -2.093729573079101e-03
9.400000000000011e-01  -5.205085992202100e-02  -4.927045233561812e-02  -2.780407586402876e-03
9.500000000000011e-01  -5.464232003221534e-02  -5.119872284123612e-02  -3.443597190979211e-03
9.600000000000010e-01  -5.693748345988820e-02  -5.285550196241748e-02  -4.081981497470723e-03
9.700000000000010e-01  -5.894493866608393e-02  -5.425060179496008e-02  -4.694336871123854e-03
9.800000000000010e-01  -6.067352675816905e-02  -5.539399142640757e-02  -5.279535331761474e-03
9.900000000000010e-01  -6.213231724953656e-02  -5.629577066826010e-02  -5.836546581276456e-03
1.000000000000001e+00  -6.333058387136428e-02  -5.696614421279738e-02  -6.364439658566902e-03
1.010000000000001e+00  -6.427778049305541e-02  -5.741539626978356e-02  -6.862384223271845e-03
1.020000000000001e+00  -6.498351720657368e-02  -5.765386573552915e-02  -7.329651471044529e-03
1.030000000000001e+00  -6.545753662835256e-02  -5.769192194391640e-02  -7.765614684436158e-03
1.040000000000001e+00  -6.570969047080810e-02  -5.753994104605534e-02  -8.169749424752765e-03
1.050000000000001e+00  -6.574991643372013e-02  -5.720828306223268e-02  -8.541633371487452e-03
1.060000000000001e+00  -6.558821546388928e-02  -5.670726964677617e-02  -8.880945817113108e-03
1.070000000000001e+00  -6.523462942951681e-02  -5.604716260337141e-02  -9.187466826145400e-03
1.080000000000001e+00  -6.469921925370520e-02  -5.523814318525708e-02  -9.461076068448114e-03
1.090000000000001e+00  -6.399204354936328e-02  -5.429029221160402e-02  -9.701751337759253e-03
1.100000000000001e+00  -6.312313779559001e-02  -5.321357102825093e-02  -9.909566767339076e-03
1.110000000000001e+00  -6.210249409336051e-02  -5.201780333784710e-02  -1.008469075551342e-02
1.120000000000001e+00  -6.094004153601435e-02  -5.071265792133688e-02  -1.022738361467747e-02
1.130000000000001e+00  -5.964562722768312e-02  -4.930763226963773e-02  -1.033799495804540e-02
1.140000000000001e+00  -5.822899798038553e-02  -4.781203714130445e-02  -1.041696083908108e-02
1.150000000000001e+00  -5.669978271808202e-02  -4.623498205895778e-02  -1.046480065912424e-02
1.160000000000001e+00  -5.506747561351007e-02  -4.458536175429007e-02  -1.048211385922000e-02
1.170000000000001e+00  -5.334141998114640e-02  -4.287184356854793e-02  -1.046957641259847e-02
1.180000000000001e+00  -5.153079294714285e-02  -4.110285581255088e-02  -1.042793713459197e-02
1.190000000000001e+00  -4.964459091459312e-02  -3.928657708752182e-02  -1.035801382707130e-02
1.200000000000001e+00  -4.769161583999118e-02  -3.743092656531470e-02  -1.026068927467648e-02
1.210000000000001e+00  -4.568046233427021e-02  -3.554355522400171e-02  -1.013690711026850e-02
1.220000000000001e+00  -4.361950559934576e-02  -3.363183803226400e-02  -9.987667567081755e-03
1.230000000000001e+00  -4.151689020865044e-02  -3.170286707358700e-02  -9.814023135063445e-03
1.240000000000001e+00  -3.938051973775435e-02  -2.976344559893730e-02  -9.617074138817051e-03
1.250000000000001e+00  -3.721804724878521e-02  -2.782008299435712e-02  -9.397964254428095e-03
1.260000000000001e+00  -3.503686663005691e-02  -2.587899064779361e-02  -9.157875982263294e-03
1.270000000000001e+00  -3.284410479003121e-02  -2.394607869745970e-02  -8.898026092571509e-03
1.280000000000001e+00  -3.064661470253166e-02  -2.202695364212237e-02  -8.619661060409293e-03
1.290000000000001e+00  -2.845096929796554e-02  -2.012691679192495e-02  -8.324052506040597e-03
1.300000000000001e+00  -2.626345619322416e-02  -1.825096353667846e-02  -8.012492656545692e-03
1.310000000000001e+00  -2.409007325091258e-02  -1.640378340700215e-02  -7.686289843910434e-03
1.320000000000001e+00  -2.193652495660704e-02  -1.458976090226300e-02  -7.346764054344035e-03
1.330000000000001e+00  -1.980821960097910e-02  -1.281297705794645e-02  -6.995242543032654e-03
1.340000000000001e+00  -1.771026725183264e-02  -1.107721172390003e-02  -6.633055527932610e-03
1.350000000000001e+00  -1.564747849940169e-02  -9.385946523816933e-03  -6.261531975584760e-03
1.360000000000001e+00  -1.362436395664130e-02  -7.742368465374847e-03  -5.881995491266451e-03
1.370000000000001e+00  -1.164513449472276e-02  -6.149374169610901e-03  -5.495760325111856e-03
1.380000000000001e+00  -9.713702192512226e-03  -4.609574687397157e-03  -5.104127505115070e-03
1.390000000000001e+00  -7.833681977476945e-03  -3.125300870281814e-03  -4.708381107195131e-03
1.400000000000001e+00  -6.008393934223449e-03  -1.698609262475940e-03  -4.309784671747510e-03
1.410000000000001e+00  -4.240866255730775e-03  -3.312884803927504e-04  -3.909577775338025e-03
1.420000000000001e+00  -2.533838811297520e-03  9.751339541170065e-04  -3.508972765414527e-03
1.430000000000001e+00  -8.897673042779385e-04  2.219384360844446e-03  -3.109151665122384e-03
1.440000000000001e+00  6.891720081628141e-04  3.400435262680376e-03  -2.711263254517562e-03
1.450000000000001e+00  2.201077061789969e-03  4.517497395464564e-03  -2.316420333674594e-03
1.460000000000001e+00  3.644314227697891e-03  5.570011400091611e-03  -1.925697172393720e-03
1.470000000000001e+00  5.017512080076335e-03  6.557639230498005e-03  -1.540127150421670e-03
1.480000000000001e+00  6.319554719503220e-03  7.480255310821290e-03  -1.160700591318070e-03
1.490000000000001e+00  7.549574682277200e-03  8.337937474605572e-03  -7.883627923283721e-04
1.500000000000001e+00  8.706945466561831e-03  9.130957718424204e-03  -4.240122518623726e-04
1.510000000000001e+00  9.791273706278131e-03  9.859772801714139e-03  -6.849909543600770e-05
1.520000000000001e+00  1.080239102375606e-02  1.052501472396065e-02  2.773762997954118e-04
1.530000000000001e+00  1.174034559213989e-02  1.112748110965095e-02  6.128644824889423e-04
1.540000000000001e+00  1.260539343844062e-02  1.166812553062532e-02  9.372679078152989e-04
1.550000000000001e+00  1.339798951793990e-02  1.214804779460937e-02  1.249941723330523e-03
1.560000000000001e+00  1.411877859038415e-02  1.256848422780332e-02  1.550294362580832e-03
1.570000000000001e+00  1.476858592805788e-02  1.293079797845257e-02  1.837787949605315e-03
1.580000000000001e+00  1.534840788540375e-02  1.323646936731936e-02  2.111938518084387e-03
1.590000000000001e+00  1.585940235936295e-02  1.348708630993262e-02  2.372316049430332e-03
1.600000000000001e+00  1.630287916904386e-02  1.368433483441034e-02  2.618544334633523e-03
1.610000000000001e+00  1.668029038269829e-02  1.382998971753548e-02  2.850300665162809e-03
1.620000000000001e+00  1.699322061929603e-02  1.392590526062237e-02  3.067315358673666e-03
1.630000000000001e+00  1.724337735123591e-02  1.397400622554363e-02  3.269371125692283e-03
1.640000000000001e+00  1.743258123393106e-02  1.397627895010065e-02  3.456302283830407e-03
1.650000000000001e+00  1.756275648715279e-02  1.393476266071922e-02  3.627993826433577e-03
1.660000000000001e+00  1.763592135211645e-02  1.385154099923639e-02  3.784380352880057e-03
1.670000000000001e+00  1.765417864735114e-02  1.372873377932698e-02  3.925444868024153e-03
1.680000000000001e+00  1.761970644541446e-02  1.356848898689034e-02  4.051217458524123e-03
1.690000000000001e+00  1.753474889149862e-02  1.337297503749911e-02  4.161773853999516e-03
1.700000000000001e+00  1.740160718392817e-02  1.314437330278806e-02  4.257233881140110e-03
1.710000000000001e+00  1.722263073547710e-02  1.288487091645533e-02  4.337759819021764e-03
1.720000000000001e+00  1.700020853333941e-02  1.259665386934259e-02  4.403554663996822e-03
1.730000000000001e+00  1.673676071447284e-02  1.228190040188150e-02  4.454860312591338e-03
1.740000000000001e+00  1.643473037190790e-02  1.194277470102222e-02  4.491955670885684e-03
1.750000000000001e+00  1.609657560647372e-02  1.158142090761457e-02  4.515154698859158e-03
1.760000000000001e+00  1.572476183724838e-02  1.119995743908886e-02  4.524804398159518e-03
1.770000000000001e+00  1.532175438288750e-02  1.080047163118624e-02  4.521282751701255e-03
1.780000000000001e+00  1.489001132483756e-02  1.038501470141884e-02  4.504996623418725e-03
1.790000000000001e+00  1.443197666229206e-02  9.955597035902911e-03  4.476379626389150e-03
1.800000000000001e+00  1.395007376760755e-02  9.514183800201746e-03  4.435889967405803e-03
1.810000000000001e+00  1.344669914976731e-02  9.062690873845288e-03  4.384008275922027e-03
1.820000000000001e+00  1.292421653236264e-02  8.602981107258824e-03  4.321235425103813e-03
1.830000000000001e+00  1.238495125145907e-02  8.136860898937543e-03  4.248090352521522e-03
1.840000000000001e+00  1.183118497763290e-02  7.666077089846401e-03  4.165107887786497e-03
1.850000000000001e+00  1.126515076540212e-02  7.192314171209583e-03  4.072836594192534e-03
1.860000000000001e+00  1.068902843223779e-02  6.717191801078481e-03  3.971836631159307e-03
1.870000000000001e+00  1.010494026833126e-02  6.242262624336150e-03  3.862677643995110e-03
1.880000000000001e+00  9.514947077310775e-03  5.769010390107357e-03  3.745936687203418e-03
1.890000000000001e+00  8.921044547147931e-03  5.298848359898737e-03  3.622196187249194e-03
1.900000000000001e+00  8.325159949577717e-03  4.833117999192570e-03  3.492041950385147e-03
1.910000000000001e+00  7.729149165469571e-03  4.373087944662882e-03  3.356061220806689e-03
1.920000000000001e+00  7.134794032738764e-03  3.919953238669027e-03  3.214840794069737e-03
1.930000000000001e+00  6.543800012577454e-03  3.474834822217181e-03  3.068965190360273e-03
1.940000000000001e+00  5.957794169011665e-03  3.038779277155561e-03  2.919014891856103e-03
1.950000000000001e+00  5.378323456058135e-03  2.612758807991215e-03  2.765564648066920e-03
1.960000000000001e+00  4.806853306064080e-03  2.197671453381073e-03  2.609181852683007e-03
1.970000000000001e+00  4.244766512163212e-03  1.794341517056714e-03  2.450424995106498e-03
1.980000000000001e+00  3.693362397173741e-03  1.403520207693322e-03  2.289842189480419e-03
1.990000000000001e+00  3.153856260699344e-03  1.025886477023757e-03  2.127969783675586e-03
2.000000000000001e+00  2.627379095673655e-03  6.620480453305988e-04  1.965331050343056e-03
2.010000000000001e+00  2.114977565109871e-03  3.125426033210993e-04  1.802434961788772e-03
2.020000000000001e+00  1.617614229383891e-03  -2.216082070103694e-05  1.639775050084928e-03
2.030000000000001e+00  1.136168013986573e-03  -3.416603395053841e-04  1.477828353491957e-03
2.040000000000001e+00  6.714349073350418e-04  -6.456195426013410e-04  1.317054449936383e-03
2.050000000000001e+00  2.241288779259473e-04  -9.337657000388221e-04  1.157894577964769e-03
2.060000000000001e+00  -2.051170001474885e-04  -1.205887845429018e-03  1.000770845281529e-03
2.070000000000001e+00  -6.157492245148189e-04  -1.461834749187865e-03  8.460855246730458e-04
2.080000000000001e+00  -1.007292356063218e-03  -1.701512792891182e-03  6.942204368279633e-04
2.090000000000001e+00  -1.379347336206669e-03  -1.924883755487583e-03  5.455364192809144e-04
2.100000000000001e+00  -1.731589641508477e-03  -2.131962521945056e-03  4.003728804365795e-04
2.110000000000001e+00  -2.063767287337263e-03  -2.322814724711479e-03  2.590474373742168e-04
2.120000000000001e+00  -2.375698692261638e-03  -2.497554328148752e-03  1.218556358871144e-04
2.130000000000001e+00  -2.667270414876006e-03  -2.656341165857591e-03  -1.092924901841463e-05
2.140000000000001e+00  -2.938434774704250e-03  -2.799378440546459e-03  -1.390563341577911e-04
2.150000000000001e+00  -3.189207368746648e-03  -2.926910195814622e-03  -2.622971729320253e-04
2.160000000000001e+00  -3.419664495124163e-03  -3.039218768919219e-03  -3.804457262049435e-04
2.170000000000001e+00  -3.629940495129356e-03  -3.136622233278113e-03  -4.933182618512433e-04
2.180000000000001e+00  -3.820225024822711e-03  -3.219471839130880e-03  -6.007531856918311e-04
2.190000000000001e+00  -3.990760267110721e-03  -3.288149460434158e-03  -7.026108066765634e-04
2.200000000000001e+00  -4.141838095017582e-03  -3.343065055713806e-03  -7.987730393037755e-04
2.210000000000001e+00  -4.273797196609667e-03  -3.384654150230090e-03  -8.891430463795771e-04
2.220000000000001e+00  -4.387020171759719e-03  -3.413375346439692e-03  -9.736448253200268e-04
2.230000000000001e+00  -4.481930610640486e-03  -3.429707869357806e-03  -1.052222741282680e-03
2.240000000000001e+00  -4.558990163524719e-03  -3.434149153038857e-03  -1.124841010485862e-03
2.250000000000001e+00  -4.618695611133642e-03  -3.427212474005217e-03  -1.191483137128425e-03
2.260000000000001e+00  -4.661575944428260e-03  -3.409424637062082e-03  -1.252151307366178e-03
2.270000000000001e+00  -4.688189462373030e-03  -3.381323718544165e-03  -1.306865743828865e-03
2.280000000000001e+00  -4.699120895825123e-03  -3.343456871647940e-03  -1.355664024177183e-03
2.290000000000001e+00  -4.694978565313860e-03  -3.296378198111952e-03  -1.398600367201908e-03
2.300000000000001e+00  -4.676391580077254e-03  -3.240646690120070e-03  -1.435744889957184e-03
2.310000000000001e+00  -4.644007085315731e-03  -3.176824245917834e-03  -1.467182839397897e-03
2.320000000000001e+00  -4.598487564211395e-03  -3.105473762252607e-03  -1.493013801958788e-03
2.330000000000001e+00  -4.540508200841953e-03  -3.027157306374584e-03  -1.513350894467369e-03
2.340000000000001e+00  -4.470754309698299e-03  -2.942434369968581e-03  -1.528319939729718e-03
2.350000000000001e+00  -4.389918837089920e-03  -2.851860207027509e-03  -1.538058630062410e-03
2.360000000000001e+00  -4.298699939299058e-03  -2.755984257327436e-03  -1.542715681971622e-03
2.370000000000001e+00  -4.197798641920129e-03  -2.655348656822769e-03  -1.542449985097360e-03
2.380000000000001e+00  -4.087916584399385e-03  -2.550486835948816e-03  -1.537429748450569e-03
2.390000000000001e+00  -3.969753853371643e-03  -2.441922206497583e-03  -1.527831646874060e-03
2.400000000000001e+00  -3.844006907976198e-03  -2.330166937424193e-03  -1.513839970552005e-03
2.410000000000001e+00  -3.711366599925966e-03  -2.215720819641904e-03  -1.495645780284062e-03
2.420000000000001e+00  -3.572516290702156e-03  -2.099070219579992e-03  -1.473446071122164e-03
2.430000000000001e+00  -3.428130067851953e-03  -1.980687121004100e-03  -1.447442946847852e-03
2.440000000000001e+00  -3.278871061982068e-03  -1.861028254340458e-03  -1.417842807641609e-03
2.450000000000001e+00  -3.125389865664315e-03  -1.740534312497144e-03  -1.384855553167171e-03
2.460000000000001e+00  -2.968323055104445e-03  -1.619629251944197e-03  -1.348693803160248e-03
2.470000000000001e+00  -2.808291815070610e-03  -1.498719677593805e-03  -1.309572137476805e-03
2.480000000000001e+00  -2.645900667235837e-03  -1.378194309817272e-03  -1.267706357418565e-03
2.490000000000001e+00  -2.481736301758895e-03  -1.258423531743765e-03  -1.223312770015130e-03
2.500000000000001e+00  -2.316366511611008e-03  -1.139759014808425e-03  -1.176607496802583e-03
2.510000000000001e+00  -2.150339228852999e-03  -1.022533420354363e-03  -1.127805808498636e-03
2.520000000000001e+00  -1.984181661778696e-03  -9.070601749432718e-04  -1.077121486835424e-03
2.530000000000001e+00  -1.818399531565451e-03  -7.936333168941843e-04  -1.024766214671267e-03
2.540000000000001e+00  -1.653476406813805e-03  -6.825274114479058e-04  -9.709489953658995e-04
2.550000000000001e+00  -1.489873134113199e-03  -5.739975318461841e-04  -9.158756022670148e-04
2.560000000000001e+00  -1.328027362542095e-03  -4.682793035202236e-04  -8.597480590218714e-04
2.570000000000001e+00  -1.168353159797060e-03  -3.655890085006047e-04  -8.027641512964550e-04
2.580000000000001e+00  -1.011240717447346e-03  -2.661237470920939e-04  -7.451169703552524e-04
2.590000000000001e+00  -8.570561426294479e-04  -1.700616537999663e-04  -6.869944888294816e-04
2.600000000000001e+00  -7.061413333290604e-04  -7.756216444992259e-05  -6.285791688791378e-04
2.610000000000001e+00  -5.588139342473434e-04  1.123366858887667e-05  -5.700476028362200e-04
2.620000000000001e+00  -4.153673701120964e-04  9.620281618934399e-05  -5.115701863014405e-04
2.630000000000001e+00  -2.760709531750078e-04  1.772398703831606e-04  -4.533108235581683e-04
2.640000000000001e+00  -1.411700615301695e-04  2.542566035301063e-04  -3.954266650602759e-04
2.650000000000001e+00  -1.088638479971298e-05  3.271814918522005e-04  -3.380678766519135e-04
2.660000000000001e+00  1.145817663441131e-04  3.959592064240136e-04  -2.813774400799004e-04
2.670000000000001e+00  2.350590904116300e-04  4.605500746819183e-04  -2.254909842702882e-04
2.680000000000001e+00  3.503928687221315e-04  5.209295154772572e-04  -1.705366467551257e-04
2.690000000000001e+00  4.604524860967641e-04  5.770874506518769e-04  -1.166349645551129e-04
2.700000000000001e+00  5.651289023112450e-04  6.290276960616428e-04  -6.389879375039782e-05
2.710000000000001e+00  6.643340780094628e-04  6.767673349117411e-04  -1.243325690227838e-05
2.720000000000001e+00  7.580003587752395e-04  7.203360762008766e-04  3.766428257436297e-05
2.730000000000001e+00  8.460798210429811e-04  7.597756009970553e-04  8.630422004592586e-05
2.740000000000001e+00  9.285435835008958e-04  7.951388991886075e-04  1.334046843122883e-04
2.750000000000001e+00  1.005381087602383e-03  8.264895992693549e-04  1.788914883330278e-04
2.760000000000001e+00  1.076599350753082e-03  8.539012936276595e-04  2.226980571254221e-04
2.770000000000001e+00  1.142222195683191e-03  8.774568617154205e-04  2.647653339677710e-04
2.780000000000001e+00  1.202289459447785e-03  8.972477933763690e-04  3.050416660714155e-04
2.790000000000001e+00  1.256856185422627e-03  9.133735145119260e-04  3.434826709107013e-04
2.800000000000001e+00  1.305991801579847e-03  9.259407171607533e-04  3.800510844190935e-04
2.810000000000001e+00  1.349779288236882e-03  9.350626959616469e-04  4.147165922752349e-04
2.820000000000001e+00  1.388314338375369e-03  9.408586928630256e-04  4.474556455123435e-04
2.830000000000001e+00  1.421704513522815e-03  9.434532518330281e-04  4.782512616897867e-04
2.840000000000001e+00  1.450068398081230e-03  9.429755852148534e-04  5.070928128663765e-04
2.850000000000001e+00  1.473534754872597e-03  9.395589532615946e-04  5.339758016110024e-04
2.860000000000001e+00  1.492241684553100e-03  9.333400582742175e-04  5.589016262788827e-04
2.870000000000001e+00  1.506335791425374e-03  9.244584546563501e-04  5.818773367690243e-04
2.880000000000001e+00  1.515971358052943e-03  9.130559760893736e-04  6.029153819635693e-04
2.890000000000001e+00  1.521309530952469e-03  8.992761809225601e-04  6.220333500299094e-04
2.900000000000001e+00  1.522517519509043e-03  8.832638167653855e-04  6.392537027436579e-04
2.910000000000001e+00  1.519767810127799e-03  8.651643051625330e-04  6.546035049652656e-04
2.920000000000001e+00  1.513237397501436e-03  8.451232471280203e-04  6.681141503734155e-04
2.930000000000001e+00  1.503107034739392e-03  8.232859502120657e-04  6.798210845273265e-04
2.940000000000001e+00  1.489560503970285e-03  7.997969776745616e-04  6.897635262957236e-04
2.950000000000001e+00  1.472783908894768e-03  7.747997202409296e-04  6.979841886538386e-04
2.960000000000001e+00  1.452964990632992e-03  7.484359908216817e-04  7.045289998113101e-04
2.970000000000001e+00  1.430292468078234e-03  7.208456424847452e-04  7.094468255934891e-04
2.980000000000001e+00  1.404955403837740e-03  6.921662098808827e-04  7.127891939568578e-04
2.990000000000001e+00  1.377142596712293e-03  6.625325742369763e-04  7.146100224753166e-04
3.000000000000001e+00  1.347042001539895e-03  6.320766519495781e-04  7.149653495903168e-04
3.010000000000001e+00  1.314840177104159e-03  6.009271067327909e-04  7.139130703713677e-04
3.020000000000001e+00  1.280721762686775e-03  5.692090851990927e-04  7.115126774876822e-04
3.030000000000001e+00  1.244868983725151e-03  5.370439756808798e-04  7.078250080442713e-04
3.040000000000001e+00  1.207461186921368e-03  5.045491900326104e-04  7.029119968887579e-04
3.050000000000001e+00  1.168674405037326e-03  4.718379680899600e-04  6.968364369473661e-04
3.060000000000001e+00  1.128680951503615e-03  4.390192044027039e-04  6.896617471009107e-04
3.070000000000001e+00  1.087649044866260e-03  4.061972968019789e-04  6.814517480642807e-04
3.080000000000001e+00  1.045742462996371e-03  3.734720163109529e-04  6.722704466854185e-04
3.090000000000001e+00  1.003120226893291e-03  3.409383978596880e-04  6.621818290336030e-04
3.100000000000001e+00  9.599363138210943e-04  3.086866512211570e-04  6.512496625999374e-04
3.110000000000001e+00  9.163393994335918e-04  2.768020915451042e-04  6.395373078884876e-04
3.120000000000001e+00  8.724726284614861e-04  2.453650888300197e-04  6.271075396314664e-04
3.130000000000001e+00  8.284734134598683e-04  2.144510356413365e-04  6.140223778185318e-04
3.140000000000001e+00  7.844732610428874e-04  1.841303323547881e-04  6.003429286880993e-04
3.150000000000001e+00  7.405976249665220e-04  1.544683891790202e-04  5.861292357875017e-04
3.160000000000001e+00  6.969657853588992e-04  1.255256441900374e-04  5.714401411688619e-04
3.170000000000001e+00  6.536907533415182e-04  9.735759659195421e-05  5.563331567495641e-04
3.180000000000001e+00  6.108792002331712e-04  7.001485440404086e-05  5.408643458291304e-04
3.190000000000001e+00  5.686314104821136e-04  4.354319576276282e-05  5.250882147193508e-04
3.200000000000001e+00  5.270412574299881e-04  1.798364301934985e-05  5.090576144106383e-04
3.210000000000001e+00  4.861962009745668e-04  -6.627451191477923e-06  4.928236521660448e-04
3.220000000000001e+00  4.461773061658103e-04  -3.025830673811013e-05  4.764356129039205e-04
3.230000000000001e+00  4.070592817424317e-04  -5.288160845963340e-05  4.599408902020651e-04
3.240000000000001e+00  3.689105375928564e-04  -7.447438913659452e-05  4.433849267294509e-04
3.250000000000001e+00  3.317932601060985e-04  -9.501790378104402e-05  4.268111638871425e-04
3.260000000000001e+00  2.957635043633367e-04  -1.144974960535054e-04  4.102610004168421e-04
3.270000000000001e+00  2.608713021110790e-04  -1.329024576036626e-04  3.937737597147416e-04
3.280000000000001e+00  2.271607844502593e-04  -1.502258811186562e-04  3.773866655689156e-04
3.290000000000001e+00  1.946703181735135e-04  -1.664645078478358e-04  3.611348260213493e-04
3.300000000000001e+00  1.634326546839809e-04  -1.816185703560544e-04  3.450512250400353e-04
3.310000000000001e+00  1.334750904340247e-04  -1.956916312389085e-04  3.291667216729332e-04
3.320000000000001e+00  1.048196378303802e-04  -2.086904185132369e-04  3.135100563436171e-04
3.330000000000001e+00  7.748320556377195e-05  -2.206246583743921e-04  2.981078639381640e-04
3.340000000000001e+00  5.147778733548060e-05  -2.315069059890569e-04  2.829846933245375e-04
3.350000000000001e+00  2.681065797073359e-05  -2.413523749680450e-04  2.681630329387786e-04
3.360000000000001e+00  3.484575928662395e-06  -2.501787661384182e-04  2.536633420670806e-04
3.370000000000001e+00  -1.850200875878216e-05  -2.580060962081388e-04  2.395040874493566e-04
3.380000000000001e+00  -3.915474206184192e-05  -2.648565268895630e-04  2.257017848277210e-04
3.390000000000001e+00  -5.848314995794270e-05  -2.707541950205666e-04  2.122710450626239e-04
3.400000000000001e+00  -7.650041975361711e-05  -2.757250441939464e-04  1.992246244403293e-04
3.410000000000001e+00  -9.322317958008000e-05  -2.797966583772575e-04  1.865734787971775e-04
3.420000000000001e+00  -1.086712768865182e-04  -2.829980979764689e-04  1.743268210899507e-04
3.430000000000001e+00  -1.228675567219588e-04  -2.853597387676886e-04  1.624921820457298e-04
3.440000000000001e+00  -1.358376405616380e-04  -2.869131140923313e-04  1.510754735306933e-04
3.450000000000001e+00  -1.476097063977891e-04  -2.876907606817083e-04  1.400810542839192e-04
3.460000000000001e+00  -1.582142707782104e-04  -2.877260684483782e-04  1.295117976701678e-04
3.470000000000001e+00  -1.676839734384740e-04  -2.870531345525559e-04  1.193691611140819e-04
3.480000000000001e+00  -1.760533651354807e-04  -2.857066220236360e-04  1.096532568881554e-04
3.490000000000001e+00  -1.833586992518059e-04  -2.837216231884776e-04  1.003629239366717e-04
3.500000000000001e+00  -1.896377277015029e-04  -2.811335281308883e-04  9.149580042938546e-05
3.510000000000001e+00  -1.949295016292810e-04  -2.779778983791894e-04  8.304839674990838e-05
3.520000000000001e+00  -1.992741773561666e-04  -2.742903459923863e-04  7.501616863621964e-05
3.530000000000001e+00  -2.027128279862442e-04  -2.701064181897376e-04  6.739359020349340e-05
3.540000000000001e+00  -2.052872610506444e-04  -2.654614876430061e-04  6.017422659236171e-05
3.550000000000001e+00  -2.070398425272583e-04  -2.603906485267067e-04  5.335080599944836e-05
3.560000000000001e+00  -2.080133275369382e-04  -2.549286183975318e-04  4.691529086059353e-05
3.570000000000001e+00  -2.082506979806067e-04  -2.491096459520205e-04  4.085894797141378e-05
3.580000000000001e+00  -2.077950073453268e-04  -2.429674246890974e-04  3.517241734377063e-05
3.590000000000001e+00  -2.066892328723970e-04  -2.365350124836086e-04  2.984577961121158e-05
3.600000000000001e+00  -2.049761352462323e-04  -2.298447570568015e-04  2.486862181056917e-05
3.610000000000001e+00  -2.026981259293171e-04  -2.229282273107376e-04  2.023010138142055e-05
3.620000000000001e+00  -1.998971422365723e-04  -2.158161504756454e-04  1.591900823907314e-05
3.630000000000001e+00  -1.966145302110546e-04  -2.085383550022165e-04  1.192382479116191e-05
3.640000000000001e+00  -1.928909353332507e-04  -2.011237191148784e-04  8.232783781627733e-06
3.650000000000001e+00  -1.887662010673502e-04  -1.936001249271320e-04  4.833923859781793e-06
3.660000000000001e+00  -1.842792752205139e-04  -1.859944180061259e-04  1.715142785611981e-06
3.670000000000001e+00  -1.794681240652405e-04  -1.783323722607502e-04  -1.135751804490280e-06
3.680000000000001e+00  -1.743696541498535e-04  -1.706386600156680e-04  -3.730994134185502e-06
3.690000000000001e+00  -1.690196416992085e-04  -1.629368271229673e-04  -6.082814576241122e-06
3.700000000000001e+00  -1.634526694854090e-04  -1.552492729530322e-04  -8.203396532376734e-06
3.710000000000001e+00  -1.577020710280256e-04  -1.475972350977320e-04  -1.010483593029361e-05
3.720000000000001e+00  -1.517998819641062e-04  -1.400007786108703e-04  -1.179910335323591e-05
3.730000000000001e+00  -1.457767984106346e-04  -1.324787896041259e-04  -1.329800880650871e-05
3.740000000000001e+00  -1.396621421258419e-04  -1.250489730106612e-04  -1.461316911518067e-05
3.750000000000001e+00  -1.334838322609244e-04  -1.177278543236031e-04  -1.575597793732137e-05
3.760000000000001e+00  -1.272683634804279e-04  -1.105307851123256e-04  -1.673757836810234e-05
3.770000000000001e+00  -1.210407902173508e-04  -1.034719521163018e-04  -1.756883810104900e-05
3.780000000000001e+00  -1.148247168185907e-04  -9.656438971380098e-05  -1.826032710478975e-05
3.790000000000001e+00  -1.086422933269517e-04  -8.981999556090179e-05  -1.882229776604991e-05
3.800000000000001e+00  -1.025142166379504e-04  -8.324954919561519e-05  -1.926466744233520e-05
3.810000000000001e+00  -9.645973676313670e-05  -7.686273340165578e-05  -1.959700336148092e-05
3.820000000000001e+00  -9.049666792602555e-05  -7.066815812688937e-05  -1.982850979913617e-05
3.830000000000001e+00  -8.464140421275630e-05  -6.467338675283120e-05  -1.996801745992510e-05
3.840000000000001e+00  -7.890893949644429e-05  -5.888496451333359e-05  -2.002397498311070e-05
3.850000000000001e+00  -7.331289135236756e-05  -5.330844886304782e-05  -2.000444248931974e-05
3.860000000000001e+00  -6.786552868043748e-05  -4.794844159933776e-05  -1.991708708109972e-05
3.870000000000001e+00  -6.257780275147882e-05  -4.280862254472776e-05  -1.976918020675106e-05
3.880000000000001e+00  -5.745938139538754e-05  -3.789178460111607e-05  -1.956759679427147e-05
3.890000000000001e+00  -5.251868605120716e-05  -3.319986999131063e-05  -1.931881605989654e-05
3.900000000000001e+00  -4.776293140247773e-05  -2.873400750852803e-05  -1.902892389394970e-05
3.910000000000001e+00  -4.319816732502832e-05  -2.449455059948496e-05  -1.870361672554336e-05
3.920000000000001e+00  -3.882932287930561e-05  -2.048111611261535e-05  -1.834820676669025e-05
3.930000000000001e+00  -3.466025208469792e-05  -1.669262354856334e-05  -1.796762853613458e-05
3.940000000000001e+00  -3.069378121960177e-05  -1.312733465654982e-05  -1.756644656305195e-05
3.950000000000001e+00  -2.693175739773457e-05  -9.782893226383179e-06  -1.714886417135139e-05
3.960000000000001e+00  -2.337509817874637e-05  -6.656364932713808e-06  -1.671873324603256e-05
3.970000000000001e+00  -2.002384197888698e-05  -3.744277094776825e-06  -1.627956488411015e-05
3.980000000000001e+00  -1.687719905617232e-05  -1.042658221895074e-06  -1.583454083427725e-05
3.990000000000001e+00  -1.393360285311074e-05  1.452922778029612e-06  -1.538652563114036e-05
4.000000000000001e+00  -1.119076148940845e-05  3.747317842554684e-06  -1.493807933196314e-05
4.010000000000001e+00  -8.645709206523194e-06  5.845761559740103e-06  -1.449147076626330e-05
4.020000000000001e+00  -6.294857575748767e-06  7.753833635455940e-06  -1.404869121120471e-05
4.030000000000001e+00  -4.134046291641641e-06  9.477422116812552e-06  -1.361146840845419e-05
4.040000000000001e+00  -2.158593382637620e-06  1.102268745876386e-05  -1.318128084140148e-05
4.050000000000001e+00  -3.633446812142726e-07  1.239602751341737e-05  -1.275937219463164e-05
4.060000000000001e+00  1.257277593700042e-06  1.360404351481171e-05  -1.234676592111167e-05
4.070000000000001e+00  2.709227278884250e-06  1.465350712484171e-05  -1.194427984595746e-05
4.080000000000001e+00  3.998787859831641e-06  1.555132859912256e-05  -1.155254073929091e-05
4.090000000000001e+00  5.132527330509696e-06  1.630452612498802e-05  -1.117199879447833e-05
4.100000000000001e+00  6.117254425270197e-06  1.692019637712358e-05  -1.080294195185338e-05
4.110000000000001e+00  6.959976318184370e-06  1.740548632995919e-05  -1.044551001177482e-05
4.120000000000001e+00  7.667857874736428e-06  1.776756635976863e-05  -1.009970848503220e-05
4.130000000000001e+00  8.248182531052147e-06  1.801360466328078e-05  -9.765422132228638e-06
4.140000000000001e+00  8.708314865787466e-06  1.815074301381994e-05  -9.442428148032473e-06
4.150000000000001e+00  9.055664920517028e-06  1.818607387039927e-05  -9.130408949882246e-06
4.160000000000001e+00  9.297654314903589e-06  1.812661884964093e-05  -8.828964534737339e-06
4.170000000000001e+00  9.441684194064843e-06  1.797930856541502e-05  -8.537624371350179e-06
4.180000000000001e+00  9.495105036673923e-06  1.775096383594733e-05  -8.255858799273405e-06
4.190000000000001e+00  9.465188343955026e-06  1.744827825359436e-05  -7.983089909639331e-06
4.200000000000001e+00  9.359100221604900e-06  1.707780210793695e-05  -7.718701886332048e-06
4.210000000000001e+00  9.183876858865543e-06  1.664592764867840e-05  -7.462050789812857e-06
4.220000000000001e+00  8.946401901584819e-06  1.615887567087682e-05  -7.212473769292004e-06
4.230000000000001e+00  8.653385709038292e-06  1.562268340132726e-05  -6.969297692288964e-06
4.240000000000001e+00  8.311346477568594e-06  1.504319366147830e-05  -6.731847183909703e-06
4.250000000000001e+00  7.926593207877639e-06  1.442604527907654e-05  -6.499452071198906e-06
4.260000000000001e+00  7.505210486804948e-06  1.377666471780140e-05  -6.271454230996451e-06
4.270000000000001e+00  7.053045048941296e-06  1.310025889144732e-05  -6.047213842506023e-06
4.280000000000001e+00  6.575694078381862e-06  1.240180912680453e-05  -5.826115048422663e-06
4.290000000000001e+00  6.078495206026523e-06  1.168606623714650e-05  -5.607571031119978e-06
4.300000000000001e+00  5.566518153650926e-06  1.095754666637614e-05  -5.391028512725218e-06
4.310000000000001e+00  5.044557971969339e-06  1.022052966203552e-05  -5.175971690066178e-06
4.320000000000001e+00  4.517129816342505e-06  9.479055434005792e-06  -4.961925617663287e-06
4.330000000000001e+00  3.988465200637710e-06  8.736924254423801e-06  -4.748459053786091e-06
4.340000000000001e+00  3.462509666969358e-06  7.997696453281293e-06  -4.535186786311935e-06
4.350000000000001e+00  2.942921806573722e-06  7.264693263357963e-06  -4.321771456784241e-06
4.360000000000001e+00  2.433073565095607e-06  6.540998467514458e-06  -4.107924902418851e-06
4.370000000000001e+00  1.936051763773660e-06  5.829460800913013e-06  -3.893409037139353e-06
4.380000000000001e+00  1.454660766732327e-06  5.132697060511964e-06  -3.678036293779637e-06
4.390000000000001e+00  9.914262234976504e-07  4.453095874087774e-06  -3.461669650590123e-06
4.400000000000001e+00  5.485998151803297e-07  3.792822081157147e-06  -3.244222265976817e-06
4.410000000000001e+00  1.281649323696000e-07  3.153821678433264e-06  -3.025656746063664e-06
4.420000000000001e+00  -2.681567872989800e-07  2.537827282855350e-06  -2.805984070154330e-06
4.430000000000001e+00  -6.388981338249209e-07  1.946364065809779e-06  -2.585262199634700e-06
4.440000000000001e+00  -9.828382831548446e-07  1.380756112847729e-06  -2.363594396002574e-06
4.450000000000001e+00  -1.298994109861565e-06  8.421331640167813e-07  -2.141127273878346e-06
4.460000000000001e+00  -1.586610923969297e-06  3.314376908808150e-07  -1.918048614850112e-06
4.470000000000001e+00  -1.845152700513724e-06  -1.505677326409166e-07  -1.694584967872807e-06
4.480000000000001e+00  -2.074291869057955e-06  -6.032928074013465e-07  -1.470999061656609e-06
4.490000000000001e+00  -2.273898728811175e-06  -1.026311674557852e-06  -1.247587054253323e-06
4.500000000000001e+00  -2.444030553242822e-06  -1.419354908772144e-06  -1.024675644470679e-06
4.510000000000001e+00  -2.584920446142595e-06  -1.782301376797200e-06  -8.026190693453952e-07
4.520000000000001e+00  -2.696966009000286e-06  -2.115169997865967e-06  -5.817960111343192e-07
4.530000000000001e+00  -2.780717877449613e-06  -2.418111440642281e-06  -3.626064368073319e-07
4.540000000000001e+00  -2.836868182067117e-06  -2.691399790108290e-06  -1.454683919588268e-07
4.550000000000001e+00  -2.866238986448506e-06  -2.935424215940806e-06  6.918522949230085e-08
4.560000000000001e+00  -2.869770753032674e-06  -3.150680672553010e-06  2.809099195203355e-07
4.570000000000001e+00  -2.848510884379302e-06  -3.337763659111097e-06  4.892527747317951e-07
4.580000000000001e+00  -2.803602385080337e-06  -3.497358066282422e-06  6.937556812020848e-07
4.590000000000001e+00  -2.736272686683034e-06  -3.630231134760784e-06  8.939584480777507e-07
4.600000000000001e+00  -2.647822675310491e-06  -3.737224548902016e-06  1.089401873591525e-06
4.610000000000001e+00  -2.539615958832568e-06  -3.819246687171100e-06  1.279630728338532e-06
4.620000000000001e+00  -2.413068407661441e-06  -3.877265049340866e-06  1.464196641679425e-06
4.630000000000001e+00  -2.269638000482007e-06  -3.912298878821598e-06  1.642660878339590e-06
4.640000000000001e+00  -2.110815003376203e-06  -3.925411996763219e-06  1.814596993387016e-06
4.650000000000001e+00  -1.938112508102662e-06  -3.917705862999274e-06  1.979593354896612e-06
4.660000000000001e+00  -1.753057352508944e-06  -3.890312877298911e-06  2.137255524789967e-06
4.670000000000001e+00  -1.557181443338623e-06  -3.844389932811279e-06  2.287208489472656e-06
4.680000000000001e+00  -1.352013499133011e-06  -3.781112232082082e-06  2.429098732949071e-06
4.690000000000001e+00  -1.139071228174565e-06  -3.701667374552054e-06  2.562596146377489e-06
4.700000000000001e+00  -9.198539540670331e-07  -3.607249722915188e-06  2.687395768848155e-06
4.710000000000001e+00  -6.958356989187384e-07  -3.499055054468652e-06  2.803219355549914e-06
4.720000000000001e+00  -4.684587318104317e-07  -3.378275502076197e-06  2.909816770265765e-06
4.730000000000001e+00  -2.391275878853188e-07  -3.246094788206404e-06  3.006967200321085e-06
4.740000000000001e+00  -9.203561176012622e-09  -3.103683754156497e-06  3.094480192980485e-06
4.750000000000001e+00  2.200003278349237e-07  -2.952196185464019e-06  3.172196513298942e-06
4.760000000000001e+00  4.472238909611708e-07  -2.792764933339750e-06  3.239988824300921e-06
4.770000000000001e+00  6.712638603238640e-07  -2.626498330869599e-06  3.297762191193463e-06
4.780000000000001e+00  8.909775104379429e-07  -2.454476901766988e-06  3.345454412204931e-06
4.790000000000001e+00  1.105285820894840e-06  -2.277750358436397e-06  3.383036179331236e-06
4.800000000000001e+00  1.313176187778113e-06  -2.097334885297166e-06  3.410511073075279e-06
4.810000000000001e+00  1.513704693453442e-06  -1.914210702370892e-06  3.427915395824334e-06
4.820000000000001e+00  1.705997945793614e-06  -1.729319903494661e-06  3.435317849288275e-06
4.830000000000001e+00  1.889254499161340e-06  -1.543564562678596e-06  3.432819061839936e-06
4.840000000000001e+00  2.062745870682996e-06  -1.357805101577475e-06  3.420550972260470e-06
4.850000000000001e+00  2.225817166354282e-06  -1.172858910363790e-06  3.398676076718072e-06
4.860000000000001e+00  2.377887332596426e-06  -9.894992138313967e-07  3.367386546427823e-06
4.870000000000001e+00  2.518449049575064e-06  -8.084541740010434e-07  3.326903223576107e-06
4.880000000000001e+00  2.647068283494813e-06  -6.304062201514799e-07  3.277474503646293e-06
4.890000000000001e+00  2.763383515607116e-06  -4.559915967501969e-07  3.219375112357313e-06
4.900000000000001e+00  2.867104666293586e-06  -2.858001195284359e-07  3.152904785822022e-06
4.910000000000001e+00  2.958011732967717e-06  -1.203751295928891e-07  3.078386862560606e-06
4.920000000000001e+00  3.035953160914212e-06  3.978636468096366e-08  2.996166796233248e-06
4.930000000000001e+00  3.100843966427911e-06  1.942333684108188e-07  2.906610598017093e-06
4.940000000000001e+00  3.152663631771769e-06  3.425604142295622e-07  2.810103217542207e-06
4.950000000000001e+00  3.191453791530584e-06  4.844069201323139e-07  2.707046871398270e-06
4.960000000000001e+00  3.217315730000372e-06  6.194564019338146e-07  2.597859328066558e-06
4.970000000000001e+00  3.230407709003325e-06  7.474355508436715e-07  2.482972158159654e-06
4.980000000000001e+00  3.230942145551869e-06  8.681131869223970e-07  2.362828958629472e-06
4.990000000000001e+00  3.219182658401492e-06  9.812990988470805e-07  2.237883559554412e-06
5.000000000000001e+00  3.195441002265783e-06  1.086842780434559e-06  2.108598221831224e-06
5.010000000000001e+00  3.160073908162014e-06  1.184632074191183e-06  1.975441833970830e-06
5.020000000000001e+00  3.113479847771895e-06  1.274591731916158e-06  1.838888115855736e-06
5.030000000000001e+00  3.056095739456113e-06  1.356681902312026e-06  1.699413837144087e-06
5.040000000000001e+00  2.988393612779198e-06  1.430896555144314e-06  1.557497057634884e-06
5.050000000000001e+00  2.910877248001434e-06  1.497261851395400e-06  1.413615396606033e-06
5.060000000000001e+00  2.824078806297321e-06  1.555834468476713e-06  1.268244337820608e-06
5.070000000000001e+00  2.728555465821299e-06  1.606699889298463e-06  1.121855576522836e-06
5.080000000000001e+00  2.624886078052058e-06  1.649970663685605e-06  9.749154143664523e-07
5.090000000000001e+00  2.513667858129423e-06  1.685784650297589e-06  8.278832078318339e-07
5.100000000000001e+00  2.395513122148845e-06  1.714303246817930e-06  6.812098753309151e-07
5.110000000000001e+00  2.271046083630467e-06  1.735709615922571e-06  5.353364677078962e-07
5.120000000000001e+00  2.140899720586979e-06  1.750206914045349e-06  3.906928065416294e-07
5.130000000000001e+00  2.005712723826429e-06  1.758016529702445e-06  2.476961941239837e-07
5.140000000000001e+00  1.866126536327265e-06  1.759376337665596e-06  1.067501986616686e-07
5.150000000000001e+00  1.722782492719969e-06  1.754538974952890e-06  -3.175648223292047e-08
5.160000000000001e+00  1.576319067085874e-06  1.743770144192442e-06  -1.674510771065677e-07
5.170000000000001e+00  1.427369236515649e-06  1.727346949527664e-06  -2.999777130120150e-07
5.180000000000001e+00  1.276557967006529e-06  1.705556269843813e-06  -4.289983028372845e-07
5.190000000000001e+00  1.124499827543964e-06  1.678693173728336e-06  -5.541933461843719e-07
5.200000000000001e+00  9.717967374062532e-07  1.647059380183519e-06  -6.752626427772659e-07
5.210000000000001e+00  8.190358509377988e-07  1.610961768708472e-06  -7.919259177706728e-07
5.220000000000001e+00  6.667875833218730e-07  1.570710942054949e-06  -9.039233587330758e-07
5.230000000000001e+00  5.156037801230788e-07  1.526619844533728e-06  -1.011016064410650e-06
5.240000000000001e+00  3.660160326571601e-07  1.479002438422628e-06  -1.112986405765468e-06
5.250000000000001e+00  2.185341405504744e-07  1.428172440679007e-06  -1.209638300128532e-06
5.260000000000001e+00  7.364472218875829e-08  1.374442121809054e-06  -1.300797399620296e-06
5.270000000000001e+00  -6.819002689391546e-08  1.318121168425747e-06  -1.386311195319663e-06
5.280000000000001e+00  -2.065334282622757e-07  1.259515610688270e-06  -1.466049038950545e-06
5.290000000000001e+00  -3.409752686099791e-07  1.198926815550748e-06  -1.539902084160727e-06
5.300000000000001e+00  -4.711326032891319e-07  1.136650546396372e-06  -1.607783149685504e-06
5.310000000000001e+00  -5.966504175941141e-07  1.072976089415117e-06  -1.669626507009231e-06
5.320000000000001e+00  -7.172021485157797e-07  1.008185446750516e-06  -1.725387595266296e-06
5.330000000000001e+00  -8.324900702117739e-07  9.425525962257304e-07  -1.775042666437504e-06
5.340000000000001e+00  -9.422455467908481e-07  8.763428172169557e-07  -1.818588364007804e-06
5.350000000000001e+00  -1.046229156481105e-06  8.098120819784213e-07  -1.856041238459526e-06
5.360000000000001e+00  -1.144230691576498e-06  7.432065115633479e-07  -1.887437203139846e-06
5.370000000000001e+00  -1.236069038891125e-06  6.767618952157927e-07  -1.912830934106918e-06
5.380000000000001e+00  -1.321591945791349e-06  6.107032720044949e-07  -1.932295217795844e-06
5.390000000000001e+00  -1.400675677077990e-06  5.452445732088832e-07  -1.945920250286873e-06
5.400000000000001e+00  -1.473224568284601e-06  4.805883238989348e-07  -1.953812892183536e-06
5.410000000000001e+00  -1.539170481138333e-06  4.169254019121096e-07  -1.956095883050443e-06
5.420000000000001e+00  -1.598472167081682e-06  3.544348524049205e-07  -1.952907019486603e-06
5.430000000000001e+00  -1.651114544937026e-06  2.932837559175494e-07  -1.944398300854575e-06
5.440000000000001e+00  -1.697107898867070e-06  2.336271479271516e-07  -1.930735046794222e-06
5.450000000000001e+00  -1.736487002877200e-06  1.756079876350566e-07  -1.912094990512256e-06
5.460000000000001e+00  -1.769310178179722e-06  1.193571737603642e-07  -1.888667351940086e-06
5.470000000000001e+00  -1.795658289721576e-06  6.499360499302000e-08  -1.860651894714596e-06
5.480000000000001e+00  -1.815633688224427e-06  1.262428271165157e-08  -1.828257970936079e-06
5.490000000000001e+00  -1.829359103999493e-06  -3.765554642528499e-08  -1.791703557574208e-06
5.500000000000001e+00  -1.836976498837128e-06  -8.576221054345825e-08  -1.751214288293670e-06
5.510000000000001e+00  -1.838645882080906e-06  -1.316233976684004e-07  -1.707022484412506e-06
5.520000000000001e+00  -1.834544097009966e-06  -1.751779084447626e-07  -1.659366188565203e-06
5.530000000000001e+00  -1.824863583460766e-06  -2.163753789216694e-07  -1.608488204539097e-06
5.540000000000001e+00  -1.809811122542401e-06  -2.551759758956423e-07  -1.554635146646758e-06
5.550000000000001e+00  -1.789606569048100e-06  -2.915500672257293e-07  -1.498056501822370e-06
5.560000000000001e+00  -1.764481577170462e-06  -3.254778696616917e-07  -1.439003707508770e-06
5.570000000000001e+00  -1.734678324733943e-06  -3.569490764580120e-07  -1.377729248275932e-06
5.580000000000001e+00  -1.700448241108706e-06  -3.859624672285046e-07  -1.314485773880202e-06
5.590000000000001e+00  -1.662050743712043e-06  -4.125255023049521e-07  -1.249525241407091e-06
5.600000000000001e+00  -1.619751987768930e-06  -4.366539038733138e-07  -1.183098083895617e-06
5.610000000000001e+00  -1.573823633772549e-06  -4.583712260754271e-07  -1.115452407697121e-06
5.620000000000001e+00  -1.524541636875269e-06  -4.777084162178009e-07  -1.046833220657469e-06
5.630000000000001e+00  -1.472185062157541e-06  -4.947033691321208e-07  -9.774816930254198e-07
5.640000000000001e+00  -1.417034929484672e-06  -5.094004766891198e-07  -9.076344527955525e-07
5.650000000000001e+00  -1.359373091397236e-06  -5.218501743635265e-07  -8.375229170337093e-07
5.660000000000001e+00  -1.299481147226099e-06  -5.321084866749722e-07  -7.673726605511266e-07
5.670000000000001e+00  -1.237639396361245e-06  -5.402365732528521e-07  -6.974028231083924e-07
5.680000000000001e+00  -1.174125833310780e-06  -5.463002771808223e-07  -6.278255561299578e-07
5.690000000000001e+00  -1.109215186964805e-06  -5.503696771823016e-07  -5.588455097825032e-07
5.700000000000001e+00  -1.043178006182369e-06  -5.525186451162766e-07  -4.906593610660924e-07
5.710000000000001e+00  -9.762797935562232e-07  -5.528244101895454e-07  -4.234553833666778e-07
5.720000000000001e+00  -9.087801889817636e-07  -5.513671311641358e-07  -3.574130578176278e-07
5.730000000000001e+00  -8.409322043617089e-07  -5.482294777507158e-07  -2.927027266109931e-07
5.740000000000001e+00  -7.729815105527068e-07  -5.434962223272714e-07  -2.294852882254354e-07
5.750000000000001e+00  -7.051657774068814e-07  -5.372538429694145e-07  -1.679119344374669e-07
5.760000000000001e+00  -6.377140675178887e-07  -5.295901387371465e-07  -1.081239287807422e-07
5.770000000000001e+00  -5.708462840619879e-07  -5.205938580447106e-07  -5.025242601727722e-08
5.780000000000001e+00  -5.047726728755339e-07  -5.103543408631019e-07  5.581667987567982e-09
5.790000000000001e+00  -4.396933787200870e-07  -4.989611754255334e-07  5.926779670544633e-08
5.800000000000001e+00  -3.757980554646759e-07  -4.865038699875492e-07  1.107058145228733e-07
5.810000000000001e+00  -3.132655297160455e-07  -4.730715401532643e-07  1.598060104372187e-07
5.820000000000001e+00  -2.522635172310413e-07  -4.587526121730671e-07  2.064890949420258e-07
5.830000000000001e+00  -1.929483912903387e-07  -4.436345425362601e-07  2.506861512459213e-07
5.840000000000001e+00  -1.354650020172596e-07  -4.278035541234848e-07  2.923385521062253e-07
5.850000000000001e+00  -7.994654547050417e-08  -4.113443890920145e-07  3.313978436215103e-07
5.860000000000001e+00  -2.651448121280502e-08  -3.943400786152874e-07  3.678255974024824e-07
5.870000000000001e+00  2.472150311310674e-08  -3.768717295081986e-07  4.015932326213053e-07
5.880000000000001e+00  7.366348176770352e-08  -3.590183277320840e-07  4.326818094997875e-07
5.890000000000001e+00  1.202252371595775e-07  -3.408565586781571e-07  4.610817958377346e-07
5.900000000000001e+00  1.643321641367232e-07  -3.224606441170312e-07  4.867928082537543e-07
5.910000000000001e+00  2.059211342414802e-07  -3.039021955902548e-07  5.098233298317349e-07
5.920000000000001e+00  2.449403218765078e-07  -2.852500840192024e-07  5.301904058957102e-07
5.930000000000001e+00  2.813489944515178e-07  -2.665703252347333e-07  5.479193196862510e-07
5.940000000000001e+00  3.151172686017882e-07  -2.479259810794380e-07  5.630432496812263e-07
5.950000000000001e+00  3.462258346549496e-07  -2.293770757182346e-07  5.756029103731842e-07
5.960000000000001e+00  3.746656515336423e-07  -2.109805267341863e-07  5.856461782678286e-07
5.970000000000001e+00  4.004376143310180e-07  -1.927900905556994e-07  5.932277048867175e-07
5.980000000000001e+00  4.235521968145755e-07  -1.748563217406194e-07  5.984085185551950e-07
5.990000000000001e+00  4.440290711106044e-07  -1.572265456029748e-07  6.012556167135792e-07
6.000000000000001e+00  4.618967068488183e-07  -1.399448436531436e-07  6.018415505019619e-07
6.010000000000001e+00  4.771919520211461e-07  -1.230520512949484e-07  6.002440033160945e-07
6.020000000000001e+00  4.899595977941025e-07  -1.065857672011428e-07  5.965453649952453e-07
6.030000000000001e+00  5.002519295089932e-07  -9.058037378765666e-08  5.908323032966499e-07
6.040000000000001e+00  5.081282660528483e-07  -7.506706818288941e-08  5.831953342357377e-07
6.050000000000001e+00  5.136544897572414e-07  -6.007390307562892e-08  5.737283928328703e-07
6.060000000000001e+00  5.169025689319638e-07  -4.562583683617252e-08  5.625284057681363e-07
6.070000000000001e+00  5.179500751067787e-07  -3.174479227574453e-08  5.496948673825232e-07
6.080000000000001e+00  5.168796969555557e-07  -1.844972343068085e-08  5.353294203862365e-07
6.090000000000001e+00  5.137787528765256e-07  -5.756689750852539e-09  5.195354426273781e-07
6.100000000000001e+00  5.087387040768226e-07  6.321062944091950e-09  5.024176411327307e-07
6.110000000000001e+00  5.018546699782685e-07  1.777301533064937e-08  4.840816546476192e-07
6.120000000000001e+00  4.932249476590093e-07  2.859128189995055e-08  4.646336657590587e-07
6.130000000000001e+00  4.829505369839870e-07  3.877051331360992e-08  4.441800236703771e-07
6.140000000000001e+00  4.711346729932091e-07  4.830779439346409e-08  4.228268785997451e-07
6.150000000000001e+00  4.578823670118180e-07  5.720253831051375e-08  4.006798287013043e-07
6.160000000000001e+00  4.432999578807286e-07  6.545637755094672e-08  3.778435803297819e-07
6.170000000000001e+00  4.274946746152432e-07  7.307305218646418e-08  3.544216224287790e-07
6.180000000000001e+00  4.105742116861174e-07  8.005829600564589e-08  3.305159156804715e-07
6.190000000000001e+00  3.926463180495508e-07  8.641972098506850e-08  3.062265970644823e-07
6.200000000000001e+00  3.738184009519898e-07  9.216670062839910e-08  2.816517003235907e-07
6.210000000000001e+00  3.541971454286480e-07  9.731025262238398e-08  2.568868928062640e-07
6.220000000000001e+00  3.338881503461494e-07  1.018629212837621e-07  2.320252290623873e-07
6.230000000000001e+00  3.129955817255980e-07  1.058386602105135e-07  2.071569215150845e-07
6.240000000000001e+00  2.916218439948197e-07  1.092527155661300e-07  1.823691284286897e-07
6.250000000000001e+00  2.698672697409274e-07  1.121215103843611e-07  1.577457593565663e-07
6.260000000000001e+00  2.478298284214382e-07  1.144625302416903e-07  1.333672981797479e-07
6.270000000000001e+00  2.256048544233018e-07  1.162942106762633e-07  1.093106437470385e-07
6.280000000000001e+00  2.032847947639888e-07  1.176358266435647e-07  8.564896812042409e-08
6.290000000000001e+00  1.809589766402328e-07  1.185073843281634e-07  6.245159231206940e-08
6.300000000000001e+00  1.587133949676921e-07  1.189295155753045e-07  3.978387939238758e-08
6.310000000000001e+00  1.366305199424625e-07  1.189233752015407e-07  1.770714474092179e-08
6.320000000000001e+00  1.147891246166745e-07  1.185105414154515e-07  -3.721416798777015e-09
6.330000000000001e+00  9.326413237427421e-08  1.177129195514325e-07  -2.444878717715826e-08
6.340000000000001e+00  7.212648414774038e-08  1.165526493109383e-07  -4.442616516319792e-08
6.350000000000001e+00  5.144302512683660e-08  1.150520156647004e-07  -6.360899053786382e-08
6.360000000000001e+00  3.127641067430150e-08  1.132333635736096e-07  -8.195695289930808e-08
6.370000000000001e+00  1.168503106536578e-08  1.111190166292866e-07  -9.943398556392081e-08
6.380000000000001e+00  -7.277045337331865e-09  1.087311997466491e-07  -1.160082450839810e-07
6.390000000000001e+00  -2.556011097239218e-08  1.060919659650290e-07  -1.316520769374212e-07
6.400000000000001e+00  -4.311884053219785e-08  1.032231274279814e-07  -1.463419679601793e-07
6.410000000000001e+00  -5.991229554803966e-08  1.001461906054713e-07  -1.600584861535109e-07
6.420000000000001e+00  -7.590391272317413e-08  9.688229575598633e-08  -1.727862084791605e-07
6.430000000000001e+00  -9.106147664213440e-08  9.345216066594291e-08  -1.845136373080773e-07
6.440000000000001e+00  -1.053570775427520e-07  8.987602865407425e-08  -1.952331061968263e-07
6.450000000000001e+00  -1.187670548616602e-07  8.617362080967800e-08  -2.049406756713382e-07
6.460000000000001e+00  -1.312719272740609e-07  8.236409245020080e-08  -2.136360197242617e-07
6.470000000000001e+00  -1.428563100008334e-07  7.846599373616071e-08  -2.213223037369941e-07
6.480000000000001e+00  -1.535088201430681e-07  7.449723438503025e-08  -2.280060545280983e-07
6.490000000000001e+00  -1.632219708423811e-07  7.047505241929221e-08  -2.336970232616733e-07
6.500000000000001e+00  -1.719920550707541e-07  6.641598685170314e-08  -2.384080419224573e-07
6.510000000000001e+00  -1.798190198490178e-07  6.233585423459840e-08  -2.421548740836162e-07
6.520000000000001e+00  -1.867063317335571e-07  5.824972893669026e-08  -2.449560606702473e-07
6.530000000000001e+00  -1.926608343506953e-07  5.417192708272561e-08  -2.468327614334209e-07
6.540000000000001e+00  -1.976925988414463e-07  5.011599398515079e-08  -2.478085928265970e-07
6.550000000000001e+00  -2.018147679842524e-07  4.609469498460486e-08  -2.479094629688573e-07
6.560000000000001e+00  -2.050433948348620e-07  4.212000953574352e-08  -2.471634043706056e-07
6.570000000000001e+00  -2.073972766582303e-07  3.820312842015460e-08  -2.456004050783849e-07
6.580000000000001e+00  -2.088977849430828e-07  3.435445393248400e-08  -2.432522388755668e-07
6.590000000000001e+00  -2.095686922629191e-07  3.058360289871259e-08  -2.401522951616317e-07
6.600000000000001e+00  -2.094359967412614e-07  2.689941238032774e-08  -2.363354091215891e-07
6.610000000000001e+00  -2.085277448480767e-07  2.330994789019770e-08  -2.318376927382744e-07
6.620000000000001e+00  -2.068738532347138e-07  1.982251400833521e-08  -2.266963672430491e-07
6.630000000000001e+00  -2.045059303030871e-07  1.644366719692063e-08  -2.209495975000077e-07
6.640000000000001e+00  -2.014570981634102e-07  1.317923068772449e-08  -2.146363288511347e-07
6.650000000000001e+00  -1.977618156263354e-07  1.003431128071182e-08  -2.077961269070472e-07
6.660000000000001e+00  -1.934557028292790e-07  7.013317890989214e-09  -2.004690207202682e-07
6.670000000000001e+00  -1.885753680850607e-07  4.119981697779724e-09  -1.926953497828404e-07
6.680000000000001e+00  -1.831582374969108e-07  1.357377742589353e-09  -1.845156152395002e-07
6.690000000000001e+00  -1.772423878660852e-07  -1.272052173633561e-09  -1.759703356924516e-07
6.700000000000001e+00  -1.708663833770334e-07  -3.766475445970662e-09  -1.670999079310627e-07
6.710000000000001e+00  -1.640691165157925e-07  -6.124643613725326e-09  -1.579444729020672e-07
6.720000000000001e+00  -1.568896536470281e-07  -8.345866439330438e-09  -1.485437872076977e-07
6.730000000000001e+00  -1.493670856400817e-07  -1.042998526374030e-08  -1.389371003763414e-07
6.740000000000001e+00  -1.415403839051912e-07  -1.237734576561625e-08  -1.291630381395749e-07
6.750000000000001e+00  -1.334482621560282e-07  -1.418877025393268e-08  -1.192594919020955e-07
6.760000000000001e+00  -1.251290442014893e-07  -1.586552961865756e-08  -1.092635145828318e-07
6.770000000000001e+00  -1.166205380150627e-07  -1.740931506007493e-08  -9.921122295498781e-08
6.780000000000001e+00  -1.079599163171600e-07  -1.882220970862785e-08  -8.913770660853210e-08
6.790000000000001e+00  -9.918360385572587e-08  -2.010666025220173e-08  -7.907694360352415e-08
6.800000000000001e+00  -9.032717155505073e-08  -2.126544866005920e-08  -6.906172289499154e-08
6.810000000000001e+00  -8.142523765721211e-08  -2.230166411848080e-08  -5.912357353873131e-08
6.820000000000001e+00  -7.251137596021476e-08  -2.321867525775514e-08  -4.929270070245962e-08
6.830000000000001e+00  -6.361803122803537e-08  -2.402010277155887e-08  -3.959792845647650e-08
6.840000000000001e+00  -5.477644180337615e-08  -2.470979249020696e-08  -3.006664931316918e-08
6.850000000000001e+00  -4.601656944753394e-08  -2.529178900846680e-08  -2.072478043906714e-08
6.860000000000001e+00  -3.736703639290619e-08  -2.577030991806795e-08  -1.159672647483824e-08
6.870000000000001e+00  -2.885506956876812e-08  -2.614972071825366e-08  -2.705348850514463e-09
6.880000000000001e+00  -2.050645193205032e-08  -2.643451046531950e-08  5.928058533269180e-09
6.890000000000001e+00  -1.234548082796529e-08  -2.662926820594196e-08  1.428378737797666e-08
6.900000000000001e+00  -4.394933260260248e-09  -2.673866025493514e-08  2.234372699467489e-08
6.910000000000001e+00  3.323962048797633e-09  -2.676740834464517e-08  3.009137039344280e-08
6.920000000000001e+00  1.079154596861173e-08  -2.672026869908245e-08  3.751181466769418e-08
6.930000000000001e+00  1.798974380056054e-08  -2.660201204967142e-08  4.459175585023196e-08
6.940000000000001e+00  2.490207384023208e-08  -2.641740463272044e-08  5.131947847295252e-08
6.950000000000001e+00  3.151364985870165e-08  -2.617119017823281e-08  5.768484003693446e-08
6.960000000000001e+00  3.781117771664650e-08  -2.586807292492735e-08  6.367925064157385e-08
6.970000000000001e+00  4.378294635265572e-08  -2.551270164787517e-08  6.929564800053090e-08
6.980000000000001e+00  4.941881337094104e-08  -2.510965473625092e-08  7.452846810719196e-08
6.990000000000001e+00  5.471018548989401e-08  -2.466342630366860e-08  7.937361179356261e-08
7.000000000000001e+00  5.964999411331034e-08  -2.417841333947286e-08  8.382840745278320e-08
7.010000000000001e+00  6.423266628472730e-08  -2.365890390098127e-08  8.789157018570856e-08
7.020000000000001e+00  6.845409131090021e-08  -2.310906632866700e-08  9.156315763956722e-08
7.030000000000001e+00  7.231158332618725e-08  -2.253293948424387e-08  9.484452281043112e-08
7.040000000000001e+00  7.580384008931701e-08  -2.193442399310710e-08  9.773826408242412e-08
7.050000000000001e+00  7.893089830065253e-08  -2.131727446925876e-08  1.002481727699113e-07
7.060000000000001e+00  8.169408572471323e-08  -2.068509270886470e-08  1.023791784335779e-07
7.070000000000001e+00  8.409597040710300e-08  -2.004132184117207e-08  1.041372922482751e-07
7.080000000000001e+00  8.614030730313323e-08  -1.938924136576656e-08  1.055295486688998e-07
7.090000000000001e+00  8.783198255183879e-08  -1.873196312523012e-08  1.065639456770689e-07
7.100000000000001e+00  8.917695574310538e-08  -1.807242810832114e-08  1.072493838514265e-07
7.110000000000001e+00  9.018220042100051e-08  -1.741340409979231e-08  1.075956045207928e-07
7.120000000000001e+00  9.085564311831808e-08  -1.675748412737056e-08  1.076131272456886e-07
7.130000000000001e+00  9.120610118976533e-08  -1.610708567216854e-08  1.073131868619339e-07
7.140000000000001e+00  9.124321971930919e-08  -1.546445061331314e-08  1.067076703326223e-07
7.150000000000001e+00  9.097740775377696e-08  -1.483164586501611e-08  1.058090536187931e-07
7.160000000000001e+00  9.041977412809612e-08  -1.421056467278753e-08  1.046303388008836e-07
7.170000000000001e+00  8.958206311205733e-08  -1.360292852496912e-08  1.031849916370265e-07
7.180000000000001e+00  8.847659013599252e-08  -1.301028965380883e-08  1.014868797898014e-07
7.190000000000001e+00  8.711617780808174e-08  -1.243403407099417e-08  9.955021187907591e-08
7.200000000000001e+00  8.551409244542281e-08  -1.187538511617059e-08  9.738947756159339e-08
7.210000000000001e+00  8.368398133649060e-08  -1.133540746297835e-08  9.501938879946895e-08
7.220000000000001e+00  8.163981091972518e-08  -1.081501156106455e-08  9.245482248078972e-08
7.230000000000001e+00  7.939580607623645e-08  -1.031495846081578e-08  8.971076453705223e-08
7.240000000000001e+00  7.696639070909185e-08  -9.835864992011994e-09  8.680225570110385e-08
7.250000000000001e+00  7.436612977341597e-08  -9.378209254574239e-09  8.374433902799021e-08
7.260000000000001e+00  7.160967291628592e-08  -8.942336389862562e-09  8.055200930614848e-08
7.270000000000001e+00  6.871169986071746e-08  -8.528464590425994e-09  7.724016445114345e-08
7.280000000000001e+00  6.568686767487933e-08  -8.136691314613819e-09  7.382355898949315e-08
7.290000000000001e+00  6.254976003725761e-08  -7.766999675053775e-09  7.031675971231138e-08
7.300000000000001e+00  5.931483860562375e-08  -7.419264966837655e-09  6.673410357246140e-08
7.310000000000001e+00  5.599639659574979e-08  -7.093261293500645e-09  6.308965788925044e-08
7.320000000000001e+00  5.260851464079021e-08  -6.788668280474448e-09  5.939718292126466e-08
7.330000000000001e+00  4.916501901299087e-08  -6.505077824220453e-09  5.567009683721132e-08
7.340000000000001e+00  4.567944226881419e-08  -6.242000859589176e-09  5.192144312840336e-08
7.350000000000001e+00  4.216498636527333e-08  -5.998874119198872e-09  4.816386048447220e-08
7.360000000000001e+00  3.863448829004888e-08  -5.775066853161202e-09  4.440955514321008e-08
7.370000000000001e+00  3.510038823514239e-08  -5.569887490166670e-09  4.067027572530906e-08
7.380000000000001e+00  3.157470033235625e-08  -5.382590209374322e-09  3.695729054173057e-08
7.390000000000001e+00  2.806898596068611e-08  -5.212381410703673e-09  3.328136737138978e-08
7.400000000000001e+00  2.459432962574366e-08  -5.058426055575872e-09  2.965275568131953e-08
7.410000000000001e+00  2.116131740155252e-08  -4.919853862467700e-09  2.608117126402022e-08
7.420000000000001e+00  1.778001791954780e-08  -4.795765339899156e-09  2.257578325944696e-08
7.430000000000001e+00  1.445996586868351e-08  -4.685237638335749e-09  1.914520350701925e-08
7.440000000000001e+00  1.121014798975269e-08  -4.587330212396803e-09  1.579747820214949e-08
7.450000000000001e+00  8.038991502251499e-09  -4.501090269362471e-09  1.254008177161397e-08
7.460000000000001e+00  4.954354926144767e-09  -4.425558008111579e-09  9.379912934256346e-09
7.470000000000001e+00  1.963521246459084e-09  -4.359771616374335e-09  6.323292862833419e-09
7.480000000000001e+00  -9.268066591067130e-10  -4.302772044056321e-09  3.375965384949608e-09
7.490000000000001e+00  -3.710508376497099e-09  -4.253607519412988e-09  5.430991429158888e-10
7.500000000000001e+00  -6.382046183623149e-09  -4.211337818008382e-09  -2.170708365614767e-09
7.510000000000001e+00  -8.936463221274550e-09  -4.175038273498905e-09  -4.761424947775645e-09
7.520000000000001e+00  -1.136937969293346e-08  -4.143803525355580e-09  -7.225576167577885e-09
7.530000000000001e+00  -1.367698717791618e-08  -4.116751005162285e-09  -9.560236172753895e-09
7.540000000000001e+00  -1.585604115127348e-08  -4.093024155282758e-09  -1.176301699599072e-08
7.550000000000001e+00  -1.790385179330652e-08  -4.071795378500907e-09  -1.383205641480562e-08
7.560000000000001e+00  -1.981827320137911e-08  -4.052268727903539e-09  -1.576600447347557e-08
7.570000000000001e+00  -2.159769108562634e-08  -4.033682328112611e-09  -1.756400875751373e-08
7.580000000000001e+00  -2.324100905654261e-08  -4.015310533433430e-09  -1.922569852310918e-08
7.590000000000001e+00  -2.474763360330521e-08  -3.996465832173135e-09  -2.075116777113208e-08
7.600000000000001e+00  -2.611745786170202e-08  -3.976500490889794e-09  -2.214095737081223e-08
7.610000000000001e+00  -2.735084428250747e-08  -3.954807953831240e-09  -2.339603632867623e-08
7.620000000000001e+00  -2.844860628793940e-08  -3.930823994489330e-09  -2.451778229345007e-08
7.630000000000001e+00  -2.941198903432601e-08  -3.904027633025498e-09  -2.550796140130051e-08
7.640000000000001e+00  -3.024264936823371e-08  -3.873941821013992e-09  -2.636870754721972e-08
7.650000000000001e+00  -3.094263508719162e-08  -3.840133902917584e-09  -2.710250118427404e-08
7.660000000000001e+00  -3.151436359890641e-08  -3.802215865979672e-09  -2.771214773292674e-08
7.670000000000001e+00  -3.196060007312211e-08  -3.759844377472239e-09  -2.820075569564987e-08
7.680000000000001e+00  -3.228443519087855e-08  -3.712720630822260e-09  -2.857171456005629e-08
7.690000000000001e+00  -3.248926257932955e-08  -3.660590000455565e-09  -2.882867257887398e-08
7.700000000000001e+00  -3.257875601815884e-08  -3.603241518210884e-09  -2.897551449994796e-08
7.710000000000001e+00  -3.255684651759727e-08  -3.540507179766924e-09  -2.901633933783035e-08
7.720000000000001e+00  -3.242769934525314e-08  -3.472261097007247e-09  -2.895543824824590e-08
7.730000000000001e+00  -3.219569108510386e-08  -3.398418495598545e-09  -2.879727258950531e-08
7.740000000000001e+00  -3.186538681068988e-08  -3.318934579895513e-09  -2.854645223079436e-08
7.750000000000001e+00  -3.144151744850429e-08  -3.233803267096663e-09  -2.820771418140763e-08
7.760000000000001e+00  -3.092895740024751e-08  -3.143055805959990e-09  -2.778590159428752e-08
7.770000000000001e+00  -3.033270249852756e-08  -3.046759287255968e-09  -2.728594321127159e-08
7.780000000000001e+00  -2.965784835378138e-08  -2.945015060153025e-09  -2.671283329362835e-08
7.790000000000001e+00  -2.890956916274495e-08  -2.837957060698920e-09  -2.607161210204604e-08
7.800000000000001e+00  -2.809309702541762e-08  -2.725750066023796e-09  -2.536734695939382e-08
7.810000000000001e+00  -2.721370183336351e-08  -2.608587881909559e-09  -2.460511395145395e-08
7.820000000000001e+00  -2.627667177264068e-08  -2.486691476266428e-09  -2.378998029637425e-08
7.830000000000001e+00  -2.528729448828470e-08  -2.360307065100838e-09  -2.292698742318386e-08
7.840000000000001e+00  -2.425083895267397e-08  -2.229704163379500e-09  -2.202113478929448e-08
7.850000000000001e+00  -2.317253807349890e-08  -2.095173606803679e-09  -2.107736446669522e-08
7.860000000000001e+00  -2.205757207458898e-08  -1.957025558727562e-09  -2.010054651586142e-08
7.870000000000001e+00  -2.091105268082964e-08  -1.815587503724835e-09  -1.909546517710481e-08
7.880000000000001e+00  -1.973800812934659e-08  -1.671202242446513e-09  -1.806680588690008e-08
7.890000000000001e+00  -1.854336903098192e-08  -1.524225892125506e-09  -1.701914313885641e-08
7.900000000000001e+00  -1.733195509742272e-08  -1.375025901196252e-09  -1.595692919622646e-08
7.910000000000001e+00  -1.610846275027507e-08  -1.223979086879761e-09  -1.488448366339531e-08
7.920000000000001e+00  -1.487745362140269e-08  -1.071469699550278e-09  -1.380598392185241e-08
7.930000000000001e+00  -1.364334394861637e-08  -9.178875240991298e-10  -1.272545642451724e-08
7.940000000000001e+00  -1.241039487438947e-08  -7.636260198944284e-10  -1.164676885449505e-08
7.950000000000001e+00  -1.118270364670639e-08  -6.090805115831707e-10  -1.057362313512322e-08
7.960000000000001e+00  -9.964195713275291e-09  -4.546464255728461e-10  -9.509549287702446e-09
7.970000000000001e+00  -8.758617713858169e-09  -3.007175937737504e-10  -8.457900120084418e-09
7.980000000000001e+00  -7.569531347715621e-09  -1.476846071341014e-10  -7.421846740581520e-09
7.990000000000001e+00  -6.400308118254758e-09  4.066755429715709e-12  -6.404374873684473e-09
8.000000000000002e+00  -5.254124930111972e-09  1.541570337139842e-10  -5.408281963825956e-09
8.010000000000002e+00  -4.133960528667788e-09  3.022145173095326e-10  -4.436175045977320e-09
8.020000000000001e+00  -3.042592752929673e-09  4.478766060505625e-10  -3.490469358980235e-09
8.030000000000001e+00  -1.982596596491818e-09  5.907910840228202e-10  -2.573387680514638e-09
8.040000000000003e+00  -9.563430360967708e-10  7.306173214873602e-10  -1.686960357584131e-09
8.050000000000002e+00  3.400138595492821e-11  8.670273898116431e-10  -8.330260038567150e-10
8.060000000000002e+00  9.864742584173774e-10  9.997070938191083e-10  -1.323283540173089e-11
8.070000000000002e+00  1.899316301601172e-09  1.128356921782884e-09  7.709593798182882e-10
8.080000000000002e+00  2.770969703574802e-09  1.252692907772256e-09  1.518276795802547e-09
8.090000000000002e+00  3.600075821655430e-09  1.372447409434258e-09  2.227628412221172e-09
8.100000000000001e+00  4.385472285447749e-09  1.487369800971284e-09  2.898102484476465e-09
8.110000000000001e+00  5.126189525974081e-09  1.597227080696005e-09  3.528962445278076e-09
8.120000000000003e+00  5.821446772883827e-09  1.701804392941137e-09  4.119642379942689e-09
8.130000000000003e+00  6.470647549774625e-09  1.800905466835219e-09  4.669742082939407e-09
8.140000000000002e+00  7.073374705896272e-09  1.894352976005887e-09  5.179021729890385e-09
8.150000000000002e+00  7.629385010333442e-09  1.981988809855918e-09  5.647396200477523e-09
8.160000000000002e+00  8.138603358153277e-09  2.063674273391519e-09  6.074929084761759e-09
8.170000000000002e+00  8.601116609765092e-09  2.139290204451018e-09  6.461826405314073e-09
8.180000000000001e+00  9.017167108211501e-09  2.208737015829713e-09  6.808430092381788e-09
8.190000000000001e+00  9.387145904635803e-09  2.271934668649095e-09  7.115211235986708e-09
8.200000000000001e+00  9.711585728812812e-09  2.328822569155229e-09  7.382763159657582e-09
8.210000000000003e+00  9.991153737007483e-09  2.379359401393269e-09  7.611794335614213e-09
8.220000000000002e+00  1.022664407298804e-08  2.423522894100575e-09  7.803121178887467e-09
8.230000000000002e+00  1.041897027472778e-08  2.461309524078390e-09  7.957660750649391e-09
8.240000000000002e+00  1.056915755669818e-08  2.492734162242771e-09  8.076423394455407e-09
8.250000000000002e+00  1.067833500318669e-08  2.517829661290125e-09  8.160505341896570e-09
8.260000000000002e+00  1.074772770128711e-08  2.536646392386836e-09  8.211081308900269e-09
8.270000000000001e+00  1.077864884357806e-08  2.549251731777029e-09  8.229397111801026e-09
8.280000000000001e+00  1.077249182707168e-08  2.555729501494532e-09  8.216762325577151e-09
8.290000000000003e+00  1.073072238068281e-08  2.556179366283575e-09  8.174543014399236e-09
8.300000000000002e+00  1.065487074393925e-08  2.550716192722525e-09  8.104154551216730e-09
8.310000000000002e+00  1.054652392211624e-08  2.539469370597389e-09  8.007054551518854e-09
8.320000000000002e+00  1.040731804344452e-08  2.522582104560442e-09  7.884735938884076e-09
8.330000000000002e+00  1.023893084285219e-08  2.500210675039785e-09  7.738720167812406e-09
8.340000000000002e+00  1.004307428695467e-08  2.472523673000500e-09  7.570550613954171e-09
8.350000000000001e+00  9.821487367564320e-09  2.439701215937141e-09  7.381786151627178e-09
8.360000000000001e+00  9.575929079556089e-09  2.401934140180906e-09  7.173994939375183e-09
8.370000000000003e+00  9.308171600495383e-09  2.359423184661618e-09  6.948748415833765e-09
8.380000000000003e+00  9.019993685788161e-09  2.312378156028177e-09  6.707615529759983e-09
8.390000000000002e+00  8.713174298837855e-09  2.261017088038922e-09  6.452157210798933e-09
8.400000000000002e+00  8.389486486291761e-09  2.205565396778198e-09  6.183921089513562e-09
8.410000000000002e+00  8.050691508931373e-09  2.146255029949862e-09  5.904436478981512e-09
8.420000000000002e+00  7.698533243432609e-09  2.083323619469492e-09  5.615209623963117e-09
8.430000000000001e+00  7.334732858038881e-09  2.017013633581143e-09  5.317719224457739e-09
8.440000000000001e+00  6.960983775574582e-09  1.947571541265822e-09  5.013412234308760e-09
8.450000000000001e+00  6.578946926527126e-09  1.875246976023685e-09  4.703699950503441e-09
8.460000000000003e+00  6.190246300494377e-09  1.800291921937584e-09  4.389954378556794e-09
8.470000000000002e+00  5.796464795469129e-09  1.722959902572787e-09  4.073504892896342e-09
8.480000000000002e+00  5.399140374108788e-09  1.643505192852117e-09  3.755635181256671e-09
8.490000000000002e+00  4.999762522068067e-09  1.562182045907968e-09  3.437580476160099e-09
8.500000000000002e+00  4.599769015197499e-09  1.479243941861206e-09  3.120525073336293e-09
8.510000000000002e+00  4.200542988433566e-09  1.394942855160799e-09  2.805600133272767e-09
8.520000000000001e+00  3.803410310811964e-09  1.309528550034970e-09  2.493881760776994e-09
8.530000000000001e+00  3.409637260399666e-09  1.223247898178720e-09  2.186389362220946e-09
8.540000000000003e+00  3.020428495446346e-09  1.136344223337179e-09  1.884084272109167e-09
8.550000000000002e+00  2.636925322134493e-09  1.049056676705957e-09  1.587868645428537e-09
8.560000000000002e+00  2.260204243382317e-09  9.616196378736167e-10  1.298584605508700e-09
8.570000000000002e+00  1.891275794975603e-09  8.742621498112470e-10  1.017013645164356e-09
8.580000000000002e+00  1.531083654483730e-09  7.872073828752964e-10  7.438762716084336e-10
8.590000000000002e+00  1.180504013248516e-09  7.006721327299968e-10  4.798318805185196e-10
8.600000000000001e+00  8.403452136347554e-10  6.148663494361344e-10  2.254788641986211e-10
8.610000000000001e+00  5.113476307685979e-10  5.299927020042264e-10  -1.864507123562854e-11
8.620000000000003e+00  1.941837969889949e-10  4.462461753387135e-10  -2.520623783497186e-10
8.630000000000003e+00  -1.105412429109212e-10  3.638137022057793e-10  -4.743549451167004e-10
8.640000000000002e+00  -4.022893564625935e-10  2.828738288365426e-10  -6.851631852991362e-10
8.650000000000002e+00  -6.805885383587423e-10  2.035964163227522e-10  -8.841849546814945e-10
8.660000000000002e+00  -9.450319268974803e-10  1.261423757916747e-10  -1.071174302689155e-09
8.670000000000002e+00  -1.195276630783688e-09  5.066343634737906e-11  -1.245940067131067e-09
8.680000000000001e+00  -1.431042382558173e-09  -2.269805004240222e-11  -1.408344332515771e-09
8.690000000000001e+00  -1.652110024971942e-09  -9.380927253219665e-11  -1.558300752439745e-09
8.700000000000003e+00  -1.858319845485827e-09  -1.625470906625663e-10  -1.695772754823261e-09
8.710000000000003e+00  -2.049569769949131e-09  -2.287981324061159e-10  -1.820771637543015e-09
8.720000000000002e+00  -2.225813424891350e-09  -2.924588578414972e-10  -1.933354567049853e-09
8.730000000000002e+00  -2.387058086509347e-09  -3.534355949956386e-10  -2.033622491513708e-09
8.740000000000002e+00  -2.533362518997969e-09  -4.116445418747034e-10  -2.121717977123265e-09
8.750000000000002e+00  -2.664834723036413e-09  -4.670117409270529e-10  -2.197822982109360e-09
8.760000000000002e+00  -2.781629599153328e-09  -5.194730242509688e-10  -2.262156574902360e-09
8.770000000000001e+00  -2.883946541205625e-09  -5.689739310533488e-10  -2.314972610152276e-09
8.780000000000001e+00  -2.972026971042641e-09  -6.154695986578473e-10  -2.356557372384794e-09
8.790000000000003e+00  -3.046151820908433e-09  -6.589246279671522e-10  -2.387227192941280e-09
8.800000000000002e+00  -3.106638982931813e-09  -6.993129243627370e-10  -2.407326058569076e-09
8.810000000000002e+00  -3.153840725489067e-09  -7.366175159036173e-10  -2.417223209585450e-09
8.820000000000002e+00  -3.188141095909569e-09  -7.708303488557738e-10  -2.417310747053795e-09
8.830000000000002e+00  -3.209953314624349e-09  -8.019520655572840e-10  -2.408001249067065e-09
8.840000000000002e+00  -3.219717167816935e-09  -8.299917549025567e-10  -2.389725412914378e-09
8.850000000000001e+00  -3.217896416095012e-09  -8.549666962696047e-10  -2.362929719825408e-09
8.860000000000001e+00  -3.204976218522332e-09  -8.769020773042574e-10  -2.328074141218074e-09
8.870000000000003e+00  -3.181460585333192e-09  -8.958307007151989e-10  -2.285629884617993e-09
8.880000000000003e+00  -3.147869867022068e-09  -9.117926762917598e-10  -2.236077190730308e-09
8.890000000000002e+00  -3.104738284232137e-09  -9.248350986634786e-10  -2.179903185568659e-09
8.900000000000002e+00  -3.052611509431531e-09  -9.350117167776814e-10  -2.117599792653850e-09
8.910000000000002e+00  -2.992044304291567e-09  -9.423825899111570e-10  -2.049661714380410e-09
8.920000000000002e+00  -2.923598218698309e-09  -9.470137376112400e-10  -1.976584481087070e-09
8.930000000000001e+00  -2.847839358370433e-09  -9.489767806902683e-10  -1.898862577680164e-09
8.940000000000001e+00  -2.765336225251557e-09  -9.483485768869809e-10  -1.816987648364576e-09
8.950000000000003e+00  -2.676657636458748e-09  -9.452108526949494e-10  -1.731446783763799e-09
8.960000000000003e+00  -2.582370723246437e-09  -9.396498269001051e-10  -1.642720896346331e-09
8.970000000000002e+00  -2.483039017655092e-09  -9.317558400777380e-10  -1.551283177577354e-09
8.980000000000002e+00  -2.379220628678100e-09  -9.216229747721122e-10  -1.457597653905987e-09
8.990000000000002e+00  -2.271466506249362e-09  -9.093486802103050e-10  -1.362117826039057e-09
9.000000000000002e+00  -2.160318805914638e-09  -8.950333980422757e-10  -1.265285407872362e-09
9.010000000000002e+00  -2.046309343918078e-09  -8.787801879556275e-10  -1.167529155962451e-09
9.020000000000001e+00  -1.929958154325417e-09  -8.606943589619719e-10  -1.069263795363445e-09
9.030000000000001e+00  -1.811772142086802e-09  -8.408831037717494e-10  -9.708890383150521e-10
9.040000000000003e+00  -1.692243840276373e-09  -8.194551391964088e-10  -8.727887010799639e-10
9.050000000000002e+00  -1.571850262528118e-09  -7.965203513621481e-10  -7.753299111659703e-10
9.060000000000002e+00  -1.451051859948452e-09  -7.721894511199232e-10  -6.788624088285287e-10
9.070000000000002e+00  -1.330291574424203e-09  -7.465736303916174e-10  -5.837179440325858e-10
9.080000000000002e+00  -1.209993997255984e-09  -7.197842388041719e-10  -4.902097584518118e-10
9.090000000000002e+00  -1.090564618044794e-09  -6.919324571551232e-10  -3.986321608896705e-10
9.100000000000001e+00  -9.723891777644497e-10  -6.631289890055109e-10  -3.092601887589389e-10
9.110000000000001e+00  -8.558331130326598e-10  -6.334837602476252e-10  -2.223493527850347e-10
9.120000000000003e+00  -7.412410966289285e-10  -6.031056306035252e-10  -1.381354660254032e-10
9.130000000000003e+00  -6.289366679267494e-10  -5.721021153569212e-10  -5.683455256982817e-11
9.140000000000002e+00  -5.192219532136816e-10  -5.405791218781270e-10  2.135716866444548e-11
9.150000000000002e+00  -4.123774726747620e-10  -5.086406964052907e-10  9.626322373052879e-11
9.160000000000002e+00  -3.086620316233290e-10  -4.763887859052157e-10  1.677267542818867e-10
9.170000000000002e+00  -2.083126909045404e-10  -4.439230103211335e-10  2.356103194165930e-10
9.180000000000001e+00  -1.115448168710231e-10  -4.113404520652019e-10  2.997956351941788e-10
9.190000000000001e+00  -1.855220747871380e-11  -3.787354585346968e-10  3.601832510559830e-10
9.200000000000003e+00  7.049271753950165e-11  -3.461994527244306e-10  4.166921702639322e-10
9.210000000000003e+00  1.554386494761451e-10  -3.138207687276178e-10  4.692594182037628e-10
9.220000000000002e+00  2.361550667098841e-10  -2.816844915011244e-10  5.178395582110086e-10
9.230000000000002e+00  3.125318471798330e-10  -2.498723166349767e-10  5.624041638148097e-10
9.240000000000002e+00  3.844788259613049e-10  -2.184624223440795e-10  6.029412483053844e-10
9.250000000000002e+00  4.519252984139336e-10  -1.875293544274143e-10  6.394546528413480e-10
9.260000000000002e+00  5.148194771849455e-10  -1.571439280790853e-10  6.719634052640309e-10
9.270000000000001e+00  5.731279019112947e-10  -1.273731409427747e-10  7.005010428540693e-10
9.280000000000001e+00  6.268348089135131e-10  -9.828010229901162e-11  7.251149112125247e-10
9.290000000000003e+00  6.759414650627645e-10  -6.992397234189997e-11  7.458654374046645e-10
9.300000000000002e+00  7.204654644887943e-10  -4.235992040152733e-11  7.628253848903216e-10
9.310000000000002e+00  7.604400010659564e-10  -1.563908731254776e-11  7.760790883785042e-10
9.320000000000002e+00  7.959131117545750e-10  1.019142860861285e-11  7.857216831459621e-10
9.330000000000002e+00  8.269468979258895e-10  3.508858321740166e-11  7.918583147084878e-10
9.340000000000002e+00  8.536167300166138e-10  5.901337883121732e-11  7.946033511853965e-10
9.350000000000001e+00  8.760104360954364e-10  8.193084954961821e-11  7.940795865458181e-10
9.360000000000001e+00  8.942274802897913e-10  1.038100335508883e-10  7.904174467389029e-10
9.370000000000003e+00  9.083781315944176e-10  1.246239341090809e-10  7.837541974853367e-10
9.380000000000003e+00  9.185826299098310e-10  1.443494715559277e-10  7.742331583539033e-10
9.390000000000002e+00  9.249703483385102e-10  1.629674245564767e-10  7.620029237820335e-10
9.400000000000002e+00  9.276789590525290e-10  1.804623620231673e-10  7.472165970293617e-10
9.410000000000002e+00  9.268536023888614e-10  1.968225662773650e-10  7.300310361114964e-10
9.420000000000002e+00  9.226460642533548e-10  2.120399498381743e-10  7.106061144151805e-10
9.430000000000001e+00  9.152139593851224e-10  2.261099575528007e-10  6.891040018323216e-10
9.440000000000001e+00  9.047199339864949e-10  2.390314710034908e-10  6.656884629830041e-10
9.450000000000003e+00  8.913308758633730e-10  2.508066991041321e-10  6.405241767592410e-10
9.460000000000003e+00  8.752171457704852e-10  2.614410645476805e-10  6.137760812228048e-10
9.470000000000002e+00  8.565518260683328e-10  2.709430848156463e-10  5.856087412526864e-10
9.480000000000002e+00  8.355099902176962e-10  2.793242468313890e-10  5.561857433863072e-10
9.490000000000002e+00  8.122679952028297e-10  2.865988790371744e-10  5.256691161656554e-10
9.500000000000002e+00  7.870027978909153e-10  2.927840164230195e-10  4.942187814678958e-10
9.510000000000002e+00  7.598912968530155e-10  2.978992641655945e-10  4.619920326874210e-10
9.520000000000001e+00  7.311097017399396e-10  3.019666575722760e-10  4.291430441676635e-10
9.530000000000001e+00  7.008329303391258e-10  3.050105181714748e-10  3.958224121676511e-10
9.540000000000003e+00  6.692340331122695e-10  3.070573093923407e-10  3.621767237199288e-10
9.550000000000002e+00  6.364836524257684e-10  3.081354907167448e-10  3.283481617090237e-10
9.560000000000002e+00  6.027495065642641e-10  3.082753683858972e-10  2.944741381783668e-10
9.570000000000002e+00  5.681959089465729e-10  3.075089479280679e-10  2.606869610185051e-10
9.580000000000002e+00  5.329833180459592e-10  3.058697853908636e-10  2.271135326550956e-10
9.590000000000002e+00  4.972679192210555e-10  3.033928383902664e-10  1.938750808307891e-10
9.600000000000001e+00  4.612012387756543e-10  3.001143198686552e-10  1.610869189069991e-10
9.610000000000001e+00  4.249297908384771e-10  2.960715493590259e-10  1.288582414794512e-10
9.620000000000003e+00  3.885947560081932e-10  2.913028099153333e-10  9.729194609285987e-11
9.630000000000003e+00  3.523316921828056e-10  2.858472038038180e-10  6.648448837898760e-11
9.640000000000002e+00  3.162702785927545e-10  2.797445109865543e-10  3.652576760620016e-11
9.650000000000002e+00  2.805340874697451e-10  2.730350506130295e-10  7.499036856715522e-12
9.660000000000002e+00  2.452403957770561e-10  2.657595512508243e-10  -2.051915547376822e-11
9.670000000000002e+00  2.105000114159652e-10  2.579590055460991e-10  -4.745899413013393e-11
9.680000000000001e+00  1.764171482139881e-10  2.496745545687889e-10  -7.325740635480080e-11
9.690000000000001e+00  1.430893162480495e-10  2.409473558806029e-10  -9.785803963255341e-11
9.700000000000003e+00  1.106072465511262e-10  2.318184645199598e-10  -1.212112179688336e-10
9.710000000000003e+00  7.905484121009736e-11  2.223287153000551e-10  -1.432738740899578e-10
9.720000000000002e+00  4.850915128920915e-11  2.125186105251915e-10  -1.640094592359823e-10
9.730000000000002e+00  1.904037936659410e-11  2.024282136371720e-10  -1.833878342705779e-10
9.740000000000002e+00  -9.288093157268524e-12  1.920970441553058e-10  -2.013851373125744e-10
9.750000000000002e+00  -3.641965522659701e-11  1.815639810802470e-10  -2.179836363068441e-10
9.760000000000002e+00  -6.230439269879142e-11  1.708671699870752e-10  -2.331715626858666e-10
9.770000000000001e+00  -8.689899531160272e-11  1.600439350022411e-10  -2.469429303138439e-10
9.780000000000001e+00  -1.101666411591779e-10  1.491306962616454e-10  -2.592973374208233e-10
9.790000000000003e+00  -1.320768649763003e-10  1.381628934572601e-10  -2.702397584335604e-10
9.800000000000002e+00  -1.526054073961065e-10  1.271749138770637e-10  -2.797803212731703e-10
9.810000000000002e+00  -1.717340486386002e-10  1.162000265399841e-10  -2.879340751785843e-10
9.820000000000002e+00  -1.894504267711258e-10  1.052703211208617e-10  -2.947207478919875e-10
9.830000000000002e+00  -2.057478428278921e-10  9.441665302099022e-11  -3.001644958488823e-10
9.840000000000002e+00  -2.206250527411225e-10  8.366859421851757e-11  -3.042936469596400e-10
9.850000000000001e+00  -2.340860486463757e-10  7.305438822062854e-11  -3.071404368670043e-10
9.860000000000001e+00  -2.461398300711597e-10  6.260091128614151e-11  -3.087407413573012e-10
9.870000000000003e+00  -2.568001662163189e-10  5.233363954134830e-11  -3.091338057576672e-10
9.880000000000003e+00  -2.660853509315844e-10  4.227661990997165e-11  -3.083619708415560e-10
9.890000000000002e+00  -2.740179498246270e-10  3.245244862926749e-11  -3.064703984538945e-10
9.900000000000002e+00  -2.806245464354722e-10  2.288225060397459e-11  -3.035067970394468e-10
9.910000000000002e+00  -2.859354783717636e-10  1.358566849098109e-11  -2.995211468627447e-10
9.920000000000002e+00  -2.899845752241199e-10  4.580853988866641e-12  -2.945654292129866e-10
9.930000000000001e+00  -2.928088919757455e-10  -4.115535274952618e-12  -2.886933567007929e-10
9.940000000000001e+00  -2.944484435919628e-10  -1.248833639640372e-11  -2.819601071955591e-10
9.950000000000003e+00  -2.949459369061528e-10  -2.052387254091932e-11  -2.744220643652335e-10
9.960000000000003e+00  -2.943465073454227e-10  -2.820994666088363e-11  -2.661365606845391e-10
9.970000000000002e+00  -2.926974533656369e-10  -3.553582532817623e-11  -2.571616280374606e-10
9.980000000000002e+00  -2.900479774602556e-10  -4.249222163351284e-11  -2.475557558267428e-10
9.990000000000002e+00  -2.864489289368897e-10  -4.907127404455333e-11  -2.373776548923364e-10
