1.000000000000000e-15  1.000016604930467e+00  1.000015682372683e+00  9.225577839444554e-07
1.000000000000100e-02  9.998898493360786e-01  9.998753289681550e-01  1.452036792359834e-05
2.000000000000100e-02  9.995096639497618e-01  9.994543697663865e-01  5.529418337535397e-05
3.000000000000100e-02  9.988762928817552e-01  9.987531076881412e-01  1.231851936139838e-04
4.000000000000100e-02  9.979901427150960e-01  9.977720472193498e-01  2.180954957462511e-04
5.000000000000100e-02  9.968517821049472e-01  9.965118938387116e-01  3.398882662355440e-04
6.000000000000100e-02  9.954619412183858e-01  9.949735532176660e-01  4.883880007198194e-04
7.000000000000101e-02  9.938215110154920e-01  9.931581301939872e-01  6.633808215047443e-04
8.000000000000100e-02  9.919315423726249e-01  9.910669275206863e-01  8.646148519386720e-04
9.000000000000100e-02  9.897932450491023e-01  9.887014443922342e-01  1.091800656868092e-03
1.000000000000010e-01  9.874079864987519e-01  9.860633747504592e-01  1.344611748292701e-03
1.100000000000010e-01  9.847772905277846e-01  9.831546053728947e-01  1.622685154889947e-03
1.200000000000010e-01  9.819028358009569e-01  9.799772137466006e-01  1.925622054356313e-03
1.300000000000010e-01  9.787864541979735e-01  9.765334657309016e-01  2.252988467071892e-03
1.400000000000010e-01  9.754301290222855e-01  9.728258130127917e-01  2.604316009493846e-03
1.500000000000010e-01  9.718359930648142e-01  9.688568903589917e-01  2.979102705822467e-03
1.600000000000010e-01  9.680063265250457e-01  9.646295126691926e-01  3.376813855853089e-03
1.700000000000010e-01  9.639435547924462e-01  9.601466718349733e-01  3.796882957472936e-03
1.800000000000010e-01  9.596502460909896e-01  9.554115334095497e-01  4.238712681439938e-03
1.900000000000010e-01  9.551291089900478e-01  9.504274330934517e-01  4.701675896596091e-03
2.000000000000010e-01  9.503829897849352e-01  9.451978730418195e-01  5.185116743115725e-03
2.100000000000010e-01  9.454148697505129e-01  9.397265179989454e-01  5.688351751567566e-03
2.200000000000010e-01  9.402278622715409e-01  9.340171912662121e-01  6.210671005328794e-03
2.300000000000010e-01  9.348252098535588e-01  9.280738705096636e-01  6.751339343895157e-03
2.400000000000010e-01  9.292102810181474e-01  9.219006834136640e-01  7.309597604483353e-03
2.500000000000010e-01  9.233865670867447e-01  9.155019031873894e-01  7.884663899355271e-03
2.600000000000010e-01  9.173576788570619e-01  9.088819439310112e-01  8.475734926050693e-03
2.700000000000010e-01  9.111273431765621e-01  9.020453558686362e-01  9.081987307925865e-03
2.800000000000010e-01  9.046993994173297e-01  8.949968204552715e-01  9.702578962058173e-03
2.900000000000010e-01  8.980777958568803e-01  8.877411453651286e-01  1.033665049175170e-02
3.000000000000010e-01  8.912665859696245e-01  8.802832593688300e-01  1.098332660079449e-02
3.100000000000010e-01  8.842699246335977e-01  8.726282071071492e-01  1.164171752644849e-02
3.200000000000010e-01  8.770920642573847e-01  8.647811437689708e-01  1.231092048841398e-02
3.300000000000010e-01  8.697373508320674e-01  8.567473296813474e-01  1.299002115072001e-02
3.400000000000010e-01  8.622102199131486e-01  8.485321248195045e-01  1.367809509364415e-02
3.500000000000010e-01  8.545151925375464e-01  8.401409832447844e-01  1.437420929276201e-02
3.600000000000010e-01  8.466568710806468e-01  8.315794474784549e-01  1.507742360219189e-02
3.700000000000010e-01  8.386399350586053e-01  8.228531428195056e-01  1.578679223909973e-02
3.800000000000010e-01  8.304691368809818e-01  8.139677716143251e-01  1.650136526665669e-02
3.900000000000010e-01  8.221492975589811e-01  8.049291074864141e-01  1.722019007256703e-02
4.000000000000010e-01  8.136853023744137e-01  7.957429895340652e-01  1.794231284034853e-02
4.100000000000010e-01  8.050820965146522e-01  7.864153165039683e-01  1.866678001068389e-02
4.200000000000010e-01  7.963446806787717e-01  7.769520409487689e-01  1.939263973000283e-02
4.300000000000010e-01  7.874781066601052e-01  7.673591633763013e-01  2.011894328380393e-02
4.400000000000010e-01  7.784874729103998e-01  7.576427263984169e-01  2.084474651198287e-02
4.500000000000010e-01  7.693779200907681e-01  7.478088088870103e-01  2.156911120375782e-02
4.600000000000010e-01  7.601546266145979e-01  7.378635201449366e-01  2.229110646966126e-02
4.700000000000010e-01  7.508228041875060e-01  7.278129940991950e-01  2.300981008831104e-02
4.800000000000010e-01  7.413876933494604e-01  7.176633835238657e-01  2.372430982559470e-02
4.900000000000010e-01  7.318545590240541e-01  7.074208542999370e-01  2.443370472411710e-02
5.000000000000010e-01  7.222286860799494e-01  6.970915797191257e-01  2.513710636082367e-02
5.100000000000010e-01  7.125153749093431e-01  6.866817348386285e-01  2.583364007071465e-02
5.200000000000010e-01  7.027199370283604e-01  6.761974908935341e-01  2.652244613482635e-02
5.300000000000010e-01  6.928476907040680e-01  6.656450097734873e-01  2.720268093058076e-02
5.400000000000010e-01  6.829039566128589e-01  6.550304385699820e-01  2.787351804287685e-02
5.500000000000010e-01  6.728940535347364e-01  6.443599042004705e-01  2.853414933426590e-02
5.600000000000011e-01  6.628232940880391e-01  6.336395081152938e-01  2.918378597274529e-02
5.700000000000011e-01  6.526969805089901e-01  6.228753210932118e-01  2.982165941577830e-02
5.800000000000010e-01  6.425204004803542e-01  6.120733781310737e-01  3.044702234928054e-02
5.900000000000010e-01  6.322988230134265e-01  6.012396734329912e-01  3.105914958043532e-02
6.000000000000010e-01  6.220374943873389e-01  5.903801555041330e-01  3.165733888320588e-02
6.100000000000010e-01  6.117416341497608e-01  5.795007223539768e-01  3.224091179578403e-02
6.200000000000010e-01  6.014164311826911e-01  5.686072168137224e-01  3.280921436896866e-02
6.300000000000010e-01  5.910670398371337e-01  5.577054219721781e-01  3.336161786495562e-02
6.400000000000010e-01  5.806985761401867e-01  5.468010567343959e-01  3.389751940579078e-02
6.500000000000010e-01  5.703161140779874e-01  5.358997715068166e-01  3.441634257117088e-02
6.600000000000010e-01  5.599246819578138e-01  5.250071440127235e-01  3.491753794509023e-02
6.700000000000010e-01  5.495292588525039e-01  5.141286752412850e-01  3.540058361121889e-02
6.800000000000010e-01  5.391347711302055e-01  5.032697855334480e-01  3.586498559675744e-02
6.900000000000011e-01  5.287460890723240e-01  4.924358108075019e-01  3.631027826482214e-02
7.000000000000011e-01  5.183680235823891e-01  4.816319989270014e-01  3.673602465538772e-02
7.100000000000010e-01  5.080053229884443e-01  4.708635062134437e-01  3.714181677500050e-02
7.200000000000010e-01  4.976626699413413e-01  4.601353941058220e-01  3.752727583551929e-02
7.300000000000010e-01  4.873446784112407e-01  4.494526259689736e-01  3.789205244226718e-02
7.400000000000010e-01  4.770558907844322e-01  4.388200640523696e-01  3.823582673206255e-02
7.500000000000010e-01  4.668007750624460e-01  4.282424666007086e-01  3.855830846173736e-02
7.600000000000010e-01  4.565837221652644e-01  4.177244851175399e-01  3.885923704772448e-02
7.700000000000010e-01  4.464090433402973e-01  4.072706617827672e-01  3.913838155753013e-02
7.800000000000010e-01  4.362809676786218e-01  3.968854270247707e-01  3.939554065385109e-02
7.900000000000010e-01  4.262036397398561e-01  3.865730972475433e-01  3.963054249231285e-02
8.000000000000010e-01  4.161811172868471e-01  3.763378727131199e-01  3.984324457372723e-02
8.100000000000011e-01  4.062173691312331e-01  3.661838355792492e-01  4.003353355198391e-02
8.200000000000011e-01  3.963162730907614e-01  3.561149480921257e-01  4.020132499863566e-02
8.300000000000011e-01  3.864816140591470e-01  3.461350509337047e-01  4.034656312544238e-02
8.400000000000010e-01  3.767170821890049e-01  3.362478617230045e-01  4.046922046600038e-02
8.500000000000010e-01  3.670262711883700e-01  3.264569736705208e-01  4.056929751784916e-02
8.600000000000010e-01  3.574126767310675e-01  3.167658543847054e-01  4.064682234636208e-02
8.700000000000010e-01  3.478796949811137e-01  3.071778448293032e-01  4.070185015181049e-02
8.800000000000010e-01  3.384306212311545e-01  2.976961584301165e-01  4.073446280103793e-02
8.900000000000010e-01  3.290686486548351e-01  2.883238803295663e-01  4.074476832526880e-02
9.000000000000010e-01  3.197968671728287e-01  2.790639667873626e-01  4.073290038546618e-02
9.100000000000010e-01  3.106182624321414e-01  2.699192447252521e-01  4.069901770688927e-02
9.200000000000010e-01  3.015357148981735e-01  2.608924114138420e-01  4.064330348433154e-02
9.300000000000010e-01  2.925519990588781e-01  2.519860342991851e-01  4.056596475969304e-02
9.400000000000011e-01  2.836697827402415e-01  2.432025509667935e-01  4.046723177344794e-02
9.500000000000011e-01  2.748916265321969e-01  2.345442692405156e-01  4.034735729168126e-02
9.600000000000010e-01  2.662199833239294e-01  2.260133674136507e-01  4.020661591027874e-02
9.700000000000010e-01  2.576571979474701e-01  2.176118946095006e-01  4.004530333796941e-02
9.800000000000010e-01  2.492055069283003e-01  2.093417712684797e-01  3.986373565982060e-02
9.900000000000010e-01  2.408670383416392e-01  2.012047897587714e-01  3.966224858286779e-02
1.000000000000001e+00  2.326438117729246e-01  1.932026151074272e-01  3.944119666549736e-02
1.010000000000001e+00  2.245377383809593e-01  1.853367858487055e-01  3.920095253225386e-02
1.020000000000001e+00  2.165506210620296e-01  1.776087149863672e-01  3.894190607566242e-02
1.030000000000001e+00  2.086841547132729e-01  1.700196910665522e-01  3.866446364672074e-02
1.040000000000001e+00  2.009399265934245e-01  1.625708793577993e-01  3.836904723562520e-02
1.050000000000001e+00  1.933194167790391e-01  1.552633231346885e-01  3.805609364435059e-02
1.060000000000001e+00  1.858239987141563e-01  1.480979450615506e-01  3.772605365260567e-02
1.070000000000001e+00  1.784549398513382e-01  1.410755486726035e-01  3.737939117873471e-02
1.080000000000001e+00  1.712134023819035e-01  1.341968199448534e-01  3.701658243705014e-02
1.090000000000001e+00  1.641004440531388e-01  1.274623289600405e-01  3.663811509309833e-02
1.100000000000001e+00  1.571170190701811e-01  1.208725316518911e-01  3.624448741828992e-02
1.110000000000001e+00  1.502639790802139e-01  1.144277716348949e-01  3.583620744531896e-02
1.120000000000001e+00  1.435420742365724e-01  1.081282821108058e-01  3.541379212576663e-02
1.130000000000001e+00  1.369519543402742e-01  1.019741878490662e-01  3.497776649120797e-02
1.140000000000001e+00  1.304941700564682e-01  9.596550723731821e-02  3.452866281915003e-02
1.150000000000001e+00  1.241691742032336e-01  9.010215439818214e-02  3.406701980505149e-02
1.160000000000001e+00  1.179773231101363e-01  8.438394136846823e-02  3.359338174166811e-02
1.170000000000001e+00  1.119188780438887e-01  7.881058033700684e-02  3.310829770688183e-02
1.180000000000001e+00  1.059940066984520e-01  7.338168593728532e-02  3.261232076116673e-02
1.190000000000001e+00  1.002027847468782e-01  6.809677759109690e-02  3.210600715578134e-02
1.200000000000001e+00  9.454519745216156e-02  6.295528189943320e-02  3.158991555272836e-02
1.210000000000001e+00  8.902114133436156e-02  5.795653507687148e-02  3.106460625749009e-02
1.220000000000001e+00  8.363042589122818e-02  5.309978542574816e-02  3.053064046548003e-02
1.230000000000001e+00  7.837277536955599e-02  4.838419584643116e-02  2.998857952312483e-02
1.240000000000001e+00  7.324783058448356e-02  4.380884638005787e-02  2.943898420442569e-02
1.250000000000001e+00  6.825515078394612e-02  3.937273678013727e-02  2.888241400380885e-02
1.260000000000001e+00  6.339421555549117e-02  3.507478910946752e-02  2.831942644602365e-02
1.270000000000001e+00  5.866442677266052e-02  3.091385035887143e-02  2.775057641378909e-02
1.280000000000001e+00  5.406511057816412e-02  2.688869508430325e-02  2.717641549386087e-02
1.290000000000001e+00  4.959551940105768e-02  2.299802805893957e-02  2.659749134211811e-02
1.300000000000001e+00  4.525483400516679e-02  1.924048693693003e-02  2.601434706823676e-02
1.310000000000001e+00  4.104216556600458e-02  1.561464492554236e-02  2.542752064046222e-02
1.320000000000001e+00  3.695655777345346e-02  1.211901346250766e-02  2.483754431094580e-02
1.330000000000001e+00  3.299698895750024e-02  8.752044895439577e-03  2.424494406206067e-02
1.340000000000001e+00  2.916237423433857e-02  5.512135160268355e-03  2.365023907407022e-02
1.350000000000001e+00  2.545156767018658e-02  2.397626455713941e-03  2.305394121447264e-02
1.360000000000001e+00  2.186336446018248e-02  -5.931900891118758e-04  2.245655454929436e-02
1.370000000000001e+00  1.839650311977398e-02  -3.462071756798898e-03  2.185857487657288e-02
1.380000000000001e+00  1.504966768603633e-02  -6.210821596175086e-03  2.126048928221142e-02
1.390000000000001e+00  1.182148992639971e-02  -8.841285791954560e-03  2.066277571835427e-02
1.400000000000001e+00  8.710551552307110e-03  -1.135535105207659e-02  2.006590260438370e-02
1.410000000000001e+00  5.715386435364816e-03  -1.375494201523657e-02  1.947032845060138e-02
1.420000000000001e+00  2.834482823591513e-03  -1.604201868102338e-02  1.887650150461490e-02
1.430000000000001e+00  6.628555542496118e-05  -1.821857386498550e-02  1.828485942041046e-02
1.440000000000001e+00  -2.590801730813557e-03  -2.028663068087222e-02  1.769582895005866e-02
1.450000000000001e+00  -5.138414394238036e-03  -2.224824005219651e-02  1.710982565795847e-02
1.460000000000001e+00  -7.578224597695231e-03  -2.410547825518288e-02  1.652725365748765e-02
1.470000000000001e+00  -9.911939125173547e-03  -2.586044449507752e-02  1.594850536990398e-02
1.480000000000001e+00  -1.214129721240745e-02  -2.751525851770317e-02  1.537396130529571e-02
1.490000000000001e+00  -1.426806839269869e-02  -2.907205825805233e-02  1.480398986535364e-02
1.500000000000001e+00  -1.629405035991978e-02  -3.053299752762884e-02  1.423894716770906e-02
1.510000000000001e+00  -1.822106685060170e-02  -3.190024374214806e-02  1.367917689154636e-02
1.520000000000001e+00  -2.005096554694955e-02  -3.317597569112887e-02  1.312501014417932e-02
1.530000000000001e+00  -2.178561600256535e-02  -3.436238135080928e-02  1.257676534824393e-02
1.540000000000001e+00  -2.342690759259375e-02  -3.546165574173953e-02  1.203474814914578e-02
1.550000000000001e+00  -2.497674748994274e-02  -3.647599883231085e-02  1.149925134236812e-02
1.560000000000001e+00  -2.643705866916747e-02  -3.740761348939706e-02  1.097055482022959e-02
1.570000000000001e+00  -2.780977793953602e-02  -3.825870347719164e-02  1.044892553765562e-02
1.580000000000001e+00  -2.909685400873331e-02  -3.903147150524756e-02  9.934617496514250e-03
1.590000000000001e+00  -3.030024557859196e-02  -3.972811732663222e-02  9.427871748040266e-03
1.600000000000001e+00  -3.142191947416951e-02  -4.035083588703228e-02  8.928916412862774e-03
1.610000000000001e+00  -3.246384880742814e-02  -4.090181552555898e-02  8.437966718130838e-03
1.620000000000001e+00  -3.342801117670148e-02  -4.138323622792392e-02  7.955225051222439e-03
1.630000000000001e+00  -3.431638690306823e-02  -4.179726793257042e-02  7.480881029502194e-03
1.640000000000001e+00  -3.513095730468593e-02  -4.214606889027524e-02  7.015111585589311e-03
1.650000000000001e+00  -3.587370301006643e-02  -4.243178407765014e-02  6.558081067583710e-03
1.660000000000001e+00  -3.654660231121309e-02  -4.265654366490202e-02  6.109941353688926e-03
1.670000000000001e+00  -3.715162955746822e-02  -4.282246153813242e-02  5.670831980664197e-03
1.680000000000001e+00  -3.769075359085731e-02  -4.293163387638808e-02  5.240880285530776e-03
1.690000000000001e+00  -3.816593622364676e-02  -4.298613778360117e-02  4.820201559954412e-03
1.700000000000001e+00  -3.857913075876789e-02  -4.298802997548604e-02  4.408899216718158e-03
1.710000000000001e+00  -3.893228055369823e-02  -4.293934552140003e-02  4.007064967701805e-03
1.720000000000001e+00  -3.922731762832050e-02  -4.284209664109983e-02  3.614779012779325e-03
1.730000000000001e+00  -3.946616131722462e-02  -4.269827155626808e-02  3.232110239043455e-03
1.740000000000001e+00  -3.965071696684717e-02  -4.250983339662066e-02  2.859116429773489e-03
1.750000000000001e+00  -3.978287467778997e-02  -4.227871916034636e-02  2.495844482556395e-03
1.760000000000001e+00  -3.986450809258953e-02  -4.200683872856946e-02  2.142330635979933e-03
1.770000000000001e+00  -3.989747322915972e-02  -4.169607393347336e-02  1.798600704313640e-03
1.780000000000001e+00  -3.988360736006209e-02  -4.134827767966786e-02  1.464670319605774e-03
1.790000000000001e+00  -3.982472793770665e-02  -4.096527311832821e-02  1.140545180621566e-03
1.800000000000001e+00  -3.972263156553055e-02  -4.054885287359020e-02  8.262213080596492e-04
1.810000000000001e+00  -3.957909301514177e-02  -4.010077832062970e-02  5.216853054879275e-04
1.820000000000001e+00  -3.939586428936682e-02  -3.962277891481523e-02  2.269146254484100e-04
1.830000000000001e+00  -3.917467373108692e-02  -3.911655157127596e-02  -5.812215981096380e-05
1.840000000000001e+00  -3.891722517769616e-02  -3.858376009418531e-02  -3.334650835108560e-04
1.850000000000001e+00  -3.862519716096591e-02  -3.802603465502077e-02  -5.991625059451333e-04
1.860000000000001e+00  -3.830024215205224e-02  -3.744497131902367e-02  -8.552708330285749e-04
1.870000000000001e+00  -3.794398585133640e-02  -3.684213161904660e-02  -1.101854232289805e-03
1.880000000000001e+00  -3.755802652274248e-02  -3.621904217594127e-02  -1.338984346801214e-03
1.890000000000001e+00  -3.714393437213358e-02  -3.557719436460958e-02  -1.566740007523999e-03
1.900000000000001e+00  -3.670325096934685e-02  -3.491804402481000e-02  -1.785206944536842e-03
1.910000000000001e+00  -3.623748871338565e-02  -3.424301121578542e-02  -1.994477497600233e-03
1.920000000000001e+00  -3.574813034024851e-02  -3.355348001374872e-02  -2.194650326499785e-03
1.930000000000001e+00  -3.523662847283876e-02  -3.285079835124494e-02  -2.385830121593817e-03
1.940000000000001e+00  -3.470440521236308e-02  -3.213627789738109e-02  -2.568127314981988e-03
1.950000000000001e+00  -3.415285177058898e-02  -3.141119397789748e-02  -2.741657792691504e-03
1.960000000000001e+00  -3.358332814230784e-02  -3.067678553403761e-02  -2.906542608270234e-03
1.970000000000001e+00  -3.299716281730869e-02  -2.993425511915507e-02  -3.062907698153615e-03
1.980000000000001e+00  -3.239565253114741e-02  -2.918476893198056e-02  -3.210883599166860e-03
1.990000000000001e+00  -3.178006205396565e-02  -2.842945688546523e-02  -3.350605168500415e-03
2.000000000000001e+00  -3.115162401658488e-02  -2.766941271009667e-02  -3.482211306488216e-03
2.010000000000001e+00  -3.051153877308346e-02  -2.690569409058460e-02  -3.605844682498863e-03
2.020000000000001e+00  -2.986097429903649e-02  -2.613932283479714e-02  -3.721651464239348e-03
2.030000000000001e+00  -2.920106612457846e-02  -2.537128507382756e-02  -3.829781050750904e-03
2.040000000000001e+00  -2.853291730143310e-02  -2.460253149206542e-02  -3.930385809367679e-03
2.050000000000001e+00  -2.785759840303111e-02  -2.383397758614476e-02  -4.023620816886356e-03
2.060000000000001e+00  -2.717614755682612e-02  -2.306650395163687e-02  -4.109643605189259e-03
2.070000000000001e+00  -2.648957050789976e-02  -2.230095659636023e-02  -4.188613911539532e-03
2.080000000000001e+00  -2.579884071293846e-02  -2.153814727917863e-02  -4.260693433759833e-03
2.090000000000001e+00  -2.510489946364753e-02  -2.077885387316141e-02  -4.326045590486119e-03
2.100000000000001e+00  -2.440865603866382e-02  -2.002382075198570e-02  -4.384835286678119e-03
2.110000000000001e+00  -2.371098788301559e-02  -1.927375919846594e-02  -4.437228684549651e-03
2.120000000000001e+00  -2.301274081417237e-02  -1.852934783409909e-02  -4.483392980073279e-03
2.130000000000001e+00  -2.231472925372182e-02  -1.779123306852839e-02  -4.523496185193428e-03
2.140000000000001e+00  -2.161773648370686e-02  -1.706002956783167e-02  -4.557706915875186e-03
2.150000000000001e+00  -2.092251492665282e-02  -1.633632074055370e-02  -4.586194186099117e-03
2.160000000000001e+00  -2.022978644831146e-02  -1.562065924041195e-02  -4.609127207899506e-03
2.170000000000001e+00  -1.954024268215116e-02  -1.491356748461877e-02  -4.626675197532387e-03
2.180000000000001e+00  -1.885454537462000e-02  -1.421553818677369e-02  -4.639007187846303e-03
2.190000000000001e+00  -1.817332675021471e-02  -1.352703490329837e-02  -4.646291846916341e-03
2.200000000000001e+00  -1.749718989538585e-02  -1.284849259239503e-02  -4.648697302990815e-03
2.210000000000001e+00  -1.682670916032142e-02  -1.218031818453074e-02  -4.646390975790685e-03
2.220000000000001e+00  -1.616243057764922e-02  -1.152289116346527e-02  -4.639539414183946e-03
2.230000000000001e+00  -1.550487229711082e-02  -1.087656415685498e-02  -4.628308140255836e-03
2.240000000000001e+00  -1.485452503526300e-02  -1.024166353548593e-02  -4.612861499777065e-03
2.250000000000001e+00  -1.421185253927508e-02  -9.618490020207435e-03  -4.593362519067648e-03
2.260000000000001e+00  -1.357729206389709e-02  -9.007319295655928e-03  -4.569972768241164e-03
2.270000000000001e+00  -1.295125486068590e-02  -8.408402629879318e-03  -4.542852230806579e-03
2.280000000000001e+00  -1.233412667858717e-02  -7.821967498992371e-03  -4.512159179594803e-03
2.290000000000001e+00  -1.172626827498315e-02  -7.248218216014221e-03  -4.478050058968929e-03
2.300000000000001e+00  -1.112801593633017e-02  -6.687336563060076e-03  -4.440679373270098e-03
2.310000000000001e+00  -1.053968200752239e-02  -6.139482426082108e-03  -4.400199581440281e-03
2.320000000000001e+00  -9.961555429132693e-03  -5.604794431374535e-03  -4.356760997758159e-03
2.330000000000001e+00  -9.393902281698615e-03  -5.083390583081499e-03  -4.310511698617116e-03
2.340000000000001e+00  -8.836966336234851e-03  -4.575368900969262e-03  -4.261597435265589e-03
2.350000000000001e+00  -8.290969610170954e-03  -4.080808057744596e-03  -4.210161552426359e-03
2.360000000000001e+00  -7.756112927930882e-03  -3.599768015227884e-03  -4.156344912702998e-03
2.370000000000001e+00  -7.232576485386918e-03  -3.132290658709171e-03  -4.100285826677747e-03
2.380000000000001e+00  -6.720520417439308e-03  -2.678400428840499e-03  -4.042119988598809e-03
2.390000000000001e+00  -6.220085367991301e-03  -2.238104950440874e-03  -3.981980417550427e-03
2.400000000000001e+00  -5.731393061608194e-03  -1.811395657612924e-03  -3.919997403995270e-03
2.410000000000001e+00  -5.254546876167275e-03  -1.398248414595087e-03  -3.856298461572187e-03
2.420000000000001e+00  -4.789632415826414e-03  -9.986241317948938e-04  -3.791008284031521e-03
2.430000000000001e+00  -4.336718083658011e-03  -6.124693764729701e-04  -3.724248707185041e-03
2.440000000000001e+00  -3.895855653314972e-03  -2.397169775718369e-04  -3.656138675743135e-03
2.450000000000001e+00  -3.467080839116016e-03  1.197133757956758e-04  -3.586794214911692e-03
2.460000000000001e+00  -3.050413863958326e-03  4.659145426582833e-04  -3.516328406616609e-03
2.470000000000001e+00  -2.645860024485007e-03  7.989913457367942e-04  -3.444851370221801e-03
2.480000000000001e+00  -2.253410252957567e-03  1.119059994647992e-03  -3.372470247605559e-03
2.490000000000001e+00  -1.873041675301940e-03  1.426247517155224e-03  -3.299289192457164e-03
2.500000000000001e+00  -1.504718164820122e-03  1.720691198835251e-03  -3.225409363655373e-03
2.510000000000001e+00  -1.148390891078019e-03  2.002538031510443e-03  -3.150928922588463e-03
2.520000000000001e+00  -8.039988635028892e-04  2.271944170772201e-03  -3.075943034275090e-03
2.530000000000001e+00  -4.714694692433886e-04  2.529074402901446e-03  -3.000543872144834e-03
2.540000000000001e+00  -1.507190048669369e-04  2.774101621469178e-03  -2.924820626336114e-03
2.550000000000001e+00  1.583467985109083e-04  3.007206313881087e-03  -2.848859515370179e-03
2.560000000000001e+00  4.558322570487675e-04  3.228576058107988e-03  -2.772743801059220e-03
2.570000000000001e+00  7.418512233179668e-04  3.438405029825295e-03  -2.696553806507328e-03
2.580000000000001e+00  1.016526583099814e-03  3.636893520163418e-03  -2.620366937063604e-03
2.590000000000001e+00  1.279989760165632e-03  3.824247464253013e-03  -2.544257704087382e-03
2.600000000000001e+00  1.532380229342193e-03  4.000677980729234e-03  -2.468297751387042e-03
2.610000000000001e+00  1.773845038146720e-03  4.166400922340759e-03  -2.392555884194039e-03
2.620000000000001e+00  2.004538337255037e-03  4.321636437791086e-03  -2.317098100536048e-03
2.630000000000001e+00  2.224620920047614e-03  4.466608544922633e-03  -2.241987624875019e-03
2.640000000000001e+00  2.434259771460165e-03  4.601544715335878e-03  -2.167284943875713e-03
2.650000000000001e+00  2.633627626344991e-03  4.726675470519777e-03  -2.093047844174786e-03
2.660000000000001e+00  2.822902537532829e-03  4.842233989553074e-03  -2.019331452020245e-03
2.670000000000001e+00  3.002267453765697e-03  4.948455728420255e-03  -1.946188274654558e-03
2.680000000000001e+00  3.171909807654343e-03  5.045578050970746e-03  -1.873668243316403e-03
2.690000000000001e+00  3.332021113795836e-03  5.133839871534698e-03  -1.801818757738862e-03
2.700000000000001e+00  3.482796577171086e-03  5.213481309194677e-03  -1.730684732023590e-03
2.710000000000001e+00  3.624434711924079e-03  5.284743353698182e-03  -1.660308641774103e-03
2.720000000000001e+00  3.757136970610087e-03  5.347867542983124e-03  -1.590730572373036e-03
2.730000000000001e+00  3.881107383982875e-03  5.403095652274624e-03  -1.521988268291749e-03
2.740000000000001e+00  3.996552211376837e-03  5.450669394699848e-03  -1.454117183323011e-03
2.750000000000001e+00  4.103679601724126e-03  5.490830133355158e-03  -1.387150531631032e-03
2.760000000000001e+00  4.202699265233307e-03  5.523818604748308e-03  -1.321119339515001e-03
2.770000000000001e+00  4.293822155741252e-03  5.549874653527614e-03  -1.256052497786362e-03
2.780000000000001e+00  4.377260163736842e-03  5.569236978399760e-03  -1.191976814662919e-03
2.790000000000001e+00  4.453225820041517e-03  5.582142889127343e-03  -1.128917069085826e-03
2.800000000000001e+00  4.521932010120164e-03  5.588828074487958e-03  -1.066896064367794e-03
2.810000000000001e+00  4.583591698981258e-03  5.589526381067860e-03  -1.005934682086602e-03
2.820000000000001e+00  4.638417666616406e-03  5.584469602754042e-03  -9.460519361376360e-04
2.830000000000001e+00  4.686622253915407e-03  5.573887280781008e-03  -8.872650268656017e-04
2.840000000000001e+00  4.728417118983802e-03  5.558006514180530e-03  -8.295893951967273e-04
2.850000000000001e+00  4.764013003778692e-03  5.537051780475614e-03  -7.730387766969223e-04
2.860000000000001e+00  4.793619510968922e-03  5.511244766452884e-03  -7.176252554839616e-04
2.870000000000001e+00  4.817444890916098e-03  5.480804208842015e-03  -6.633593179259161e-04
2.880000000000001e+00  4.835695838663681e-03  5.445945744723711e-03  -6.102499060600302e-04
2.890000000000001e+00  4.848577300813490e-03  5.406881771483566e-03  -5.583044706700757e-04
2.900000000000001e+00  4.856292292159723e-03  5.363821316123438e-03  -5.075290239637143e-04
2.910000000000001e+00  4.859041721944160e-03  5.316969913737225e-03  -4.579281917930647e-04
2.920000000000001e+00  4.857024229587307e-03  5.266529494954385e-03  -4.095052653670774e-04
2.930000000000001e+00  4.850436029745491e-03  5.212698282149804e-03  -3.622622524043122e-04
2.940000000000001e+00  4.839470766535533e-03  5.155670694216346e-03  -3.161999276808129e-04
2.950000000000001e+00  4.824319376763606e-03  5.095637259691986e-03  -2.713178829283798e-04
2.960000000000001e+00  4.805169961989639e-03  5.032784538032154e-03  -2.276145760425150e-04
2.970000000000001e+00  4.782207669252681e-03  4.967295048814380e-03  -1.850873795616985e-04
2.980000000000001e+00  4.755614580278120e-03  4.899347208661318e-03  -1.437326283831985e-04
2.990000000000001e+00  4.725569608984050e-03  4.829115275666065e-03  -1.035456666820152e-04
3.000000000000001e+00  4.692248407098758e-03  4.756769301102211e-03  -6.452089400345307e-05
3.010000000000001e+00  4.655823277699082e-03  4.682475088200976e-03  -2.665181050189470e-05
3.020000000000001e+00  4.616463096475293e-03  4.606394157775613e-03  1.006893869968072e-05
3.030000000000001e+00  4.574333240525898e-03  4.528683720475128e-03  4.564952005076985e-05
3.040000000000001e+00  4.529595524482555e-03  4.449496655446304e-03  8.009886903625162e-05
3.050000000000001e+00  4.482408143764416e-03  4.368981495186188e-03  1.134266485782274e-04
3.060000000000001e+00  4.432925624757856e-03  4.287282416365740e-03  1.456432083921152e-04
3.070000000000001e+00  4.381298781717494e-03  4.204539236406644e-03  1.767595453108506e-04
3.080000000000001e+00  4.327674680182350e-03  4.120887415594448e-03  2.067872645879019e-04
3.090000000000001e+00  4.272196606700840e-03  4.036458064512081e-03  2.357385421887584e-04
3.100000000000001e+00  4.215004044657121e-03  3.951377956579581e-03  2.636260880775404e-04
3.110000000000001e+00  4.156232655991797e-03  3.865769545487141e-03  2.904631105046561e-04
3.120000000000001e+00  4.096014268609479e-03  3.779750987310611e-03  3.162632812988672e-04
3.130000000000001e+00  4.034476869266181e-03  3.693436167101054e-03  3.410407021651272e-04
3.140000000000001e+00  3.971744601730603e-03  3.606934729741424e-03  3.648098719891794e-04
3.150000000000001e+00  3.907937770013459e-03  3.520352114866549e-03  3.875856551469091e-04
3.160000000000001e+00  3.843172846460469e-03  3.433789595644929e-03  4.093832508155404e-04
3.170000000000001e+00  3.777562484506344e-03  3.347344321223562e-03  4.302181632827823e-04
3.180000000000001e+00  3.711215535887745e-03  3.261109362640071e-03  4.501061732476740e-04
3.190000000000001e+00  3.644237072115946e-03  3.175173762009599e-03  4.690633101063473e-04
3.200000000000001e+00  3.576728410011189e-03  3.089622584796487e-03  4.871058252147024e-04
3.210000000000001e+00  3.508787141103201e-03  3.004536974985226e-03  5.042501661179756e-04
3.220000000000001e+00  3.440507164704684e-03  2.919994212967125e-03  5.205129517375593e-04
3.230000000000001e+00  3.371978724467161e-03  2.836067775964059e-03  5.359109485031021e-04
3.240000000000001e+00  3.303288448230818e-03  2.752827400813383e-03  5.504610474174358e-04
3.250000000000001e+00  3.234519390983670e-03  2.670339148942351e-03  5.641802420413185e-04
3.260000000000001e+00  3.165751080747230e-03  2.588665473363574e-03  5.770856073836561e-04
3.270000000000001e+00  3.097059567210350e-03  2.507865287527993e-03  5.891942796823571e-04
3.280000000000001e+00  3.028517472934802e-03  2.427994035874276e-03  6.005234370605262e-04
3.290000000000001e+00  2.960194046960489e-03  2.349103765919230e-03  6.110902810412592e-04
3.300000000000001e+00  2.892155220641111e-03  2.271243201736335e-03  6.209120189047761e-04
3.310000000000001e+00  2.824463665545186e-03  2.194457818674958e-03  6.300058468702279e-04
3.320000000000001e+00  2.757178853260323e-03  2.118789919175579e-03  6.383889340847442e-04
3.330000000000001e+00  2.690357116943179e-03  2.044278709542079e-03  6.460784074011003e-04
3.340000000000001e+00  2.624051714460536e-03  1.970960377534626e-03  6.530913369259092e-04
3.350000000000001e+00  2.558312892971735e-03  1.898868170652500e-03  6.594447223192347e-04
3.360000000000001e+00  2.493187954805629e-03  1.828032474979320e-03  6.651554798263086e-04
3.370000000000001e+00  2.428721324490228e-03  1.758480894467600e-03  6.702404300226276e-04
3.380000000000001e+00  2.364954616796483e-03  1.690238330544389e-03  6.747162862520933e-04
3.390000000000001e+00  2.301926705662249e-03  1.623327061922988e-03  6.785996437392605e-04
3.400000000000001e+00  2.239673793866247e-03  1.557766824510700e-03  6.819069693555471e-04
3.410000000000001e+00  2.178229483326106e-03  1.493574891306469e-03  6.846545920196373e-04
3.420000000000001e+00  2.117624845898840e-03  1.430766152186376e-03  6.868586937124647e-04
3.430000000000001e+00  2.057888494566034e-03  1.369353193479282e-03  6.885353010867526e-04
3.440000000000001e+00  1.999046654890320e-03  1.309346377238764e-03  6.897002776515557e-04
3.450000000000001e+00  1.941123236634004e-03  1.250753920121913e-03  6.903693165120908e-04
3.460000000000001e+00  1.884139905434563e-03  1.193581971789170e-03  6.905579336453933e-04
3.470000000000001e+00  1.828116154435946e-03  1.137834692743793e-03  6.902814616921529e-04
3.480000000000001e+00  1.773069375779197e-03  1.083514331533101e-03  6.895550442460961e-04
3.490000000000001e+00  1.719014931859165e-03  1.030621301237874e-03  6.883936306212911e-04
3.500000000000001e+00  1.665966226258918e-03  9.791542551799098e-04  6.868119710790083e-04
3.510000000000001e+00  1.613934774277086e-03  9.291101617815370e-04  6.848246124955491e-04
3.520000000000001e+00  1.562930272967354e-03  8.804843785146170e-04  6.824458944527365e-04
3.530000000000001e+00  1.512960670613635e-03  8.332707248805981e-04  6.796899457330371e-04
3.540000000000001e+00  1.464032235567825e-03  7.874615543657600e-04  6.765706812020646e-04
3.550000000000001e+00  1.416149624381315e-03  7.430478253207903e-04  6.731017990605246e-04
3.560000000000001e+00  1.369315949165095e-03  7.000191707158231e-04  6.692967784492723e-04
3.570000000000001e+00  1.323532844116975e-03  6.583639667265355e-04  6.651688773904397e-04
3.580000000000001e+00  1.278800531158188e-03  6.180694001096494e-04  6.607311310485387e-04
3.590000000000001e+00  1.235117884625266e-03  5.791215343295142e-04  6.559963502957521e-04
3.600000000000001e+00  1.192482494966615e-03  5.415053744007784e-04  6.509771205658366e-04
3.610000000000001e+00  1.150890731396652e-03  5.052049304150869e-04  6.456858009815650e-04
3.620000000000001e+00  1.110337803463911e-03  4.702032797226771e-04  6.401345237412334e-04
3.630000000000001e+00  1.070817821492638e-03  4.364826277429470e-04  6.343351937496912e-04
3.640000000000001e+00  1.032323855860998e-03  4.040243673805733e-04  6.282994884804250e-04
3.650000000000001e+00  9.948479950817708e-04  3.728091370267482e-04  6.220388580550225e-04
3.660000000000001e+00  9.583814026549057e-04  3.428168771277693e-04  6.155645255271364e-04
3.670000000000001e+00  9.229143726641638e-04  3.140268853055660e-04  6.088874873585978e-04
3.680000000000001e+00  8.884363840929051e-04  2.864178700177074e-04  6.020185140751977e-04
3.690000000000001e+00  8.549361538372653e-04  2.599680027463935e-04  5.949681510908718e-04
3.700000000000001e+00  8.224016883974091e-04  2.346549687085341e-04  5.877467196888750e-04
3.710000000000001e+00  7.908203342304054e-04  2.104560160813831e-04  5.803643181490224e-04
3.720000000000001e+00  7.601788267508661e-04  1.873480037399841e-04  5.728308230108821e-04
3.730000000000001e+00  7.304633379680779e-04  1.653074475053078e-04  5.651558904627701e-04
3.740000000000001e+00  7.016595227505730e-04  1.443105649034675e-04  5.573489578471055e-04
3.750000000000001e+00  6.737525637117138e-04  1.243333184387130e-04  5.494192452730009e-04
3.760000000000001e+00  6.467272147120247e-04  1.053514573846152e-04  5.413757573274095e-04
3.770000000000001e+00  6.205678429759839e-04  8.734055809949193e-05  5.332272848764919e-04
3.780000000000001e+00  5.952584698235241e-04  7.027606287419126e-05  5.249824069493329e-04
3.790000000000001e+00  5.707828100180062e-04  5.413331732148681e-05  5.166494926965193e-04
3.800000000000001e+00  5.471243097348516e-04  3.888760631834749e-05  5.082367034165041e-04
3.810000000000001e+00  5.242661831562587e-04  2.451418851342487e-05  4.997519946428338e-04
3.820000000000001e+00  5.021914476999707e-04  1.098832941375302e-05  4.912031182862177e-04
3.830000000000001e+00  4.808829578908203e-04  -1.714666934186412e-06  4.825976248250068e-04
3.840000000000001e+00  4.603234378862882e-04  -1.361942765253623e-05  4.739428655388244e-04
3.850000000000001e+00  4.404955126680009e-04  -2.475048211164232e-05  4.652459947796432e-04
3.860000000000001e+00  4.213817379132264e-04  -3.513223436250115e-05  4.565139722757275e-04
3.870000000000001e+00  4.029646285611486e-04  -4.478893690224617e-05  4.477535654633948e-04
3.880000000000001e+00  3.852266860906150e-04  -5.374466575196886e-05  4.389713518425838e-04
3.890000000000001e+00  3.681504245265773e-04  -6.202329682525785e-05  4.301737213518352e-04
3.900000000000001e+00  3.517183951941559e-04  -6.964848356508368e-05  4.213668787592396e-04
3.910000000000001e+00  3.359132102399510e-04  -7.664363582571268e-05  4.125568460656636e-04
3.920000000000001e+00  3.207175649413262e-04  -8.303189997581476e-05  4.037494649171410e-04
3.930000000000001e+00  3.061142588251715e-04  -8.883614019814005e-05  3.949503990233115e-04
3.940000000000001e+00  2.920862156188616e-04  -9.407892096069608e-05  3.861651365795577e-04
3.950000000000001e+00  2.786165020562177e-04  -9.878249063361488e-05  3.773989926898326e-04
3.960000000000001e+00  2.656883455628033e-04  -1.029687662257189e-04  3.686571117885223e-04
3.970000000000001e+00  2.532851508447244e-04  -1.066593192140667e-04  3.599444700587911e-04
3.980000000000001e+00  2.413905154063086e-04  -1.098753624395895e-04  3.512658778458981e-04
3.990000000000001e+00  2.299882440221639e-04  -1.126377380415969e-04  3.426259820637608e-04
4.000000000000001e+00  2.190623621897639e-04  -1.149669064035857e-04  3.340292685933496e-04
4.010000000000001e+00  2.085971285888835e-04  -1.168829360825272e-04  3.254800646714106e-04
4.020000000000001e+00  1.985770465750070e-04  -1.184054946938796e-04  3.169825412688866e-04
4.030000000000001e+00  1.889868747333732e-04  -1.195538407241455e-04  3.085407154575186e-04
4.040000000000001e+00  1.798116365213513e-04  -1.203468162428236e-04  3.001584527641749e-04
4.050000000000001e+00  1.710366290264156e-04  -1.208028404856912e-04  2.918394695121068e-04
4.060000000000001e+00  1.626474308675116e-04  -1.209399042811131e-04  2.835873351486247e-04
4.070000000000001e+00  1.546299092673593e-04  -1.207755652912039e-04  2.754054745585631e-04
4.080000000000001e+00  1.469702263236016e-04  -1.203269440398997e-04  2.672971703635013e-04
4.090000000000001e+00  1.396548445064660e-04  -1.196107206997985e-04  2.592655652062645e-04
4.100000000000001e+00  1.326705314106327e-04  -1.186431326100155e-04  2.513136640206482e-04
4.110000000000001e+00  1.260043637889549e-04  -1.174399724972714e-04  2.434443362862263e-04
4.120000000000001e+00  1.196437308955043e-04  -1.160165873729105e-04  2.356603182684148e-04
4.130000000000001e+00  1.135763371652569e-04  -1.143878780784208e-04  2.279642152436776e-04
4.140000000000001e+00  1.077902042575777e-04  -1.125682994525357e-04  2.203585037101134e-04
4.150000000000001e+00  1.022736724903640e-04  -1.105718610932557e-04  2.128455335836197e-04
4.160000000000001e+00  9.701540169147092e-05  -1.084121286882935e-04  2.054275303797644e-04
4.170000000000001e+00  9.200437149387498e-05  -1.061022258879627e-04  1.981065973818377e-04
4.180000000000001e+00  8.722988110042073e-05  -1.036548366946819e-04  1.908847177951026e-04
4.190000000000001e+00  8.268154854402070e-05  -1.010822083439036e-04  1.837637568879243e-04
4.200000000000001e+00  7.834930946848220e-05  -9.839615465131371e-05  1.767454641197959e-04
4.210000000000001e+00  7.422341545497194e-05  -9.560805980200339e-05  1.698314752569753e-04
4.220000000000001e+00  7.029443191853502e-05  -9.272888255726388e-05  1.630233144757989e-04
4.230000000000001e+00  6.655323559884402e-05  -8.976916085544371e-05  1.563223964542877e-04
4.240000000000001e+00  6.299101166870803e-05  -8.673901678374040e-05  1.497300284524484e-04
4.250000000000001e+00  5.959925048354077e-05  -8.364816189795611e-05  1.432474123814969e-04
4.260000000000001e+00  5.636974399439021e-05  -8.050590286820449e-05  1.368756468625947e-04
4.270000000000001e+00  5.329458184683460e-05  -7.732114742858595e-05  1.306157292754205e-04
4.280000000000001e+00  5.036614718716830e-05  -7.410241060971664e-05  1.244685577968849e-04
4.290000000000001e+00  4.757711219722577e-05  -7.085782123329816e-05  1.184349334305239e-04
4.300000000000001e+00  4.492043337827859e-05  -6.759512864843664e-05  1.125155620267152e-04
4.310000000000001e+00  4.238934660413391e-05  -6.432170969007402e-05  1.067110562942079e-04
4.320000000000001e+00  3.997736196292863e-05  -6.104457584036040e-05  1.010219378032890e-04
4.330000000000001e+00  3.767825840649589e-05  -5.777038057419567e-05  9.544863898069156e-05
4.340000000000001e+00  3.548607822572797e-05  -5.450542687100290e-05  8.999150509673087e-05
4.350000000000001e+00  3.339512136973827e-05  -5.125567487495268e-05  8.465079624469095e-05
4.360000000000001e+00  3.139993962604627e-05  -4.802674968686208e-05  7.942668931290836e-05
4.370000000000001e+00  2.949533067845895e-05  -4.482394927102763e-05  7.431927994948657e-05
4.380000000000001e+00  2.767633205869785e-05  -4.165225246128450e-05  6.932858451998235e-05
4.390000000000001e+00  2.593821500734281e-05  -3.851632705065798e-05  6.445454205800078e-05
4.400000000000001e+00  2.427647825899553e-05  -3.542053794997391e-05  5.969701620896944e-05
4.410000000000001e+00  2.268684176600129e-05  -3.236895540097675e-05  5.505579716697804e-05
4.420000000000001e+00  2.116524037459809e-05  -2.936536323019074e-05  5.053060360478883e-05
4.430000000000001e+00  1.970781746665017e-05  -2.641326713029091e-05  4.612108459694108e-05
4.440000000000001e+00  1.831091857965500e-05  -2.351590295634511e-05  4.182682153600011e-05
4.450000000000001e+00  1.697108501714801e-05  -2.067624502452728e-05  3.764733004167529e-05
4.460000000000001e+00  1.568504746099380e-05  -1.789701440188617e-05  3.358206186287996e-05
4.470000000000001e+00  1.444971959667148e-05  -1.518068717579675e-05  2.963040677246823e-05
4.480000000000001e+00  1.326219176191186e-05  -1.252950269256513e-05  2.579169445447699e-05
4.490000000000001e+00  1.211972462868826e-05  -9.945471754989372e-06  2.206519638367764e-05
4.500000000000001e+00  1.101974292790806e-05  -7.430384769215881e-06  1.845012769712394e-05
4.510000000000001e+00  9.959829225733550e-06  -4.985819831771917e-06  1.494564905750547e-05
4.520000000000001e+00  8.937717759929182e-06  -2.613150747955373e-06  1.155086850788456e-05
4.530000000000001e+00  7.951288344004568e-06  -3.135549735252134e-07  8.264843317529781e-06
4.540000000000001e+00  6.998560346681173e-06  1.911978528175460e-06  5.086581818505713e-06
4.550000000000001e+00  6.077686753470419e-06  4.062641520953422e-06  2.015045232516998e-06
4.560000000000001e+00  5.186948316899661e-06  6.137798829233845e-06  -9.508505123341847e-07
4.570000000000001e+00  4.324747801249981e-06  8.136980776627012e-06  -3.812232975377031e-06
4.580000000000001e+00  3.489604327463705e-06  1.005987573568031e-05  -6.570271408216608e-06
4.590000000000001e+00  2.680147823183577e-06  1.190632279434679e-05  -9.226174971163219e-06
4.600000000000001e+00  1.895113582685889e-06  1.367630454439869e-05  -1.178119096171281e-05
4.610000000000001e+00  1.133336940932131e-06  1.536993999655026e-05  -1.423660305561813e-05
4.620000000000001e+00  3.937480655204467e-07  1.698747762663901e-05  -1.659372956111856e-05
4.630000000000001e+00  -3.246331298775891e-07  1.852928855707411e-05  -1.885392168695170e-05
4.640000000000001e+00  -1.022701947641828e-06  1.999585987697790e-05  -2.101856182461973e-05
4.650000000000001e+00  -1.701273741099263e-06  2.138778810451037e-05  -2.308906184560964e-05
4.660000000000001e+00  -2.361088619878300e-06  2.270577279427255e-05  -2.506686141415085e-05
4.670000000000001e+00  -3.002816023669672e-06  2.395061029244047e-05  -2.695342631611014e-05
4.680000000000001e+00  -3.627059162736226e-06  2.512318764192880e-05  -2.875024680466502e-05
4.690000000000001e+00  -4.234359323801673e-06  2.622447663960841e-05  -3.045883596341008e-05
4.700000000000001e+00  -4.825200040249546e-06  2.725552804723324e-05  -3.208072808748279e-05
4.710000000000001e+00  -5.400011125842555e-06  2.821746595758119e-05  -3.361747708342374e-05
4.720000000000001e+00  -5.959172571543019e-06  2.911148231678785e-05  -3.507065488833087e-05
4.730000000000001e+00  -6.503018305123914e-06  2.993883160389866e-05  -3.644184990902257e-05
4.740000000000001e+00  -7.031839813704458e-06  3.070082566809977e-05  -3.773266548180423e-05
4.750000000000001e+00  -7.545889629380072e-06  3.139882872405658e-05  -3.894471835343665e-05
4.760000000000001e+00  -8.045384678614373e-06  3.203425250547266e-05  -4.007963718408704e-05
4.770000000000001e+00  -8.530509495991090e-06  3.260855157666225e-05  -4.113906107265334e-05
4.780000000000001e+00  -9.001419303342358e-06  3.312321880195774e-05  -4.212463810530010e-05
4.790000000000001e+00  -9.458242955410161e-06  3.357978097221458e-05  -4.303802392762474e-05
4.800000000000001e+00  -9.901085753350071e-06  3.397979458782180e-05  -4.388088034117187e-05
4.810000000000001e+00  -1.033003212759786e-05  3.432484179721041e-05  -4.465487392480827e-05
4.820000000000001e+00  -1.074514819177369e-05  3.461652648973521e-05  -4.536167468150890e-05
4.830000000000001e+00  -1.114648416950777e-05  3.485647054166465e-05  -4.600295471117242e-05
4.840000000000001e+00  -1.153407669606715e-05  3.504631021383002e-05  -4.658038690989718e-05
4.850000000000001e+00  -1.190795099697286e-05  3.518769269929200e-05  -4.709564369626486e-05
4.860000000000001e+00  -1.226812294587773e-05  3.528227281932495e-05  -4.755039576520268e-05
4.870000000000001e+00  -1.261460100394179e-05  3.533170986576481e-05  -4.794631086970661e-05
4.880000000000001e+00  -1.294738804329238e-05  3.533766458778245e-05  -4.828505263107483e-05
4.890000000000001e+00  -1.326648305703459e-05  3.530179632089944e-05  -4.856827937793402e-05
4.900000000000001e+00  -1.357188275849091e-05  3.522576025598336e-05  -4.879764301447427e-05
4.910000000000001e+00  -1.386358307244755e-05  3.511120484593706e-05  -4.897478791838461e-05
4.920000000000001e+00  -1.414158052108605e-05  3.495976934757327e-05  -4.910134986865932e-05
4.930000000000001e+00  -1.440587350753951e-05  3.477308149618929e-05  -4.917895500372880e-05
4.940000000000001e+00  -1.465646349998932e-05  3.455275531016952e-05  -4.920921881015884e-05
4.950000000000001e+00  -1.489335611921220e-05  3.430038902300440e-05  -4.919374514221661e-05
4.960000000000001e+00  -1.511656213257728e-05  3.401756313988329e-05  -4.913412527246056e-05
4.970000000000001e+00  -1.532609835759856e-05  3.370583861614269e-05  -4.903193697374126e-05
4.980000000000001e+00  -1.552198847795865e-05  3.336675515460182e-05  -4.888874363256047e-05
4.990000000000001e+00  -1.570426377522896e-05  3.300182961893248e-05  -4.870609339416144e-05
5.000000000000001e+00  -1.587296377924688e-05  3.261255456010349e-05  -4.848551833935036e-05
5.010000000000001e+00  -1.602813684029343e-05  3.220039685287775e-05  -4.822853369317118e-05
5.020000000000001e+00  -1.616984062618335e-05  3.176679643937498e-05  -4.793663706555833e-05
5.030000000000001e+00  -1.629814254727366e-05  3.131316517661038e-05  -4.761130772388404e-05
5.040000000000001e+00  -1.641312011256184e-05  3.084088578501148e-05  -4.725400589757332e-05
5.050000000000001e+00  -1.651486121984295e-05  3.035131089477430e-05  -4.686617211461725e-05
5.060000000000001e+00  -1.660346438300642e-05  2.984576218701163e-05  -4.644922657001805e-05
5.070000000000001e+00  -1.667903889950674e-05  2.932552962659488e-05  -4.600456852610162e-05
5.080000000000001e+00  -1.674170496090523e-05  2.879187078362853e-05  -4.553357574453375e-05
5.090000000000001e+00  -1.679159370951150e-05  2.824601024041920e-05  -4.503760394993070e-05
5.100000000000001e+00  -1.682884724400655e-05  2.768913908094094e-05  -4.451798632494749e-05
5.110000000000001e+00  -1.685361857689790e-05  2.712241445971185e-05  -4.397603303660976e-05
5.120000000000001e+00  -1.686607154663387e-05  2.654695924702208e-05  -4.341303079365595e-05
5.130000000000001e+00  -1.686638068719085e-05  2.596386174754244e-05  -4.283024243473329e-05
5.140000000000001e+00  -1.685473105778467e-05  2.537417548931672e-05  -4.222890654710139e-05
5.150000000000001e+00  -1.683131803545682e-05  2.477891908012710e-05  -4.161023711558392e-05
5.160000000000001e+00  -1.679634707305889e-05  2.417907612839018e-05  -4.097542320144907e-05
5.170000000000001e+00  -1.675003342530872e-05  2.357559522562405e-05  -4.032562865093276e-05
5.180000000000001e+00  -1.669260184527230e-05  2.296938998765291e-05  -3.966199183292520e-05
5.190000000000001e+00  -1.662428625382494e-05  2.236133915173217e-05  -3.898562540555710e-05
5.200000000000001e+00  -1.654532938437852e-05  2.175228672683937e-05  -3.829761611121789e-05
5.210000000000001e+00  -1.645598240522350e-05  2.114304219435976e-05  -3.759902459958327e-05
5.220000000000001e+00  -1.635650452171122e-05  2.053438075654438e-05  -3.689088527825560e-05
5.230000000000001e+00  -1.624716256040525e-05  1.992704363006136e-05  -3.617420619046661e-05
5.240000000000001e+00  -1.612823053736307e-05  1.932173838206338e-05  -3.544996891942645e-05
5.250000000000001e+00  -1.599998921251606e-05  1.871913930629702e-05  -3.471912851881308e-05
5.260000000000001e+00  -1.586272563216024e-05  1.811988783669374e-05  -3.398261346885398e-05
5.270000000000001e+00  -1.571673266137441e-05  1.752459299610463e-05  -3.324132565747904e-05
5.280000000000001e+00  -1.556230850825578e-05  1.693383187775581e-05  -3.249614038601159e-05
5.290000000000001e+00  -1.539975624165306e-05  1.634815015715074e-05  -3.174790639880380e-05
5.300000000000001e+00  -1.522938330409495e-05  1.576806263217330e-05  -3.099744593626825e-05
5.310000000000001e+00  -1.505150102153030e-05  1.519405378918813e-05  -3.024555481071842e-05
5.320000000000001e+00  -1.486642411137016e-05  1.462657839301685e-05  -2.949300250438700e-05
5.330000000000001e+00  -1.467447019029664e-05  1.406606209873292e-05  -2.874053228902956e-05
5.340000000000001e+00  -1.447595928323846e-05  1.351290208323723e-05  -2.798886136647569e-05
5.350000000000001e+00  -1.427121333485458e-05  1.296746769472457e-05  -2.723868102957915e-05
5.360000000000001e+00  -1.406055572467166e-05  1.243010111809750e-05  -2.649065684276916e-05
5.370000000000001e+00  -1.384431078718155e-05  1.190111805452808e-05  -2.574542884170963e-05
5.380000000000001e+00  -1.362280333791222e-05  1.138080841343034e-05  -2.500361175134255e-05
5.390000000000001e+00  -1.339635820655870e-05  1.086943701508889e-05  -2.426579522164758e-05
5.400000000000001e+00  -1.316529977812878e-05  1.036724430237385e-05  -2.353254408050263e-05
5.410000000000001e+00  -1.292995154304116e-05  9.874447059875090e-06  -2.280439860291625e-05
5.420000000000001e+00  -1.269063565698887e-05  9.391239139051738e-06  -2.208187479604061e-05
5.430000000000001e+00  -1.244767251138375e-05  8.917792187807441e-06  -2.136546469919119e-05
5.440000000000001e+00  -1.220138031509275e-05  8.454256383211676e-06  -2.065563669830442e-05
5.450000000000001e+00  -1.195207468812107e-05  8.000761165958499e-06  -1.995283585407957e-05
5.460000000000001e+00  -1.170006826787669e-05  7.557415975287645e-06  -1.925748424316433e-05
5.470000000000001e+00  -1.144567032852525e-05  7.124310983179831e-06  -1.856998131170509e-05
5.480000000000001e+00  -1.118918641397301e-05  6.701517826617339e-06  -1.789070424059035e-05
5.490000000000001e+00  -1.093091798488402e-05  6.289090336821412e-06  -1.722000832170543e-05
5.500000000000001e+00  -1.067116208014131e-05  5.887065264414996e-06  -1.655822734455631e-05
5.510000000000001e+00  -1.041021099304395e-05  5.495462999492697e-06  -1.590567399253665e-05
5.520000000000001e+00  -1.014835196264855e-05  5.114288285663087e-06  -1.526264024831164e-05
5.530000000000001e+00  -9.885866880300368e-06  4.743530927161065e-06  -1.462939780746143e-05
5.540000000000001e+00  -9.623032011757610e-06  4.383166488193088e-06  -1.400619849995070e-05
5.550000000000001e+00  -9.360117734904383e-06  4.033156983724511e-06  -1.339327471862889e-05
5.560000000000001e+00  -9.097388293245245e-06  3.693451560928428e-06  -1.279083985417367e-05
5.570000000000001e+00  -8.835101565229164e-06  3.363987170687408e-06  -1.219908873591657e-05
5.580000000000001e+00  -8.573508849405600e-06  3.044689228366865e-06  -1.161819807777247e-05
5.590000000000001e+00  -8.312854665460648e-06  2.735472263405294e-06  -1.104832692886594e-05
5.600000000000001e+00  -8.053376571019280e-06  2.436240557040053e-06  -1.048961712805933e-05
5.610000000000001e+00  -7.795304994221989e-06  2.146888767735697e-06  -9.942193761957685e-06
5.620000000000001e+00  -7.538863081876077e-06  1.867302543793859e-06  -9.406165625669935e-06
5.630000000000001e+00  -7.284266563103755e-06  1.597359122745792e-06  -8.881625685849547e-06
5.640000000000001e+00  -7.031723628317362e-06  1.336927917137964e-06  -8.368651545455326e-06
5.650000000000001e+00  -6.781434823276218e-06  1.085871086311174e-06  -7.867305909587391e-06
5.660000000000001e+00  -6.533592958064393e-06  8.440440939484248e-07  -7.377637052012818e-06
5.670000000000001e+00  -6.288383030705135e-06  6.112962510299701e-07  -6.899679281735105e-06
5.680000000000001e+00  -6.045982165150945e-06  3.874712440151997e-07  -6.433453409166145e-06
5.690000000000001e+00  -5.806559563376434e-06  1.724076479994054e-07  -5.978967211375839e-06
5.700000000000001e+00  -5.570276471242660e-06  -3.406057527856032e-08  -5.536215895964100e-06
5.710000000000001e+00  -5.337286157827402e-06  -2.321035947569495e-07  -5.105182563070453e-06
5.720000000000001e+00  -5.107733907855054e-06  -4.218952427958782e-07  -4.685838665059175e-06
5.730000000000001e+00  -4.881757026902452e-06  -6.036125634173812e-07  -4.278144463485071e-06
5.740000000000001e+00  -4.659484858959749e-06  -7.774353761123471e-07  -3.882049482847402e-06
5.750000000000001e+00  -4.441038816018861e-06  -9.435458552086093e-07  -3.497492960810252e-06
5.760000000000001e+00  -4.226532419233018e-06  -1.102128124822125e-06  -3.124404294410893e-06
5.770000000000001e+00  -4.016071351311993e-06  -1.253367869371778e-06  -2.762703481940215e-06
5.780000000000001e+00  -3.809753519654839e-06  -1.397451959562164e-06  -2.412301560092675e-06
5.790000000000001e+00  -3.607669129886596e-06  -1.534568093792730e-06  -2.073101036093866e-06
5.800000000000001e+00  -3.409900769292946e-06  -1.664904454910864e-06  -1.744996314382081e-06
5.810000000000001e+00  -3.216523499777290e-06  -1.788649382142404e-06  -1.427874117634886e-06
5.820000000000001e+00  -3.027604959873573e-06  -1.905991058114930e-06  -1.121613901758643e-06
5.830000000000001e+00  -2.843205475370509e-06  -2.017117210775178e-06  -8.260882645953314e-07
5.840000000000001e+00  -2.663378178131500e-06  -2.122214830055907e-06  -5.411633480755931e-07
5.850000000000001e+00  -2.488169132641843e-06  -2.221469899080681e-06  -2.666992335611623e-07
5.860000000000001e+00  -2.317617469843692e-06  -2.315067139725939e-06  -2.550330117753897e-09
5.870000000000001e+00  -2.151755527829115e-06  -2.403189772296288e-06  2.514342444671729e-07
5.880000000000001e+00  -1.990608998928311e-06  -2.486019289074803e-06  4.954102901464920e-07
5.890000000000001e+00  -1.834197082779409e-06  -2.563735241541399e-06  7.295381587619901e-07
5.900000000000001e+00  -1.682532644915840e-06  -2.636515040945972e-06  9.539823960301321e-07
5.910000000000001e+00  -1.535622380462545e-06  -2.704533772016533e-06  1.168911391553989e-06
5.920000000000001e+00  -1.393466982503200e-06  -2.767964019477255e-06  1.374497036974055e-06
5.930000000000001e+00  -1.256061314692524e-06  -2.826975707131833e-06  1.570914392439309e-06
5.940000000000001e+00  -1.123394587701027e-06  -2.881735949180190e-06  1.758341361479164e-06
5.950000000000001e+00  -9.954505390929512e-07  -2.932408913485687e-06  1.936958374392736e-06
5.960000000000001e+00  -8.722076162051541e-07  -2.979155696470282e-06  2.106948080265127e-06
5.970000000000001e+00  -7.536391616773620e-07  -3.022134209324548e-06  2.268495047647186e-06
5.980000000000001e+00  -6.397136011866673e-07  -3.061499075226345e-06  2.421785474039677e-06
5.990000000000001e+00  -5.303946330712709e-07  -3.097401537207093e-06  2.567006904135822e-06
6.000000000000001e+00  -4.256414194192149e-07  -3.129989376370097e-06  2.704347956950882e-06
6.010000000000001e+00  -3.254087782995181e-07  -3.159406840122276e-06  2.833998061822758e-06
6.020000000000001e+00  -2.296473767526410e-07  -3.185794580055849e-06  2.956147203303208e-06
6.030000000000001e+00  -1.383039242408334e-07  -3.209289599200731e-06  3.070985674959898e-06
6.040000000000001e+00  -5.132136617523126e-08  -3.230025208254965e-06  3.178703842079734e-06
6.050000000000001e+00  3.136092274873383e-08  -3.248130990474586e-06  3.279491913223320e-06
6.060000000000001e+00  1.098069457653159e-07  -3.263732774923470e-06  3.373539720688786e-06
6.070000000000001e+00  1.840838920602185e-07  -3.276952617676080e-06  3.461036509736299e-06
6.080000000000001e+00  2.542619458939754e-07  -3.287908790704698e-06  3.542170736598673e-06
6.090000000000001e+00  3.204140971585508e-07  -3.296715778092220e-06  3.617129875250771e-06
6.100000000000001e+00  3.826159535237391e-07  -3.303484279218744e-06  3.686100232742483e-06
6.110000000000001e+00  4.409455545379293e-07  -3.308321218642202e-06  3.749266773180131e-06
6.120000000000001e+00  4.954831878532046e-07  -3.311329762322754e-06  3.806812950175959e-06
6.130000000000001e+00  5.463112078387297e-07  -3.312609339844737e-06  3.858920547683467e-06
6.140000000000001e+00  5.935138567718148e-07  -3.312255672391202e-06  3.905769529163016e-06
6.150000000000001e+00  6.371770888520469e-07  -3.310360806074998e-06  3.947537894927045e-06
6.160000000000001e+00  6.773883971985872e-07  -3.307013150393420e-06  3.984401547592008e-06
6.170000000000001e+00  7.142366440299403e-07  -3.302297521451767e-06  4.016534165481707e-06
6.180000000000001e+00  7.478118941932545e-07  -3.296295189689746e-06  4.044107083883000e-06
6.190000000000001e+00  7.782052522070824e-07  -3.289083931802553e-06  4.067289184009636e-06
6.200000000000001e+00  8.055087029723846e-07  -3.280738086591145e-06  4.086246789563529e-06
6.210000000000001e+00  8.298149562642511e-07  -3.271328614437929e-06  4.101143570702180e-06
6.220000000000001e+00  8.512172951591981e-07  -3.260923160154687e-06  4.112140455313885e-06
6.230000000000001e+00  8.698094285056048e-07  -3.249586118929360e-06  4.119395547434965e-06
6.240000000000001e+00  8.856853475250620e-07  -3.237378705110993e-06  4.123064052636056e-06
6.250000000000001e+00  8.989391866683106e-07  -3.224359023579049e-06  4.123298210247359e-06
6.260000000000001e+00  9.096650887751882e-07  -3.210582143465529e-06  4.120247232240718e-06
6.270000000000001e+00  9.179570746526716e-07  -3.196100173951234e-06  4.114057248603906e-06
6.280000000000001e+00  9.239089170988779e-07  -3.180962341964795e-06  4.104871259063673e-06
6.290000000000001e+00  9.276140194283722e-07  -3.165215071504281e-06  4.092829090932654e-06
6.300000000000001e+00  9.291652985749670e-07  -3.148902064383661e-06  4.078067362958629e-06
6.310000000000001e+00  9.286550727834322e-07  -3.132064382207052e-06  4.060719454990484e-06
6.320000000000001e+00  9.261749539087580e-07  -3.114740529340151e-06  4.040915483248909e-06
6.330000000000001e+00  9.218157443580395e-07  -3.096966536717390e-06  4.018782281075429e-06
6.340000000000001e+00  9.156673386740871e-07  -3.078776046235323e-06  3.994443384909410e-06
6.350000000000001e+00  9.078186297650557e-07  -3.060200395645680e-06  3.968019025410736e-06
6.360000000000001e+00  8.983574197765316e-07  -3.041268703661910e-06  3.939626123438442e-06
6.370000000000001e+00  8.873703355748986e-07  -3.022007955202671e-06  3.909378290777570e-06
6.380000000000001e+00  8.749427488419667e-07  -3.002443086557000e-06  3.877385835398967e-06
6.390000000000001e+00  8.611587007406526e-07  -2.982597070347233e-06  3.843755771087886e-06
6.400000000000001e+00  8.461008311107613e-07  -2.962491000122783e-06  3.808591831233544e-06
6.410000000000001e+00  8.298503121693382e-07  -2.942144174458443e-06  3.771994486627781e-06
6.420000000000001e+00  8.124867866460878e-07  -2.921574180413377e-06  3.734060967059465e-06
6.430000000000001e+00  7.940883103187661e-07  -2.900796976234174e-06  3.694885286552940e-06
6.440000000000001e+00  7.747312988834000e-07  -2.879826973184441e-06  3.654558272067841e-06
6.450000000000001e+00  7.544904790899072e-07  -2.858677116368677e-06  3.613167595458584e-06
6.460000000000001e+00  7.334388440768434e-07  -2.837358964466801e-06  3.570797808543644e-06
6.470000000000001e+00  7.116476128353477e-07  -2.815882768259236e-06  3.527530381094584e-06
6.480000000000001e+00  6.891861937231918e-07  -2.794257547870337e-06  3.483443741593529e-06
6.490000000000001e+00  6.661221519393028e-07  -2.772491168620305e-06  3.438613320559607e-06
6.500000000000001e+00  6.425211808822936e-07  -2.750590415414543e-06  3.393111596296837e-06
6.510000000000001e+00  6.184470773010914e-07  -2.728561065595336e-06  3.347008142896427e-06
6.520000000000001e+00  5.939617201499992e-07  -2.706407960180555e-06  3.300369680330554e-06
6.530000000000001e+00  5.691250530333427e-07  -2.684135073430198e-06  3.253260126463541e-06
6.540000000000001e+00  5.439950701780661e-07  -2.661745580675026e-06  3.205740650853093e-06
6.550000000000001e+00  5.186278057990701e-07  -2.639241924358711e-06  3.157869730157781e-06
6.560000000000001e+00  4.930773267745031e-07  -2.616625878246106e-06  3.109703205020610e-06
6.570000000000001e+00  4.673957285257083e-07  -2.593898609748545e-06  3.061294338274253e-06
6.580000000000001e+00  4.416331339934479e-07  -2.571060740331095e-06  3.012693874324543e-06
6.590000000000001e+00  4.158376955973218e-07  -2.548112403971435e-06  2.963950099568757e-06
6.600000000000001e+00  3.900556000934310e-07  -2.525053303636131e-06  2.915108903729562e-06
6.610000000000001e+00  3.643310761925672e-07  -2.501882765756493e-06  2.866213841949060e-06
6.620000000000001e+00  3.387064048471438e-07  -2.478599792680768e-06  2.817306197527911e-06
6.630000000000001e+00  3.132219321028454e-07  -2.455203113079416e-06  2.768425045182261e-06
6.640000000000001e+00  2.879160843782260e-07  -2.431691230316181e-06  2.719607314694407e-06
6.650000000000001e+00  2.628253861040952e-07  -2.408062468750741e-06  2.670887854854837e-06
6.660000000000001e+00  2.379844795648179e-07  -2.384315017991752e-06  2.622299497556570e-06
6.670000000000001e+00  2.134261468754260e-07  -2.360446975083657e-06  2.573873121959083e-06
6.680000000000001e+00  1.891813339538820e-07  -2.336456384647572e-06  2.525637718601454e-06
6.690000000000001e+00  1.652791764054929e-07  -2.312341276971825e-06  2.477620453377318e-06
6.700000000000001e+00  1.417470271793045e-07  -2.288099704072144e-06  2.429846731251449e-06
6.710000000000001e+00  1.186104859304364e-07  -2.263729773732523e-06  2.382340259662960e-06
6.720000000000001e+00  9.589342994933215e-08  -2.239229681546981e-06  2.335123111496313e-06
6.730000000000001e+00  7.361804656557564e-08  -2.214597740975575e-06  2.288215787541151e-06
6.740000000000001e+00  5.180486692997364e-08  -2.189832411450757e-06  2.241637278380731e-06
6.750000000000001e+00  3.047280105648138e-08  -2.164932324548617e-06  2.195405125605099e-06
6.760000000000001e+00  9.639174046147429e-09  -2.139896308265983e-06  2.149535482312130e-06
6.770000000000001e+00  -1.068023663764366e-08  -2.114723409413295e-06  2.104043172775651e-06
6.780000000000001e+00  -3.047116289465721e-08  -2.089412914193048e-06  2.058941751298391e-06
6.790000000000001e+00  -4.972080686281759e-08  -2.063964366951308e-06  2.014243560088491e-06
6.800000000000001e+00  -6.841780098275092e-08  -2.038377587187645e-06  1.969959786204895e-06
6.810000000000001e+00  -8.655216738319665e-08  -2.012652684828155e-06  1.926100517444958e-06
6.820000000000001e+00  -1.041152766610130e-07  -1.986790073819179e-06  1.882674797158166e-06
6.830000000000001e+00  -1.210998061334764e-07  -1.960790484084712e-06  1.839690677951235e-06
6.840000000000001e+00  -1.374996976670049e-07  -1.934654971873934e-06  1.797155274206929e-06
6.850000000000001e+00  -1.533101151503098e-07  -1.908384928573522e-06  1.755074813423213e-06
6.860000000000001e+00  -1.685274016926205e-07  -1.881982088008775e-06  1.713454686316154e-06
6.870000000000001e+00  -1.831490366421217e-07  -1.855448532274722e-06  1.672299495632601e-06
6.880000000000001e+00  -1.971735924736630e-07  -1.828786696183443e-06  1.631613103709780e-06
6.890000000000001e+00  -2.106006916331999e-07  -1.801999370325347e-06  1.591398678692147e-06
6.900000000000001e+00  -2.234309634225174e-07  -1.775089702830403e-06  1.551658739407886e-06
6.910000000000001e+00  -2.356660009544927e-07  -1.748061199880066e-06  1.512395198925574e-06
6.920000000000001e+00  -2.473083182864810e-07  -1.720917724986212e-06  1.473609406699731e-06
6.930000000000001e+00  -2.583613077708031e-07  -1.693663497127533e-06  1.435302189356729e-06
6.940000000000001e+00  -2.688291976795542e-07  -1.666303087775508e-06  1.397473890095954e-06
6.950000000000001e+00  -2.787170101882280e-07  -1.638841416853746e-06  1.360124406665518e-06
6.960000000000001e+00  -2.880305197228895e-07  -1.611283747711349e-06  1.323253227988459e-06
6.970000000000001e+00  -2.967762117964576e-07  -1.583635681114009e-06  1.286859469317552e-06
6.980000000000001e+00  -3.049612423058828e-07  -1.555903148358866e-06  1.250941906052983e-06
6.990000000000001e+00  -3.125933973958673e-07  -1.528092403517343e-06  1.215499006121476e-06
7.000000000000001e+00  -3.196810539052115e-07  -1.500210014878950e-06  1.180528960973738e-06
7.010000000000001e+00  -3.262331404462421e-07  -1.472262855650269e-06  1.146029715204027e-06
7.020000000000001e+00  -3.322590991506273e-07  -1.444258093933323e-06  1.111998994782696e-06
7.030000000000001e+00  -3.377688481362062e-07  -1.416203182061132e-06  1.078434333924926e-06
7.040000000000001e+00  -3.427727447042088e-07  -1.388105845320677e-06  1.045333100616468e-06
7.050000000000001e+00  -3.472815493182051e-07  -1.359974070112075e-06  1.012692520793870e-06
7.060000000000001e+00  -3.513063903887410e-07  -1.331816091598349e-06  9.805097012096077e-07
7.070000000000001e+00  -3.548587298878003e-07  -1.303640380879737e-06  9.487816509919362e-07
7.080000000000001e+00  -3.579503298143479e-07  -1.275455631750765e-06  9.175053019364174e-07
7.090000000000001e+00  -3.605932195534503e-07  -1.247270747066930e-06  8.866775275134794e-07
7.100000000000001e+00  -3.627996641286936e-07  -1.219094824778256e-06  8.562951606495628e-07
7.110000000000001e+00  -3.645821333533667e-07  -1.190937143673379e-06  8.263550103200120e-07
7.120000000000001e+00  -3.659532719499395e-07  -1.162807148846865e-06  7.968538768969259e-07
7.130000000000001e+00  -3.669258705876765e-07  -1.134714436980408e-06  7.677885663927315e-07
7.140000000000001e+00  -3.675128378896660e-07  -1.106668741409660e-06  7.391559035199936e-07
7.150000000000001e+00  -3.677271733985531e-07  -1.078679917085197e-06  7.109527436866443e-07
7.160000000000001e+00  -3.675819415288773e-07  -1.050757925405369e-06  6.831759838764914e-07
7.170000000000001e+00  -3.670902464924907e-07  -1.022912818988411e-06  6.558225724959200e-07
7.180000000000001e+00  -3.662652081992815e-07  -9.951547264138596e-07  6.288895182145781e-07
7.190000000000001e+00  -3.651199391563247e-07  -9.674938369479780e-07  6.023738977916533e-07
7.200000000000001e+00  -3.636675223375486e-07  -9.399403853165941e-07  5.762728629790455e-07
7.210000000000001e+00  -3.619209900523063e-07  -9.125046365186455e-07  5.505836464663392e-07
7.220000000000001e+00  -3.598933037719261e-07  -8.851968707427560e-07  5.253035669708299e-07
7.230000000000001e+00  -3.575973349512228e-07  -8.580273683922529e-07  5.004300334410300e-07
7.240000000000001e+00  -3.550458467998262e-07  -8.310063952594371e-07  4.759605484596108e-07
7.250000000000001e+00  -3.522514770225300e-07  -8.041441878657729e-07  4.518927108432428e-07
7.260000000000001e+00  -3.492267215053350e-07  -7.774509390022475e-07  4.282242174969125e-07
7.270000000000001e+00  -3.459839189455748e-07  -7.509367834747979e-07  4.049528645292231e-07
7.280000000000001e+00  -3.425352364041253e-07  -7.246117841055340e-07  3.820765477014087e-07
7.290000000000001e+00  -3.388926557692699e-07  -6.984859179874011e-07  3.595932622181312e-07
7.300000000000001e+00  -3.350679611333197e-07  -6.725690630172304e-07  3.375011018839107e-07
7.310000000000001e+00  -3.310727270362440e-07  -6.468709847374796e-07  3.157982577012356e-07
7.320000000000001e+00  -3.269183075972651e-07  -6.214013234892506e-07  2.944830158919855e-07
7.330000000000001e+00  -3.226158264808670e-07  -5.961695819061514e-07  2.735537554252844e-07
7.340000000000001e+00  -3.181761677089246e-07  -5.711851127505199e-07  2.530089450415953e-07
7.350000000000001e+00  -3.136099672859521e-07  -5.464571071306894e-07  2.328471398447373e-07
7.360000000000001e+00  -3.089276056189484e-07  -5.219945830792201e-07  2.130669774602717e-07
7.370000000000001e+00  -3.041392007120034e-07  -4.978063745370375e-07  1.936671738250340e-07
7.380000000000001e+00  -2.992546021253254e-07  -4.739011207363722e-07  1.746465186110468e-07
7.390000000000001e+00  -2.942833856647307e-07  -4.502872559920614e-07  1.560038703273308e-07
7.400000000000001e+00  -2.892348487803070e-07  -4.269729999308869e-07  1.377381511505799e-07
7.410000000000001e+00  -2.841180066708120e-07  -4.039663481401874e-07  1.198483414693754e-07
7.420000000000001e+00  -2.789415890512267e-07  -3.812750632607779e-07  1.023334742095511e-07
7.430000000000001e+00  -2.737140375664057e-07  -3.589066665322193e-07  8.519262896581358e-08
7.440000000000001e+00  -2.684435038368756e-07  -3.368684297842287e-07  6.842492594735309e-08
7.450000000000001e+00  -2.631378481065076e-07  -3.151673678883835e-07  5.202951978187592e-08
7.460000000000001e+00  -2.578046384714665e-07  -2.938102316749878e-07  3.600559320352139e-08
7.470000000000001e+00  -2.524511506661099e-07  -2.728035013103327e-07  2.035235064422271e-08
7.480000000000001e+00  -2.470843683857706e-07  -2.521533801455576e-07  5.069011759786903e-09
7.490000000000001e+00  -2.417109841265591e-07  -2.318657890303432e-07  -9.845195096215967e-09
7.500000000000001e+00  -2.363374005043351e-07  -2.119463611071128e-07  -2.439103939722230e-08
7.510000000000001e+00  -2.309697320491572e-07  -1.924004370508776e-07  -3.856929499827967e-08
7.520000000000001e+00  -2.256138074505734e-07  -1.732330608197223e-07  -5.238074663085114e-08
7.530000000000001e+00  -2.202751722109070e-07  -1.544489758235130e-07  -6.582619638739401e-08
7.540000000000001e+00  -2.149590917076063e-07  -1.360526215976841e-07  -7.890647010992221e-08
7.550000000000001e+00  -2.096705546365236e-07  -1.180481309149974e-07  -9.162242372152613e-08
7.560000000000001e+00  -2.044142768066992e-07  -1.004393273659668e-07  -1.039749494407324e-07
7.570000000000001e+00  -1.991947052694611e-07  -8.322972339178303e-08  -1.159649818776781e-07
7.580000000000001e+00  -1.940160227698910e-07  -6.642251876312818e-08  -1.275935040067628e-07
7.590000000000001e+00  -1.888821524843971e-07  -5.002059950452560e-08  -1.388615529798715e-07
7.600000000000001e+00  -1.837967630313793e-07  -3.402653724964640e-08  -1.497702257817329e-07
7.610000000000001e+00  -1.787632737384821e-07  -1.844258903799123e-08  -1.603206847004909e-07
7.620000000000001e+00  -1.737848601399713e-07  -3.270697517803655e-09  -1.705141626221676e-07
7.630000000000001e+00  -1.688644596871972e-07  1.148750842174214e-08  -1.803519681089393e-07
7.640000000000001e+00  -1.640047776580931e-07  2.583071262710069e-08  -1.898354902851938e-07
7.650000000000001e+00  -1.592082932357952e-07  3.975791024992549e-08  -1.989662034857207e-07
7.660000000000001e+00  -1.544772657478633e-07  5.326840593417764e-08  -2.077456716820409e-07
7.670000000000001e+00  -1.498137410480641e-07  6.636181162691878e-08  -2.161755526749829e-07
7.680000000000001e+00  -1.452195580178326e-07  7.903804402236471e-08  -2.242576020401974e-07
7.690000000000001e+00  -1.406963551727807e-07  9.129732164714998e-08  -2.319936768199307e-07
7.700000000000001e+00  -1.362455773590956e-07  1.031401616039543e-07  -2.393857389630499e-07
7.710000000000001e+00  -1.318684825264929e-07  1.145673759844757e-07  -2.464358585109686e-07
7.720000000000001e+00  -1.275661485562132e-07  1.255800679534298e-07  -2.531462165096431e-07
7.730000000000001e+00  -1.233394801279199e-07  1.361796275257282e-07  -2.595191076536480e-07
7.740000000000001e+00  -1.191892156246874e-07  1.463677270520186e-07  -2.655569426767060e-07
7.750000000000001e+00  -1.151159340433478e-07  1.561463164089633e-07  -2.712622504523112e-07
7.760000000000001e+00  -1.111200619108777e-07  1.655176179218092e-07  -2.766376798326869e-07
7.770000000000001e+00  -1.072018801837382e-07  1.744841210296291e-07  -2.816860012133674e-07
7.780000000000001e+00  -1.033615311281645e-07  1.830485766961254e-07  -2.864101078242898e-07
7.790000000000001e+00  -9.959902516088271e-08  1.912139915936844e-07  -2.908130167545672e-07
7.800000000000001e+00  -9.591424763926630e-08  1.989836220571248e-07  -2.948978696963911e-07
7.810000000000001e+00  -9.230696559449832e-08  2.063609678358453e-07  -2.986679334303436e-07
7.820000000000001e+00  -8.877683439609088e-08  2.133497656488789e-07  -3.021266000449698e-07
7.830000000000001e+00  -8.532340433180434e-08  2.199539825524088e-07  -3.052773868842131e-07
7.840000000000001e+00  -8.194612710190587e-08  2.261778091439725e-07  -3.081239362458784e-07
7.850000000000001e+00  -7.864436221356528e-08  2.320256526034987e-07  -3.106700148170640e-07
7.860000000000001e+00  -7.541738326870967e-08  2.375021295922362e-07  -3.129195128609458e-07
7.870000000000001e+00  -7.226438413500461e-08  2.426120590239854e-07  -3.148764431589900e-07
7.880000000000001e+00  -6.918448499573595e-08  2.473604547079917e-07  -3.165449397037276e-07
7.890000000000001e+00  -6.617673826878092e-08  2.517525178909020e-07  -3.179292561596830e-07
7.900000000000001e+00  -6.324013439310713e-08  2.557936297058991e-07  -3.190337640990062e-07
7.910000000000001e+00  -6.037360746447075e-08  2.594893435295721e-07  -3.198629509940429e-07
7.920000000000001e+00  -5.757604073358923e-08  2.628453772768275e-07  -3.204214180104168e-07
7.930000000000001e+00  -5.484627194506337e-08  2.658676056350417e-07  -3.207138775801051e-07
7.940000000000001e+00  -5.218309852124554e-08  2.685620522424474e-07  -3.207451507636929e-07
7.950000000000001e+00  -4.958528258166995e-08  2.709348818369010e-07  -3.205201644185709e-07
7.960000000000001e+00  -4.705155580187938e-08  2.729923923772381e-07  -3.200439481791175e-07
7.970000000000001e+00  -4.458062410069697e-08  2.747410071445773e-07  -3.193216312452743e-07
7.980000000000001e+00  -4.217117215815137e-08  2.761872668435014e-07  -3.183584390016527e-07
7.990000000000001e+00  -3.982186775545221e-08  2.773378217030129e-07  -3.171596894584651e-07
8.000000000000002e+00  -3.753136594966342e-08  2.781994235975650e-07  -3.157307895472284e-07
8.010000000000002e+00  -3.529831306300301e-08  2.787789181822815e-07  -3.140772312452845e-07
8.020000000000001e+00  -3.312135049390346e-08  2.790832370778104e-07  -3.122045875717139e-07
8.030000000000001e+00  -3.099911835861340e-08  2.791193900751989e-07  -3.101185084338123e-07
8.040000000000003e+00  -2.893025894720996e-08  2.788944574113798e-07  -3.078247163585897e-07
8.050000000000002e+00  -2.691342000355221e-08  2.784155820923106e-07  -3.053290020958628e-07
8.060000000000002e+00  -2.494725782764717e-08  2.776899622856452e-07  -3.026372201132924e-07
8.070000000000002e+00  -2.303044020200133e-08  2.767248437887751e-07  -2.997552839907764e-07
8.080000000000002e+00  -2.116164914139488e-08  2.755275125804054e-07  -2.966891617218003e-07
8.090000000000002e+00  -1.933958346979743e-08  2.741052874569606e-07  -2.934448709267580e-07
8.100000000000001e+00  -1.756296122579829e-08  2.724655127714646e-07  -2.900284739972628e-07
8.110000000000001e+00  -1.583052189657807e-08  2.706155512690400e-07  -2.864460731656181e-07
8.120000000000003e+00  -1.414102848817021e-08  2.685627770340761e-07  -2.827038055222463e-07
8.130000000000003e+00  -1.249326942546993e-08  2.663145685575672e-07  -2.788078379830371e-07
8.140000000000002e+00  -1.088606029664609e-08  2.638783019133106e-07  -2.747643622099567e-07
8.150000000000002e+00  -9.318245437334957e-09  2.612613440744685e-07  -2.705795895118035e-07
8.160000000000002e+00  -7.788699359007815e-09  2.584710463493999e-07  -2.662597457084077e-07
8.170000000000002e+00  -6.296328026587058e-09  2.555147379619555e-07  -2.618110659885426e-07
8.180000000000001e+00  -4.840069991428983e-09  2.523997197713072e-07  -2.572397897627362e-07
8.190000000000001e+00  -3.418897375973641e-09  2.491332581340992e-07  -2.525521555100729e-07
8.200000000000001e+00  -2.031816723139117e-09  2.457225789203652e-07  -2.477543956435044e-07
8.210000000000003e+00  -6.778697126253434e-10  2.421748616786504e-07  -2.428527313912757e-07
8.220000000000002e+00  6.438662607428198e-10  2.384972339642505e-07  -2.378533677035077e-07
8.230000000000002e+00  1.934277625413712e-09  2.346967658211860e-07  -2.327624881957723e-07
8.240000000000002e+00  3.194214299096846e-09  2.307804644341998e-07  -2.275862501351030e-07
8.250000000000002e+00  4.424489469682981e-09  2.267552689431890e-07  -2.223307794735060e-07
8.260000000000002e+00  5.625879486129065e-09  2.226280454262930e-07  -2.170021659401639e-07
8.270000000000001e+00  6.799123862199366e-09  2.184055820604825e-07  -2.116064581982831e-07
8.280000000000001e+00  7.944925373988505e-09  2.140945844497583e-07  -2.061496590757698e-07
8.290000000000003e+00  9.063950262589400e-09  2.097016711305248e-07  -2.006377208679354e-07
8.300000000000002e+00  1.015682852907445e-08  2.052333692568484e-07  -1.950765407277740e-07
8.310000000000002e+00  1.122415430852217e-08  2.006961104645712e-07  -1.894719561560490e-07
8.320000000000002e+00  1.226648634217456e-08  1.960962269109415e-07  -1.838297405687669e-07
8.330000000000002e+00  1.328434851571624e-08  1.914399475015028e-07  -1.781555989857865e-07
8.340000000000002e+00  1.427823047505194e-08  1.867333942924253e-07  -1.724551638173734e-07
8.350000000000001e+00  1.524858831681085e-08  1.819825790872136e-07  -1.667339907704028e-07
8.360000000000001e+00  1.619584533375575e-08  1.771934002003878e-07  -1.609975548666320e-07
8.370000000000003e+00  1.712039282997787e-08  1.723716394157280e-07  -1.552512465857501e-07
8.380000000000003e+00  1.802259098423320e-08  1.675229591226992e-07  -1.495003681384660e-07
8.390000000000002e+00  1.890276976873653e-08  1.626528996383426e-07  -1.437501298696061e-07
8.400000000000002e+00  1.976122991620450e-08  1.577668767080437e-07  -1.380056467918392e-07
8.410000000000002e+00  2.059824392534279e-08  1.528701791901233e-07  -1.322719352647805e-07
8.420000000000002e+00  2.141405710907225e-08  1.479679669192140e-07  -1.265539098101417e-07
8.430000000000001e+00  2.220888867665461e-08  1.430652687482455e-07  -1.208563800715909e-07
8.440000000000001e+00  2.298293284571714e-08  1.381669807734819e-07  -1.151840479277647e-07
8.450000000000001e+00  2.373635998451162e-08  1.332778647249925e-07  -1.095415047404809e-07
8.460000000000003e+00  2.446931777344698e-08  1.284025465455891e-07  -1.039332287721421e-07
8.470000000000002e+00  2.518193239140874e-08  1.235455151283483e-07  -9.836358273693951e-08
8.480000000000002e+00  2.587430971560619e-08  1.187111212353586e-07  -9.283681151975239e-08
8.490000000000002e+00  2.654653653485391e-08  1.139035765795156e-07  -8.735704004466171e-08
8.500000000000002e+00  2.719868177633549e-08  1.091269530698527e-07  -8.192827129351724e-08
8.510000000000002e+00  2.783079773272207e-08  1.043851822244871e-07  -7.655438449176507e-08
8.520000000000001e+00  2.844292130257690e-08  9.968205474324124e-08  -7.123913344066434e-08
8.530000000000001e+00  2.903507522356791e-08  9.502122023016760e-08  -6.598614500659970e-08
8.540000000000003e+00  2.960726930699429e-08  9.040618708050798e-08  -6.079891777351368e-08
8.550000000000002e+00  3.015950166907952e-08  8.584032251035949e-08  -5.568082084127997e-08
8.560000000000002e+00  3.069175995509177e-08  8.132685273483879e-08  -5.063509277974702e-08
8.570000000000002e+00  3.120402255187639e-08  7.686886329435040e-08  -4.566484074247401e-08
8.580000000000002e+00  3.169625979172213e-08  7.246929951364623e-08  -4.077303972192410e-08
8.590000000000002e+00  3.216843513765319e-08  6.813096710556630e-08  -3.596253196791311e-08
8.600000000000001e+00  3.262050635842692e-08  6.385653289772861e-08  -3.123602653930169e-08
8.610000000000001e+00  3.305242668124043e-08  5.964852569520367e-08  -2.659609901396324e-08
8.620000000000003e+00  3.346414592318896e-08  5.550933726341908e-08  -2.204519134023011e-08
8.630000000000003e+00  3.385561160363730e-08  5.144122343337909e-08  -1.758561182974179e-08
8.640000000000002e+00  3.422677003092180e-08  4.744630531984127e-08  -1.321953528891947e-08
8.650000000000002e+00  3.457756736260085e-08  4.352657065591716e-08  -8.949003293316313e-09
8.660000000000002e+00  3.490795064105331e-08  3.968387523093606e-08  -4.775924589882749e-09
8.670000000000002e+00  3.521786879467056e-08  3.591994443361308e-08  -7.020756389425114e-10
8.680000000000001e+00  3.550727361545917e-08  3.223637489301554e-08  3.270898722443629e-09
8.690000000000001e+00  3.577612069903041e-08  2.863463621667533e-08  7.141484482355078e-09
8.700000000000003e+00  3.602437035462804e-08  2.511607281432513e-08  1.090829754030291e-08
8.710000000000003e+00  3.625198848232743e-08  2.168190581168087e-08  1.457008267064656e-08
8.720000000000002e+00  3.645894740742319e-08  1.833323504298875e-08  1.812571236443444e-08
8.730000000000002e+00  3.664522668909002e-08  1.507104112158495e-08  2.157418556750508e-08
8.740000000000002e+00  3.681081388232593e-08  1.189618758505797e-08  2.491462629726796e-08
8.750000000000002e+00  3.695570526778186e-08  8.809423104059260e-09  2.814628216372260e-08
8.760000000000002e+00  3.707990653824902e-08  5.811383762023034e-09  3.126852277622599e-08
8.770000000000001e+00  3.718343344934089e-08  2.902595387464699e-09  3.428083806187619e-08
8.780000000000001e+00  3.726631242743608e-08  8.347595128136529e-11  3.718283647615472e-08
8.790000000000003e+00  3.732858113528561e-08  -2.645661994385740e-09  3.997424312967135e-08
8.800000000000002e+00  3.737028900196009e-08  -5.284608820144965e-09  4.265489782210505e-08
8.810000000000002e+00  3.739149770517447e-08  -7.833255286579678e-09  4.522475299175415e-08
8.820000000000002e+00  3.739228161555590e-08  -1.029158996657706e-08  4.768387158213296e-08
8.830000000000002e+00  3.737272819648423e-08  -1.265969663371442e-08  5.003242483019865e-08
8.840000000000002e+00  3.733293836446071e-08  -1.493775161914721e-08  5.227068998360792e-08
8.850000000000001e+00  3.727302680596598e-08  -1.712602113780156e-08  5.439904794376755e-08
8.860000000000001e+00  3.719312225174420e-08  -1.922485859076405e-08  5.641798084250825e-08
8.870000000000003e+00  3.709336771027274e-08  -2.123470184437606e-08  5.832806955464880e-08
8.880000000000003e+00  3.697392066033268e-08  -2.315607049514952e-08  6.012999115548221e-08
8.890000000000002e+00  3.683495320103859e-08  -2.498956311320823e-08  6.182451631424682e-08
8.900000000000002e+00  3.667665216219309e-08  -2.673585448077066e-08  6.341250664296375e-08
8.910000000000002e+00  3.649921917574295e-08  -2.839569282069799e-08  6.489491199644095e-08
8.920000000000002e+00  3.630287070236440e-08  -2.996989701395026e-08  6.627276771631466e-08
8.930000000000001e+00  3.608783802851497e-08  -3.145935382438802e-08  6.754719185290299e-08
8.940000000000001e+00  3.585436721578997e-08  -3.286501511572438e-08  6.871938233151435e-08
8.950000000000003e+00  3.560271901921833e-08  -3.418789507543763e-08  6.979061409465595e-08
8.960000000000003e+00  3.533316876781475e-08  -3.542906744792721e-08  7.076223621574196e-08
8.970000000000002e+00  3.504600620870831e-08  -3.658966276987095e-08  7.163566897857926e-08
8.980000000000002e+00  3.474153531773726e-08  -3.767086562268979e-08  7.241240094042706e-08
8.990000000000002e+00  3.442007407671212e-08  -3.867391189571455e-08  7.309398597242668e-08
9.000000000000002e+00  3.408195422080009e-08  -3.960008606948634e-08  7.368204029028642e-08
9.010000000000002e+00  3.372752095184998e-08  -4.045071850857823e-08  7.417823946042821e-08
9.020000000000001e+00  3.335713262264816e-08  -4.122718279495499e-08  7.458431541760314e-08
9.030000000000001e+00  3.297116039587773e-08  -4.193089305974393e-08  7.490205345562167e-08
9.040000000000003e+00  3.256998787419379e-08  -4.256330135843953e-08  7.513328923263332e-08
9.050000000000002e+00  3.215401070491912e-08  -4.312589506941744e-08  7.527990577433657e-08
9.060000000000002e+00  3.172363616149176e-08  -4.362019431747185e-08  7.534383047896362e-08
9.070000000000002e+00  3.127928269969154e-08  -4.404774943400273e-08  7.532703213369427e-08
9.080000000000002e+00  3.082137949967250e-08  -4.441013844876652e-08  7.523151794843902e-08
9.090000000000002e+00  3.035036597769260e-08  -4.470896461627081e-08  7.505933059396342e-08
9.100000000000001e+00  2.986669129188255e-08  -4.494585398088684e-08  7.481254527276940e-08
9.110000000000001e+00  2.937081382094030e-08  -4.512245297797838e-08  7.449326679891869e-08
9.120000000000003e+00  2.886320063515289e-08  -4.524042607767725e-08  7.410362671283014e-08
9.130000000000003e+00  2.834432694842966e-08  -4.530145347004069e-08  7.364578041847035e-08
9.140000000000002e+00  2.781467556316964e-08  -4.530722879109602e-08  7.312190435426566e-08
9.150000000000002e+00  2.727473630037347e-08  -4.525945689799915e-08  7.253419319837262e-08
9.160000000000002e+00  2.672500542314582e-08  -4.515985168631568e-08  7.188485710946149e-08
9.170000000000002e+00  2.616598505124339e-08  -4.501013395546457e-08  7.117611900670795e-08
9.180000000000001e+00  2.559818257031999e-08  -4.481202932483589e-08  7.041021189515588e-08
9.190000000000001e+00  2.502211003545727e-08  -4.456726619709600e-08  6.958937623255327e-08
9.200000000000003e+00  2.443828357160842e-08  -4.427757377290131e-08  6.871585734450973e-08
9.210000000000003e+00  2.384722276952431e-08  -4.394468011808116e-08  6.779190288760546e-08
9.220000000000002e+00  2.324945008690168e-08  -4.357031028341479e-08  6.681976037031647e-08
9.230000000000002e+00  2.264549024029670e-08  -4.315618447718349e-08  6.580167471748019e-08
9.240000000000002e+00  2.203586960893756e-08  -4.270401629116141e-08  6.473988590009897e-08
9.250000000000002e+00  2.142111563203439e-08  -4.221551098595495e-08  6.363662661798934e-08
9.260000000000002e+00  2.080175621508655e-08  -4.169236382474300e-08  6.249412003982954e-08
9.270000000000001e+00  2.017831913960994e-08  -4.113625847240961e-08  6.131457761201956e-08
9.280000000000001e+00  1.955133147718037e-08  -4.054886544158155e-08  6.010019691876192e-08
9.290000000000003e+00  1.892131901207196e-08  -3.993184060372727e-08  5.885315961579924e-08
9.300000000000002e+00  1.828880567051270e-08  -3.928682375417722e-08  5.757562942468992e-08
9.310000000000002e+00  1.765431295800376e-08  -3.861543723307112e-08  5.626975019107488e-08
9.320000000000002e+00  1.701835940598355e-08  -3.791928460947848e-08  5.493764401546203e-08
9.330000000000002e+00  1.638146002782974e-08  -3.719994941714404e-08  5.358140944497377e-08
9.340000000000002e+00  1.574412578922984e-08  -3.645899395141281e-08  5.220311974064265e-08
9.350000000000001e+00  1.510686307998309e-08  -3.569795812825363e-08  5.080482120823672e-08
9.360000000000001e+00  1.447017321069815e-08  -3.491835839074271e-08  4.938853160144087e-08
9.370000000000003e+00  1.383455191137833e-08  -3.412168668169186e-08  4.795623859307019e-08
9.380000000000003e+00  1.320048884743705e-08  -3.330940947068877e-08  4.650989831812582e-08
9.390000000000002e+00  1.256846714927805e-08  -3.248296683653719e-08  4.505143398581523e-08
9.400000000000002e+00  1.193896295195579e-08  -3.164377160883526e-08  4.358273456079104e-08
9.410000000000002e+00  1.131244495444849e-08  -3.079320856412412e-08  4.210565351857261e-08
9.420000000000002e+00  1.068937398699328e-08  -2.993263367524124e-08  4.062200766223452e-08
9.430000000000001e+00  1.007020259908204e-08  -2.906337341926439e-08  3.913357601834644e-08
9.440000000000001e+00  9.455374658040788e-09  -2.818672413692923e-08  3.764209879497001e-08
9.450000000000003e+00  8.845324965587879e-09  -2.730395144464871e-08  3.614927641023660e-08
9.460000000000003e+00  8.240478887839457e-09  -2.641628970165319e-08  3.465676858949265e-08
9.470000000000002e+00  7.641252002414096e-09  -2.552494152446615e-08  3.316619352688025e-08
9.480000000000002e+00  7.048049761061666e-09  -2.463107735708574e-08  3.167912711814741e-08
9.490000000000002e+00  6.461267167864512e-09  -2.373583508578135e-08  3.019710225364586e-08
9.500000000000002e+00  5.881288472848072e-09  -2.284031970515478e-08  2.872160817800285e-08
9.510000000000002e+00  5.308486883474046e-09  -2.194560303087646e-08  2.725408991435051e-08
9.520000000000001e+00  4.743224291891605e-09  -2.105272345973422e-08  2.579594775162582e-08
9.530000000000001e+00  4.185851016567358e-09  -2.016268577266816e-08  2.434853678923551e-08
9.540000000000003e+00  3.636705564061677e-09  -1.927646098501204e-08  2.291316654907372e-08
9.550000000000002e+00  3.096114403153786e-09  -1.839498623781528e-08  2.149110064096906e-08
9.560000000000002e+00  2.564391758953699e-09  -1.751916472899530e-08  2.008355648794899e-08
9.570000000000002e+00  2.041839421418287e-09  -1.664986569010540e-08  1.869170511152369e-08
9.580000000000002e+00  1.528746570757465e-09  -1.578792439714380e-08  1.731667096790127e-08
9.590000000000002e+00  1.025389619878487e-09  -1.493414222223215e-08  1.595953184211064e-08
9.600000000000001e+00  5.320320740489445e-10  -1.408928672179391e-08  1.462131879584286e-08
9.610000000000001e+00  4.892440554175114e-11  -1.325409175890168e-08  1.330301616444343e-08
9.620000000000003e+00  -4.236960552520294e-10  -1.242925766261246e-08  1.200556160736043e-08
9.630000000000003e+00  -8.856052111953760e-10  -1.161545141559519e-08  1.072984620439981e-08
9.640000000000002e+00  -1.336592271414937e-09  -1.081330687957141e-08  9.476714608156475e-09
9.650000000000002e+00  -1.776459814666025e-09  -1.002342504584887e-08  8.246965231182843e-09
9.660000000000002e+00  -2.205023828197348e-09  -9.246374318636190e-09  7.041350490438842e-09
9.670000000000002e+00  -2.622113735770370e-09  -8.482690825231571e-09  5.860577089461201e-09
9.680000000000001e+00  -3.027572407992748e-09  -7.732878752946536e-09  4.705306344953787e-09
9.690000000000001e+00  -3.421256156284494e-09  -6.997410711497542e-09  3.576154555213047e-09
9.700000000000003e+00  -3.803034711346722e-09  -6.276728121730878e-09  2.473693410384157e-09
9.710000000000003e+00  -4.172791186990065e-09  -5.571241624446464e-09  1.398450437456398e-09
9.720000000000002e+00  -4.530422025457180e-09  -4.881331515426862e-09  3.509094899696817e-10
9.730000000000002e+00  -4.875836931700030e-09  -4.207348197846318e-09  -6.684887338537124e-10
9.740000000000002e+00  -5.208958787108776e-09  -3.549612657948778e-09  -1.659346129159998e-09
9.750000000000002e+00  -5.529723553598057e-09  -2.908416957166494e-09  -2.621306596431564e-09
9.760000000000002e+00  -5.838080160007630e-09  -2.284024743856944e-09  -3.554055416150687e-09
9.770000000000001e+00  -6.133990374098864e-09  -1.676671781476665e-09  -4.457318592622200e-09
9.780000000000001e+00  -6.417428660807142e-09  -1.086566492264886e-09  -5.330862168542256e-09
9.790000000000003e+00  -6.688382027631920e-09  -5.138905164517029e-10  -6.174491511180217e-09
9.800000000000002e+00  -6.946849854268454e-09  4.120071584839966e-11  -6.988050570116854e-09
9.810000000000002e+00  -7.192843711410586e-09  5.785773963134910e-10  -7.771421107724078e-09
9.820000000000002e+00  -7.426387165174142e-09  1.098134743636141e-09  -8.524521908810283e-09
9.830000000000002e+00  -7.647515569360048e-09  1.599792392228789e-09  -9.247307961588838e-09
9.840000000000002e+00  -7.856275847191729e-09  2.083493772253122e-09  -9.939769619444850e-09
9.850000000000001e+00  -8.052726257514488e-09  2.549205483811390e-09  -1.060193174132588e-08
9.860000000000001e+00  -8.236936155117176e-09  2.996916655863513e-09  -1.123385281098069e-08
9.870000000000003e+00  -8.408985736560494e-09  3.426638302884991e-09  -1.183562403944549e-08
9.880000000000003e+00  -8.568965778206045e-09  3.838402673519339e-09  -1.240736845172539e-08
9.890000000000002e+00  -8.716977362635475e-09  4.232262591720759e-09  -1.294923995435623e-08
9.900000000000002e+00  -8.853131597497594e-09  4.608290792488633e-09  -1.346142238998623e-08
9.910000000000002e+00  -8.977549325532867e-09  4.966579256497097e-09  -1.394412858202996e-08
9.920000000000002e+00  -9.090360826205813e-09  5.307238537021551e-09  -1.439759936322736e-08
9.930000000000001e+00  -9.191705510420123e-09  5.630397086029898e-09  -1.482210259645002e-08
9.940000000000001e+00  -9.281731608550968e-09  5.936200578239119e-09  -1.521793218679009e-08
9.950000000000003e+00  -9.360595851837724e-09  6.224811233297787e-09  -1.558540708513551e-08
9.960000000000003e+00  -9.428463148813776e-09  6.496407137264091e-09  -1.592487028607787e-08
9.970000000000002e+00  -9.485506256506881e-09  6.751181565065539e-09  -1.623668782157242e-08
9.980000000000002e+00  -9.531905446820132e-09  6.989342302451010e-09  -1.652124774927114e-08
9.990000000000002e+00  -9.567848171348834e-09  7.211110971794307e-09  -1.677895914314314e-08
