1.000000000000000e-15  1.000034025283547e+00  1.000037988471323e+00  -3.963187775735122e-06
1.000000000000100e-02  9.997098137649467e-01  9.996913838920003e-01  1.842987294642384e-05
2.000000000000100e-02  9.987376619430398e-01  9.986521370991741e-01  8.552484386570303e-05
3.000000000000100e-02  9.971190170189094e-01  9.969219475972853e-01  1.970694216241187e-04
4.000000000000100e-02  9.948562876617398e-01  9.945036434611133e-01  3.526442006265285e-04
5.000000000000100e-02  9.919528390187851e-01  9.914011747008027e-01  5.516643179823699e-04
6.000000000000100e-02  9.884129857472276e-01  9.876196040008787e-01  7.933817463489090e-04
7.000000000000101e-02  9.842419830856602e-01  9.831650948609502e-01  1.076888224710082e-03
8.000000000000100e-02  9.794460159880103e-01  9.780448971737775e-01  1.401118814232771e-03
9.000000000000100e-02  9.740321863476170e-01  9.722673302838001e-01  1.764856063816933e-03
1.000000000000010e-01  9.680084983439952e-01  9.658417635768860e-01  2.166734767109157e-03
1.100000000000010e-01  9.613838419495980e-01  9.587785946591992e-01  2.605247290398793e-03
1.200000000000010e-01  9.541679746384835e-01  9.510892251902782e-01  3.078749448205298e-03
1.300000000000010e-01  9.463715013433436e-01  9.427860344421488e-01  3.585466901194767e-03
1.400000000000010e-01  9.380058527116794e-01  9.338823506629275e-01  4.123502048751893e-03
1.500000000000010e-01  9.290832617161108e-01  9.243924203296994e-01  4.690841386411404e-03
1.600000000000010e-01  9.196167386779843e-01  9.143313753812634e-01  5.285363296720913e-03
1.700000000000010e-01  9.096200447670734e-01  9.037151985272232e-01  5.904846239850214e-03
1.800000000000010e-01  8.991076640441414e-01  8.925606867349645e-01  6.546977309176971e-03
1.900000000000010e-01  8.880947741164191e-01  8.808854130012047e-01  7.209361115214419e-03
2.000000000000010e-01  8.765972154794570e-01  8.687076865191631e-01  7.889528960293934e-03
2.100000000000010e-01  8.646314596217956e-01  8.560465113567072e-01  8.584948265088377e-03
2.200000000000010e-01  8.522145759717966e-01  8.429215437644775e-01  9.293032207319141e-03
2.300000000000010e-01  8.393641977685999e-01  8.293530482363760e-01  1.001114953222393e-02
2.400000000000010e-01  8.260984869415225e-01  8.153618524476621e-01  1.073663449386042e-02
2.500000000000010e-01  8.124360980843128e-01  8.009693011984093e-01  1.146679688590357e-02
2.600000000000010e-01  7.983961416126468e-01  7.861972094920222e-01  1.219893212062462e-02
2.700000000000010e-01  7.839981461947824e-01  7.710678148801922e-01  1.293033131459020e-02
2.800000000000010e-01  7.692620205467168e-01  7.556037292066834e-01  1.365829134003338e-02
2.900000000000010e-01  7.542080146842901e-01  7.398278898831229e-01  1.438012480116724e-02
3.000000000000010e-01  7.388566807254630e-01  7.237635108301270e-01  1.509316989533593e-02
3.100000000000010e-01  7.232288333367143e-01  7.074340332169594e-01  1.579480011975487e-02
3.200000000000010e-01  7.073455099176439e-01  6.908630761322194e-01  1.648243378542447e-02
3.300000000000010e-01  6.912279306180930e-01  6.740743873170081e-01  1.715354330108487e-02
3.400000000000010e-01  6.748974582817433e-01  6.570917940905480e-01  1.780566419119534e-02
3.500000000000010e-01  6.583755584098100e-01  6.399391545963302e-01  1.843640381347977e-02
3.600000000000010e-01  6.416837592376291e-01  6.226403094944991e-01  1.904344974312999e-02
3.700000000000010e-01  6.248436120160362e-01  6.052190342236224e-01  1.962457779241378e-02
3.800000000000010e-01  6.078766515881424e-01  5.876989919517993e-01  2.017765963634310e-02
3.900000000000010e-01  5.908043573507689e-01  5.701036873337855e-01  2.070067001698339e-02
4.000000000000010e-01  5.736481146879281e-01  5.524564211869353e-01  2.119169350099281e-02
4.100000000000010e-01  5.564291769619985e-01  5.347802461948261e-01  2.164893076717234e-02
4.200000000000010e-01  5.391686281459808e-01  5.170979237429221e-01  2.207070440305869e-02
4.300000000000010e-01  5.218873461778780e-01  4.994318819860817e-01  2.245546419179628e-02
4.400000000000010e-01  5.046059671157280e-01  4.818041752428207e-01  2.280179187290737e-02
4.500000000000010e-01  4.873448501690134e-01  4.642364448059224e-01  2.310840536309106e-02
4.600000000000010e-01  4.701240436792452e-01  4.467498812538641e-01  2.337416242538110e-02
4.700000000000010e-01  4.529632521194255e-01  4.293651883417670e-01  2.359806377765855e-02
4.800000000000010e-01  4.358818041787851e-01  4.121025485449160e-01  2.377925563386912e-02
4.900000000000010e-01  4.188986219957829e-01  3.949815903220348e-01  2.391703167374803e-02
5.000000000000010e-01  4.020321915987638e-01  3.780213571594281e-01  2.401083443933566e-02
5.100000000000010e-01  3.853005346100568e-01  3.612402784510420e-01  2.406025615901486e-02
5.200000000000010e-01  3.687211812653056e-01  3.446561422632800e-01  2.406503900202561e-02
5.300000000000010e-01  3.523111447961390e-01  3.282860700271263e-01  2.402507476901267e-02
5.400000000000010e-01  3.360868972201001e-01  3.121464931939232e-01  2.394040402617686e-02
5.500000000000010e-01  3.200643465777457e-01  2.962531318847722e-01  2.381121469297354e-02
5.600000000000011e-01  3.042588156526977e-01  2.806209755572947e-01  2.363784009540298e-02
5.700000000000011e-01  2.886850222061725e-01  2.652642657071952e-01  2.342075649897724e-02
5.800000000000010e-01  2.733570607533328e-01  2.501964806159373e-01  2.316058013739553e-02
5.900000000000010e-01  2.582883859045054e-01  2.354303221496354e-01  2.285806375487001e-02
6.000000000000010e-01  2.434917972900524e-01  2.209777046082914e-01  2.251409268176097e-02
6.100000000000010e-01  2.289794260834039e-01  2.068497456185822e-01  2.212968046482164e-02
6.200000000000010e-01  2.147627231324951e-01  1.930567590575882e-01  2.170596407490696e-02
6.300000000000010e-01  2.008524487056117e-01  1.796082499892463e-01  2.124419871636543e-02
6.400000000000010e-01  1.872586638534516e-01  1.665129115898247e-01  2.074575226362690e-02
6.500000000000010e-01  1.739907233850696e-01  1.537786240334216e-01  2.021209935164803e-02
6.600000000000010e-01  1.610572704512538e-01  1.414124553033915e-01  1.964481514786229e-02
6.700000000000010e-01  1.484662327248921e-01  1.294206638907292e-01  1.904556883416286e-02
6.800000000000010e-01  1.362248201639472e-01  1.178087033357268e-01  1.841611682822039e-02
6.900000000000011e-01  1.243395243388010e-01  1.065812285648430e-01  1.775829577395795e-02
7.000000000000011e-01  1.128161193020066e-01  9.574210397046273e-02  1.707401533154389e-02
7.100000000000010e-01  1.016596639748620e-01  8.529441317732181e-02  1.636525079754024e-02
7.200000000000010e-01  9.087450602170688e-02  7.524047043565417e-02  1.563403558605271e-02
7.300000000000010e-01  8.046428717947121e-02  6.558183357770969e-02  1.488245360176152e-02
7.400000000000010e-01  7.043195000678515e-02  5.631931847112666e-02  1.411263153565849e-02
7.500000000000010e-01  6.077974601385510e-02  4.745301489976259e-02  1.332673111409251e-02
7.600000000000010e-01  5.150924513138178e-02  3.898230379999221e-02  1.252694133138958e-02
7.700000000000010e-01  4.262134647402601e-02  3.090587577814698e-02  1.171547069587903e-02
7.800000000000010e-01  3.411629035130606e-02  2.322175083274401e-02  1.089453951856205e-02
7.900000000000010e-01  2.599367147638187e-02  1.592729920337772e-02  1.006637227300414e-02
8.000000000000010e-01  1.825245332090381e-02  9.019263266687328e-03  9.233190054216477e-03
8.100000000000011e-01  1.089098356202647e-02  2.493780398598759e-03  8.397203163427713e-03
8.200000000000011e-01  3.907010565772761e-03  -3.653593278874347e-03  7.560603844647108e-03
8.300000000000011e-01  -2.702299150779588e-03  -9.427858348636018e-03  6.725559197856431e-03
8.400000000000010e-01  -8.940342537558637e-03  -1.483454683006823e-02  5.894204292509590e-03
8.500000000000010e-01  -1.481106077021751e-02  -1.987969627401366e-02  5.068635503796147e-03
8.600000000000010e-01  -2.031891921108493e-02  -2.456982330390760e-02  4.250904092822673e-03
8.700000000000010e-01  -2.546888663488878e-02  -2.891189668540027e-02  3.443010050511484e-03
8.800000000000010e-01  -3.026641378257329e-02  -3.291331000617812e-02  2.646896223604835e-03
8.900000000000010e-01  -3.471741130712402e-02  -3.658185404683003e-02  1.864442739706006e-03
9.000000000000010e-01  -3.882822717572441e-02  -3.992568892251123e-02  1.097461746786814e-03
9.100000000000010e-01  -4.260562359278356e-02  -4.295331607385735e-02  3.476924810737886e-04
9.200000000000010e-01  -4.605675350842461e-02  -4.567355018408024e-02  -3.832033243443764e-04
9.300000000000010e-01  -4.918913677687631e-02  -4.809549109747863e-02  -1.093645679397674e-03
9.400000000000011e-01  -5.201063602890402e-02  -5.022849581269404e-02  -1.782140216209982e-03
9.500000000000011e-01  -5.452943232193207e-02  -5.208215062198263e-02  -2.447281699949441e-03
9.600000000000010e-01  -5.675400063085575e-02  -5.366624346553666e-02  -3.087757165319088e-03
9.700000000000010e-01  -5.869308524173578e-02  -5.499073656750771e-02  -3.702348674228063e-03
9.800000000000010e-01  -6.035567510959311e-02  -5.606573941786847e-02  -4.289935691724638e-03
9.900000000000010e-01  -6.175097924041367e-02  -5.690148216158833e-02  -4.849497078825343e-03
1.000000000000001e+00  -6.288840215620088e-02  -5.750828945384229e-02  -5.380112702358594e-03
1.010000000000001e+00  -6.377751950052038e-02  -5.789655483709590e-02  -5.880964663424484e-03
1.020000000000001e+00  -6.442805384044824e-02  -5.807671569295452e-02  -6.351338147493717e-03
1.030000000000001e+00  -6.484985071917453e-02  -5.805922881861233e-02  -6.790621900562198e-03
1.040000000000001e+00  -6.505285501175354e-02  -5.785454667463902e-02  -7.198308337114517e-03
1.050000000000001e+00  -6.504708763459026e-02  -5.747309434766844e-02  -7.573993286921814e-03
1.060000000000001e+00  -6.484262265729338e-02  -5.692524726834659e-02  -7.917375388946789e-03
1.070000000000001e+00  -6.444956486342335e-02  -5.622130972164817e-02  -8.228255141775179e-03
1.080000000000001e+00  -6.387802780451696e-02  -5.537149418341627e-02  -8.506533621100688e-03
1.090000000000001e+00  -6.313811238952344e-02  -5.438590151368836e-02  -8.752210875835074e-03
1.100000000000001e+00  -6.223988604946538e-02  -5.327450203411063e-02  -8.965384015354759e-03
1.110000000000001e+00  -6.119336251478322e-02  -5.204711751346668e-02  -9.146245001316548e-03
1.120000000000001e+00  -6.000848224037315e-02  -5.071340408210462e-02  -9.295078158268535e-03
1.130000000000001e+00  -5.869509351087081e-02  -4.928283609283107e-02  -9.412257418039742e-03
1.140000000000001e+00  -5.726293425621846e-02  -4.776469094266331e-02  -9.498243313555157e-03
1.150000000000001e+00  -5.572161460500974e-02  -4.616803486670269e-02  -9.553579738307054e-03
1.160000000000001e+00  -5.408060020055363e-02  -4.450170971232084e-02  -9.578890488232787e-03
1.170000000000001e+00  -5.234919630201899e-02  -4.277432069884116e-02  -9.574875603177831e-03
1.180000000000001e+00  -5.053653269044494e-02  -4.099422516496849e-02  -9.542307525476454e-03
1.190000000000001e+00  -4.865154939682898e-02  -3.916952230335706e-02  -9.482027093471922e-03
1.200000000000001e+00  -4.670298326693133e-02  -3.730804387894179e-02  -9.394939387989548e-03
1.210000000000001e+00  -4.469935537489138e-02  -3.541734592497901e-02  -9.282009449912379e-03
1.220000000000001e+00  -4.264895929521939e-02  -3.350470140816288e-02  -9.144257887056514e-03
1.230000000000001e+00  -4.055985024024208e-02  -3.157709385170516e-02  -8.982756388536926e-03
1.240000000000001e+00  -3.843983506761300e-02  -2.964121190289871e-02  -8.798623164714296e-03
1.250000000000001e+00  -3.629646316009431e-02  -2.770344482942508e-02  -8.593018330669236e-03
1.260000000000001e+00  -3.413701817745071e-02  -2.576987892652433e-02  -8.367139250926386e-03
1.270000000000001e+00  -3.196851067798999e-02  -2.384629481512323e-02  -8.122215862866759e-03
1.280000000000001e+00  -2.979767160503739e-02  -2.193816560911129e-02  -7.859505995926094e-03
1.290000000000001e+00  -2.763094663145839e-02  -2.005065592817963e-02  -7.580290703278762e-03
1.300000000000001e+00  -2.547449135322948e-02  -1.818862173097880e-02  -7.285869622250675e-03
1.310000000000001e+00  -2.333416732103125e-02  -1.635661094182860e-02  -6.977556379202644e-03
1.320000000000001e+00  -2.121553889688383e-02  -1.455886484281043e-02  -6.656674054073409e-03
1.330000000000001e+00  -1.912387092097891e-02  -1.279932020180060e-02  -6.324550719178309e-03
1.340000000000001e+00  -1.706412717208239e-02  -1.108161210586018e-02  -5.982515066222216e-03
1.350000000000001e+00  -1.504096960319385e-02  -9.409077468377700e-03  -5.631892134816146e-03
1.360000000000001e+00  -1.305875833255137e-02  -7.784759177473091e-03  -5.273999155078279e-03
1.370000000000001e+00  -1.112155236857447e-02  -6.211410852403732e-03  -4.910141516170742e-03
1.380000000000001e+00  -9.233111045932312e-03  -4.691502174073516e-03  -4.541608871858796e-03
1.390000000000001e+00  -7.396896148625418e-03  -3.227224755225240e-03  -4.169671393400178e-03
1.400000000000001e+00  -5.616074694768587e-03  -1.820498515497465e-03  -3.795576179271122e-03
1.410000000000001e+00  -3.893522356662295e-03  -4.729785262429864e-04  -3.420543830419308e-03
1.420000000000001e+00  -2.231827488747483e-03  8.139377101624945e-04  -3.045765198909977e-03
1.430000000000001e+00  -6.332957351447301e-04  2.039102581851294e-03  -2.672398316996024e-03
1.440000000000001e+00  9.000448123100147e-04  3.201610325114104e-03  -2.301565512804089e-03
1.450000000000001e+00  2.366437935304333e-03  4.300788653296930e-03  -1.934350717992598e-03
1.460000000000001e+00  3.764393119919581e-03  5.336190091817889e-03  -1.571796971898307e-03
1.470000000000001e+00  5.092678927968722e-03  6.307583053827774e-03  -1.214904125859053e-03
1.480000000000001e+00  6.350315940019695e-03  7.214942690596862e-03  -8.646267505771675e-04
1.490000000000001e+00  7.536569301603447e-03  8.058441550182569e-03  -5.218722485791222e-04
1.500000000000001e+00  8.650940904291310e-03  8.838440077320252e-03  -1.874991730289426e-04
1.510000000000001e+00  9.693161233414549e-03  9.555476986789645e-03  1.376842466249036e-04
1.520000000000001e+00  1.066318091419538e-02  1.021025954174773e-02  4.529213724476511e-04
1.530000000000001e+00  1.156116198796481e-02  1.080365376768450e-02  7.575082202803136e-04
1.540000000000001e+00  1.238746894995971e-02  1.133667463176477e-02  1.050794318194940e-03
1.550000000000001e+00  1.314265957992366e-02  1.181047621636326e-02  1.332183363560396e-03
1.560000000000001e+00  1.382747559638795e-02  1.222634191459232e-02  1.601133681795628e-03
1.570000000000001e+00  1.444283316507927e-02  1.258567467456352e-02  1.857158490515747e-03
1.580000000000001e+00  1.498981329139809e-02  1.288998731802470e-02  2.099825973373397e-03
1.590000000000001e+00  1.546965212633614e-02  1.314089295787088e-02  2.328759168465254e-03
1.600000000000001e+00  1.588373121455742e-02  1.334009553785609e-02  2.543635676701328e-03
1.610000000000001e+00  1.623356771266010e-02  1.348938051662554e-02  2.744187196034554e-03
1.620000000000001e+00  1.652080460486759e-02  1.359060571696239e-02  2.930198887905208e-03
1.630000000000001e+00  1.674720094257270e-02  1.364569235989197e-02  3.101508582680738e-03
1.640000000000001e+00  1.691462213328170e-02  1.365661630202485e-02  3.258005831256844e-03
1.650000000000001e+00  1.702503030357928e-02  1.362539949324345e-02  3.399630810335836e-03
1.660000000000001e+00  1.708047475976604e-02  1.355410167055681e-02  3.526373089209223e-03
1.670000000000001e+00  1.708308256881011e-02  1.344481230266444e-02  3.638270266145662e-03
1.680000000000001e+00  1.703504928120912e-02  1.329964279848903e-02  3.735406482720090e-03
1.690000000000001e+00  1.693862981628166e-02  1.312071899166006e-02  3.817910824621603e-03
1.700000000000001e+00  1.679612952930164e-02  1.291017391166725e-02  3.885955617634386e-03
1.710000000000001e+00  1.660989547876285e-02  1.267014085114626e-02  3.939754627616593e-03
1.720000000000001e+00  1.638230791091043e-02  1.240274673752567e-02  3.979561173384759e-03
1.730000000000001e+00  1.611577197751671e-02  1.211010581604601e-02  4.005666161470701e-03
1.740000000000001e+00  1.581270970170150e-02  1.179431364996876e-02  4.018396051732742e-03
1.750000000000001e+00  1.547555220541773e-02  1.145744144262570e-02  4.018110762792034e-03
1.760000000000001e+00  1.510673221103697e-02  1.110153068482142e-02  4.005201526215548e-03
1.770000000000001e+00  1.470867682828412e-02  1.072858812999238e-02  3.980088698291740e-03
1.780000000000001e+00  1.428380063659033e-02  1.034058109845461e-02  3.943219538135718e-03
1.790000000000001e+00  1.383449907175701e-02  9.939433111032419e-03  3.895065960724592e-03
1.800000000000001e+00  1.336314212466131e-02  9.527019851361234e-03  3.836122273300071e-03
1.810000000000001e+00  1.287206835858331e-02  9.105165455196898e-03  3.766902903386417e-03
1.820000000000001e+00  1.236357925060099e-02  8.675639124144624e-03  3.687940126456362e-03
1.830000000000001e+00  1.183993386138563e-02  8.240152060344119e-03  3.599781801041514e-03
1.840000000000001e+00  1.130334383664090e-02  7.800354717813344e-03  3.502989118827560e-03
1.850000000000001e+00  1.075596874236056e-02  7.357834365366725e-03  3.398134376993836e-03
1.860000000000001e+00  1.019991173504315e-02  6.914112955279684e-03  3.285798779763462e-03
1.870000000000001e+00  9.637215566994444e-03  6.470645291176361e-03  3.166570275818082e-03
1.880000000000001e+00  9.069858925870476e-03  6.028817487966118e-03  3.041041437904358e-03
1.890000000000001e+00  8.499753106674279e-03  5.589945716054747e-03  2.909807390619532e-03
1.900000000000001e+00  7.928739013512563e-03  5.155275221498301e-03  2.773463792014262e-03
1.910000000000001e+00  7.358584487550515e-03  4.725979613262386e-03  2.632604874288129e-03
1.920000000000001e+00  6.790981956774042e-03  4.303160408287113e-03  2.487821548486929e-03
1.930000000000001e+00  6.227546402380119e-03  3.887846824645503e-03  2.339699577734616e-03
1.940000000000001e+00  5.669813635869089e-03  3.480995812715171e-03  2.188817823153918e-03
1.950000000000001e+00  5.119238880208165e-03  3.083492313961096e-03  2.035746566247069e-03
1.960000000000001e+00  4.577195647773819e-03  2.696149736652019e-03  1.881045911121800e-03
1.970000000000001e+00  4.044974907164997e-03  2.319710637599441e-03  1.725264269565555e-03
1.980000000000001e+00  3.523784530405207e-03  1.954847598820310e-03  1.568936931584897e-03
1.990000000000001e+00  3.014749011525094e-03  1.602164287877191e-03  1.412584723647903e-03
2.000000000000001e+00  2.518909447033273e-03  1.262196690544698e-03  1.256712756488575e-03
2.010000000000001e+00  2.037223768347044e-03  9.354145043851537e-04  1.101809263961891e-03
2.020000000000001e+00  1.570567215860788e-03  6.222226817896626e-04  9.483445340711258e-04
2.030000000000001e+00  1.119733043982780e-03  3.229631110504016e-04  7.967699329323784e-04
2.040000000000001e+00  6.854334461672108e-04  3.791642407660696e-05  6.475170220906038e-04
2.050000000000001e+00  2.683006887085760e-04  -2.326960805541679e-04  5.009967692627439e-04
2.060000000000001e+00  -1.311115581510871e-04  -4.887104104041217e-04  3.575988522530345e-04
2.070000000000001e+00  -5.123267034257729e-04  -7.300177588950670e-04  2.176910554692941e-04
2.080000000000001e+00  -8.749435446566030e-04  -9.565623028183255e-04  8.161875816172252e-05
2.090000000000001e+00  -1.218634415098647e-03  -1.168338928313543e-03  -5.029548678510344e-05
2.100000000000001e+00  -1.543143180725098e-03  -1.365390895768054e-03  -1.777522849570445e-04
2.110000000000001e+00  -1.848283098964251e-03  -1.547807453838630e-03  -3.004756451256215e-04
2.120000000000001e+00  -2.133934551062664e-03  -1.715721412524930e-03  -4.182131385377342e-04
2.130000000000001e+00  -2.400042659908537e-03  -1.869306684929322e-03  -5.307359749792153e-04
2.140000000000001e+00  -2.646614805057872e-03  -2.008775807027450e-03  -6.378389980304226e-04
2.150000000000001e+00  -2.873718046579005e-03  -2.134377444443255e-03  -7.393406021357499e-04
2.160000000000001e+00  -3.081476469175661e-03  -2.246393894878088e-03  -8.350825742975722e-04
2.170000000000001e+00  -3.270068457860500e-03  -2.345138594485903e-03  -9.249298633745963e-04
2.180000000000001e+00  -3.439723916237564e-03  -2.430953636115807e-03  -1.008770280121756e-03
2.190000000000001e+00  -3.590721438209396e-03  -2.504207306963818e-03  -1.086514131245578e-03
2.200000000000001e+00  -3.723385443660078e-03  -2.565291652786374e-03  -1.158093790873704e-03
2.210000000000001e+00  -3.838083288374191e-03  -2.614620075432950e-03  -1.223463212941241e-03
2.220000000000001e+00  -3.935222358142658e-03  -2.652624970054249e-03  -1.282597388088409e-03
2.230000000000001e+00  -4.015247156675316e-03  -2.679755407936925e-03  -1.335491748738391e-03
2.240000000000001e+00  -4.078636396591671e-03  -2.696474870509818e-03  -1.382161526081853e-03
2.250000000000001e+00  -4.125900102397406e-03  -2.703259039657483e-03  -1.422641062739923e-03
2.260000000000001e+00  -4.157576733974956e-03  -2.700593649069945e-03  -1.456983084905011e-03
2.270000000000001e+00  -4.174230338724742e-03  -2.688972400951592e-03  -1.485257937773150e-03
2.280000000000001e+00  -4.176447740091303e-03  -2.668894952009200e-03  -1.507552788082103e-03
2.290000000000001e+00  -4.164835769796206e-03  -2.640864972240685e-03  -1.523970797555521e-03
2.300000000000001e+00  -4.140018550680290e-03  -2.605388279653174e-03  -1.534630271027116e-03
2.310000000000001e+00  -4.102634836631507e-03  -2.562971053651852e-03  -1.539663782979655e-03
2.320000000000001e+00  -4.053335415644584e-03  -2.514118129462405e-03  -1.539217286182179e-03
2.330000000000001e+00  -3.992780581625405e-03  -2.459331375578371e-03  -1.533449206047034e-03
2.340000000000001e+00  -3.921637680118018e-03  -2.399108155863923e-03  -1.522529524254095e-03
2.350000000000001e+00  -3.840578732697648e-03  -2.333939877590417e-03  -1.506638855107231e-03
2.360000000000001e+00  -3.750278144339426e-03  -2.264310626345190e-03  -1.485967517994237e-03
2.370000000000001e+00  -3.651410497641791e-03  -2.190695888421333e-03  -1.460714609220458e-03
2.380000000000001e+00  -3.544648437356978e-03  -2.113561360980836e-03  -1.431087076376142e-03
2.390000000000001e+00  -3.430660648259276e-03  -2.033361849978745e-03  -1.397298798280532e-03
2.400000000000001e+00  -3.310109928966803e-03  -1.950540255545367e-03  -1.359569673421436e-03
2.410000000000001e+00  -3.183651363924567e-03  -1.865526644245611e-03  -1.318124719678955e-03
2.420000000000001e+00  -3.051930595358026e-03  -1.778737407371371e-03  -1.273193187986655e-03
2.430000000000001e+00  -2.915582196616156e-03  -1.690574504173282e-03  -1.225007692442874e-03
2.440000000000001e+00  -2.775228147944294e-03  -1.601424788703355e-03  -1.173803359240938e-03
2.450000000000001e+00  -2.631476415358905e-03  -1.511659418719862e-03  -1.119816996639043e-03
2.460000000000001e+00  -2.484919632940660e-03  -1.421633344900334e-03  -1.063286288040326e-03
2.470000000000001e+00  -2.336133888518745e-03  -1.331684878417753e-03  -1.004449010100993e-03
2.480000000000001e+00  -2.185677612389882e-03  -1.242135334759301e-03  -9.435422776305816e-04
2.490000000000001e+00  -2.034090568399654e-03  -1.153288751506231e-03  -8.808018168934230e-04
2.500000000000001e+00  -1.881892946411987e-03  -1.065431677646322e-03  -8.164612687656652e-04
2.510000000000001e+00  -1.729584554906408e-03  -9.788330318597405e-04  -7.507515230466678e-04
2.520000000000001e+00  -1.577644112171600e-03  -8.937440271006533e-04  -6.839000850709466e-04
2.530000000000001e+00  -1.426528634307488e-03  -8.103981586945118e-04  -6.161304756129763e-04
2.540000000000001e+00  -1.276672918008813e-03  -7.290112530812126e-04  -5.476616649276005e-04
2.550000000000001e+00  -1.128489115878766e-03  -6.497815742586094e-04  -4.787075416201569e-04
2.560000000000001e+00  -9.823664018138380e-04  -5.728899849189483e-04  -4.094764168948897e-04
2.570000000000001e+00  -8.386707238089892e-04  -4.985001592204690e-04  -3.401705645885202e-04
2.580000000000001e+00  -6.977446413572058e-04  -4.267588441004126e-04  -2.709857972567932e-04
2.590000000000001e+00  -5.599072444580115e-04  -3.577961660098780e-04  -2.021110784481335e-04
2.600000000000001e+00  -4.254541511061646e-04  -2.917259799387284e-04  -1.337281711674362e-04
2.610000000000001e+00  -2.946575800045469e-04  -2.286462575960214e-04  -6.601132240852543e-05
2.620000000000001e+00  -1.677664951336155e-04  -1.686395116206655e-04  8.730164870500098e-07
2.630000000000001e+00  -4.500681871340246e-05  -1.117732527160342e-04  6.676643400263176e-05
2.640000000000001e+00  7.341829098687765e-05  -5.810047663061675e-05  1.315187676174944e-04
2.650000000000001e+00  1.873281006025836e-04  -7.660177945297213e-06  1.949882785478808e-04
2.660000000000001e+00  2.965639050537968e-04  3.952211232582473e-05  2.570417927279721e-04
2.670000000000001e+00  4.009885770519480e-04  8.343376825963516e-05  3.175548087923128e-04
2.680000000000001e+00  5.004860664574979e-04  1.240744925487406e-04  3.764115739087573e-04
2.690000000000001e+00  5.949608532233104e-04  1.614557248335238e-04  4.335051283897866e-04
2.700000000000001e+00  6.843373576568860e-04  1.956000375720237e-04  4.887373200848623e-04
2.710000000000001e+00  7.685593117199376e-04  2.265405220965161e-04  5.420187896234214e-04
2.720000000000001e+00  8.475890950580155e-04  2.543201674180405e-04  5.932689276399751e-04
2.730000000000001e+00  9.214070394156981e-04  2.789912342484408e-04  6.424158051672572e-04
2.740000000000001e+00  9.900107050452131e-04  3.006146266126759e-04  6.893960784325373e-04
2.750000000000001e+00  1.053414132658544e-03  3.192592633239226e-04  7.341548693346211e-04
2.760000000000001e+00  1.111647074406072e-03  3.350014514905276e-04  7.766456229155441e-04
2.770000000000001e+00  1.164754207288750e-03  3.479242641172119e-04  8.168299431715381e-04
2.780000000000001e+00  1.212794332326688e-03  3.581169237546027e-04  8.546774085720849e-04
2.790000000000001e+00  1.255839562715243e-03  3.656741940400684e-04  8.901653686751746e-04
2.800000000000001e+00  1.293974504101069e-03  3.706957808616046e-04  9.232787232394640e-04
2.810000000000001e+00  1.327295430005091e-03  3.732857447630835e-04  9.540096852420073e-04
2.820000000000001e+00  1.355909455309079e-03  3.735519260963392e-04  9.823575292127401e-04
2.830000000000001e+00  1.379933710605593e-03  3.716053843117467e-04  1.008328326293846e-03
2.840000000000001e+00  1.399494520091246e-03  3.675598526663830e-04  1.031934667424863e-03
2.850000000000001e+00  1.414726585557915e-03  3.615312095160165e-04  1.053195376041899e-03
2.860000000000001e+00  1.425772178909042e-03  3.536369672462239e-04  1.072135211662818e-03
2.870000000000001e+00  1.432780345496778e-03  3.439957797879973e-04  1.088784565708781e-03
2.880000000000001e+00  1.435906120443110e-03  3.327269695546433e-04  1.103179150888466e-03
2.890000000000001e+00  1.435309759972712e-03  3.199500745314231e-04  1.115359685441289e-03
2.900000000000001e+00  1.431155989649688e-03  3.057844161445125e-04  1.125371573505175e-03
2.910000000000001e+00  1.423613271273127e-03  2.903486884355944e-04  1.133264582837533e-03
2.920000000000001e+00  1.412853090049678e-03  2.737605689690260e-04  1.139092521080652e-03
2.930000000000001e+00  1.399049263524659e-03  2.561363518035927e-04  1.142912911721066e-03
2.940000000000001e+00  1.382377273616878e-03  2.375906027684913e-04  1.144786670848387e-03
2.950000000000001e+00  1.363013622967972e-03  2.182358371940381e-04  1.144777785773934e-03
2.960000000000001e+00  1.341135216683252e-03  1.981822201626664e-04  1.142952996520585e-03
2.970000000000001e+00  1.316918770410221e-03  1.775372892638123e-04  1.139381481146408e-03
2.980000000000001e+00  1.290540245571356e-03  1.564056997586857e-04  1.134134545812670e-03
2.990000000000001e+00  1.262174312441916e-03  1.348889919868241e-04  1.127285320455092e-03
3.000000000000001e+00  1.231993841639686e-03  1.130853807764918e-04  1.118908460863194e-03
3.010000000000001e+00  1.200169424473804e-03  9.108956655513634e-05  1.109079857918668e-03
3.020000000000001e+00  1.166868922482991e-03  6.899256779419754e-05  1.097876354688793e-03
3.030000000000001e+00  1.132257046381022e-03  4.688157436512805e-05  1.085375472015894e-03
3.040000000000001e+00  1.096494964518372e-03  2.483982132973536e-05  1.071655143188636e-03
3.050000000000001e+00  1.059739940864385e-03  2.946482638849331e-06  1.056793458225535e-03
3.060000000000001e+00  1.022145002414696e-03  -1.872341583197132e-05  1.040868418246668e-03
3.070000000000001e+00  9.838586358326912e-04  -4.009906452227468e-05  1.023957700354966e-03
3.080000000000001e+00  9.450245130431294e-04  -6.111392035136783e-05  1.006138433394497e-03
3.090000000000001e+00  9.057812454103939e-04  -8.170573949040442e-05  9.874869849007984e-04
3.100000000000001e+00  8.662621660524754e-04  -1.018165934535410e-04  9.680787595060164e-04
3.110000000000001e+00  8.265951397659106e-04  -1.213928692449139e-04  9.479880090108245e-04
3.120000000000001e+00  7.869023999659752e-04  -1.403852543198289e-04  9.272876542858041e-04
3.130000000000001e+00  7.473004119805190e-04  -1.587487071362396e-04  9.060491191167586e-04
3.140000000000001e+00  7.078997619749387e-04  -1.764424140868523e-04  8.843421760617909e-04
3.150000000000001e+00  6.688050707302605e-04  -1.934297336128195e-04  8.622348043430799e-04
3.160000000000001e+00  6.301149314454741e-04  -2.096781283076352e-04  8.397930597531093e-04
3.170000000000001e+00  5.919218706897827e-04  -2.251590858238560e-04  8.170809565136387e-04
3.180000000000001e+00  5.543123315898214e-04  -2.398480293964615e-04  7.941603609862829e-04
3.190000000000001e+00  5.173666783010633e-04  -2.537242187948863e-04  7.710908970959497e-04
3.200000000000001e+00  4.811592207817631e-04  -2.667706425110736e-04  7.479298632928367e-04
3.210000000000001e+00  4.457582588617092e-04  -2.789739019837980e-04  7.247321608455071e-04
3.220000000000001e+00  4.112261445763740e-04  -2.903240886495083e-04  7.015502332258822e-04
3.230000000000001e+00  3.776193617199939e-04  -3.008146545980644e-04  6.784340163180583e-04
3.240000000000001e+00  3.449886215584907e-04  -3.104422775972506e-04  6.554308991557412e-04
3.250000000000001e+00  3.133789736345812e-04  -3.192067212337145e-04  6.325856948682957e-04
3.260000000000001e+00  2.828299305930019e-04  -3.271106908996197e-04  6.099406214926215e-04
3.270000000000001e+00  2.533756059532924e-04  -3.341596863343643e-04  5.875352922876567e-04
3.280000000000001e+00  2.250448637608661e-04  -3.403618514091886e-04  5.654067151700546e-04
3.290000000000001e+00  1.978614790538341e-04  -3.457278218193010e-04  5.435893008731350e-04
3.300000000000001e+00  1.718443080933203e-04  -3.502705713240532e-04  5.221148794173735e-04
3.310000000000001e+00  1.470074673183484e-04  -3.540052571500952e-04  5.010127244684436e-04
3.320000000000001e+00  1.233605200030181e-04  -3.569490651460749e-04  4.803095851490929e-04
3.330000000000001e+00  1.009086696128014e-04  -3.591210552501266e-04  4.600297248629281e-04
3.340000000000001e+00  7.965295887886672e-05  -3.605420078033888e-04  4.401949666822555e-04
3.350000000000001e+00  5.959047363369108e-05  -3.612342712141336e-04  4.208247448478246e-04
3.360000000000001e+00  4.071455047802183e-05  -3.612216114481948e-04  4.019361619262166e-04
3.370000000000001e+00  2.301498737787535e-05  -3.605290637917985e-04  3.835440511696738e-04
3.380000000000001e+00  6.478256320995566e-06  -3.591827873035236e-04  3.656610436245191e-04
3.390000000000001e+00  -8.912282805427587e-06  -3.572099223422737e-04  3.482976395368461e-04
3.400000000000001e+00  -2.317616792011173e-05  -3.546384515286679e-04  3.314622836085562e-04
3.410000000000001e+00  -3.633562080539060e-05  -3.514970644675349e-04  3.151614436621442e-04
3.420000000000001e+00  -4.841533424998751e-05  -3.478150265301629e-04  2.993996922801754e-04
3.430000000000001e+00  -5.944226097245064e-05  -3.436220519656840e-04  2.841797909932333e-04
3.440000000000001e+00  -6.944540498268158e-05  -3.389481815827319e-04  2.695027766000503e-04
3.450000000000001e+00  -7.845561600026627e-05  -3.338236652141898e-04  2.553680492139236e-04
3.460000000000001e+00  -8.650538750914458e-05  -3.282788491505536e-04  2.417734616414091e-04
3.470000000000001e+00  -9.362865898874796e-05  -3.223440687004509e-04  2.287154097117029e-04
3.480000000000001e+00  -9.986062282200710e-05  -3.160495460109110e-04  2.161889231889039e-04
3.490000000000001e+00  -1.052375363410109e-04  -3.094252932543966e-04  2.041877569133856e-04
3.500000000000001e+00  -1.097965394318181e-04  -3.025010212653562e-04  1.927044818335381e-04
3.510000000000001e+00  -1.135754780804379e-04  -2.953060536852503e-04  1.817305756048124e-04
3.520000000000001e+00  -1.166127342033424e-04  -2.878692466522481e-04  1.712565124489056e-04
3.530000000000001e+00  -1.189470620676767e-04  -2.802189140502761e-04  1.612718519825994e-04
3.540000000000001e+00  -1.206174315684139e-04  -2.723827583110679e-04  1.517653267426539e-04
3.550000000000001e+00  -1.216628785932482e-04  -2.643878067433844e-04  1.427249281501361e-04
3.560000000000001e+00  -1.221223626694055e-04  -2.562603533446316e-04  1.341379906752261e-04
3.570000000000001e+00  -1.220346320519607e-04  -2.480259060327458e-04  1.259912739807851e-04
3.580000000000001e+00  -1.214380963788072e-04  -2.397091392195172e-04  1.182710428407100e-04
3.590000000000001e+00  -1.203707069845084e-04  -2.313338516310956e-04  1.109631446465873e-04
3.600000000000001e+00  -1.188698449335247e-04  -2.229229292671069e-04  1.040530843335822e-04
3.610000000000001e+00  -1.169722168025060e-04  -2.144983133765245e-04  9.752609657401846e-05
3.620000000000001e+00  -1.147137582121775e-04  -2.060809733162360e-04  9.136721510405847e-05
3.630000000000001e+00  -1.121295450812441e-04  -1.976908841471482e-04  8.556133906590409e-05
3.640000000000001e+00  -1.092537125481990e-04  -1.893470088128076e-04  8.009329626460860e-05
3.650000000000001e+00  -1.061193814816013e-04  -1.810672847361717e-04  7.494790325457041e-05
3.660000000000001e+00  -1.027585924757164e-04  -1.728686146626977e-04  7.011002218698121e-05
3.670000000000001e+00  -9.920224720605450e-05  -1.647668615706324e-04  6.556461436457789e-05
3.680000000000001e+00  -9.548005699842729e-05  -1.567768474636453e-04  6.129679046521805e-05
3.690000000000001e+00  -9.162049844595378e-05  -1.489123558559315e-04  5.729185740997768e-05
3.700000000000001e+00  -8.765077589035318e-05  -1.411861377559302e-04  5.353536186557701e-05
3.710000000000001e+00  -8.359679056768662e-05  -1.336099209516469e-04  5.001313038396024e-05
3.720000000000001e+00  -7.948311620365318e-05  -1.261944223983685e-04  4.671130619471529e-05
3.730000000000001e+00  -7.533298083017323e-05  -1.189493635081580e-04  4.361638267798473e-05
3.740000000000001e+00  -7.116825458300531e-05  -1.118834881399600e-04  4.071523355695473e-05
3.750000000000001e+00  -6.700944322954907e-05  -1.050045830892283e-04  3.799513985967919e-05
3.760000000000001e+00  -6.287568716686805e-05  -9.831950087705994e-05  3.544381371019188e-05
3.770000000000001e+00  -5.878476562212990e-05  -9.183418464028256e-05  3.304941901815266e-05
3.780000000000001e+00  -5.475310578129810e-05  -8.555369492630403e-05  3.080058914500592e-05
3.790000000000001e+00  -5.079579656669709e-05  -7.948223819931940e-05  2.868644163262231e-05
3.800000000000001e+00  -4.692660678021078e-05  -7.362319686799146e-05  2.669659008778068e-05
3.810000000000001e+00  -4.315800732628012e-05  -6.797916064864774e-05  2.482115332236762e-05
3.820000000000001e+00  -3.950119722727807e-05  -6.255195908251652e-05  2.305076185523845e-05
3.830000000000001e+00  -3.596613314360855e-05  -5.734269503047808e-05  2.137656188686954e-05
3.840000000000001e+00  -3.256156211153221e-05  -5.235177897402152e-05  1.979021686248932e-05
3.850000000000001e+00  -2.929505721344418e-05  -4.757896395696147e-05  1.828390674351729e-05
3.860000000000001e+00  -2.617305589821238e-05  -4.302338100837403e-05  1.685032511016165e-05
3.870000000000001e+00  -2.320090067260982e-05  -3.868357489353741e-05  1.548267422092760e-05
3.880000000000001e+00  -2.038288188959899e-05  -3.455754004631800e-05  1.417465815671900e-05
3.890000000000001e+00  -1.772228236443485e-05  -3.064275654312110e-05  1.292047417868625e-05
3.900000000000001e+00  -1.522142355563311e-05  -2.693622598564588e-05  1.171480243001277e-05
3.910000000000001e+00  -1.288171305470811e-05  -2.343450716660644e-05  1.055279411189833e-05
3.920000000000001e+00  -1.070369313588821e-05  -2.013375140003291e-05  9.430058264144704e-06
3.930000000000001e+00  -8.687090125078839e-06  -1.702973740485939e-05  8.342647279780546e-06
3.940000000000001e+00  -6.830864355894609e-06  -1.411790563806423e-05  7.287041282169623e-06
3.950000000000001e+00  -5.133260489493016e-06  -1.139339198084403e-05  6.260131491351017e-06
3.960000000000001e+00  -3.591857984443701e-06  -8.851060688782954e-06  5.259202704339253e-06
3.970000000000001e+00  -2.203621512565062e-06  -6.485536524214621e-06  4.281915011649559e-06
3.980000000000001e+00  -9.649511268187442e-07  -4.291235996354649e-06  3.326284869535904e-06
3.990000000000001e+00  1.282680023370511e-07  -2.262397641807172e-06  2.390665644144224e-06
4.000000000000001e+00  1.080616455207015e-06  -3.931112852865830e-07  1.473727740493598e-06
4.010000000000001e+00  1.897092198028927e-06  1.322653772781744e-06  5.744384252471823e-07
4.020000000000001e+00  2.583063136612207e-06  2.891021688376594e-06  -3.079585517643875e-07
4.030000000000001e+00  3.144220728994766e-06  4.318184165443467e-06  -1.173963436448701e-06
4.040000000000001e+00  3.586534786904901e-06  5.610375740579201e-06  -2.023840953674301e-06
4.050000000000001e+00  3.916209584767302e-06  6.773850287919103e-06  -2.857640703151801e-06
4.060000000000001e+00  4.139641384303173e-06  7.814858765579237e-06  -3.675217381276064e-06
4.070000000000001e+00  4.263377471926302e-06  8.739628218993132e-06  -4.476250747066830e-06
4.080000000000001e+00  4.294076795588753e-06  9.554342051134280e-06  -5.260265255545527e-06
4.090000000000001e+00  4.238472277307700e-06  1.026512156411523e-05  -6.026649286807534e-06
4.100000000000001e+00  4.103334867304324e-06  1.087800877180723e-05  -6.774673904502905e-06
4.110000000000001e+00  3.895439395778897e-06  1.139895047812626e-05  -7.503511082347360e-06
4.120000000000001e+00  3.621532268475297e-06  1.183378361130984e-05  -8.212251342834548e-06
4.130000000000001e+00  3.288301042828933e-06  1.218822180010369e-05  -8.899920757274760e-06
4.140000000000001e+00  2.902345912247686e-06  1.246784317388182e-05  -9.565497261634136e-06
4.150000000000001e+00  2.470153117275596e-06  1.267807936499319e-05  -1.020792624771759e-05
4.160000000000001e+00  1.998070293867855e-06  1.282420568820701e-05  -1.082613539433915e-05
4.170000000000001e+00  1.492283760888109e-06  1.291133246895733e-05  -1.141904870806922e-05
4.180000000000001e+00  9.587977411421109e-07  1.294439748922168e-05  -1.198559974807957e-05
4.190000000000001e+00  4.034155029424115e-07  1.292815951724968e-05  -1.252474401430727e-05
4.200000000000001e+00  -1.682775978463332e-07  1.286719288500992e-05  -1.303547048285625e-05
4.210000000000001e+00  -7.509292018811693e-07  1.276588307512328e-05  -1.351681227700445e-05
4.220000000000001e+00  -1.339433189257239e-06  1.262842327726683e-05  -1.396785646652407e-05
4.230000000000001e+00  -1.928941119795726e-06  1.245881187236789e-05  -1.438775299216362e-05
4.240000000000001e+00  -2.514871914522535e-06  1.226085080170175e-05  -1.477572271622429e-05
4.250000000000001e+00  -3.092919827065818e-06  1.203814477675708e-05  -1.513106460382289e-05
4.260000000000001e+00  -3.659060758207197e-06  1.179410128499885e-05  -1.545316204320605e-05
4.270000000000001e+00  -4.209556970825859e-06  1.153193134591724e-05  -1.574148831674310e-05
4.280000000000001e+00  -4.740960266214172e-06  1.125465097137388e-05  -1.599561123758806e-05
4.290000000000001e+00  -5.250113685918487e-06  1.096508328398740e-05  -1.621519696990589e-05
4.300000000000001e+00  -5.734151806098461e-06  1.066586124724553e-05  -1.640001305334399e-05
4.310000000000001e+00  -6.190499693896316e-06  1.035943096126725e-05  -1.654993065516356e-05
4.320000000000001e+00  -6.616870597280472e-06  1.004805547831415e-05  -1.666492607559462e-05
4.330000000000001e+00  -7.011262441587450e-06  9.733819092748724e-06  -1.674508153433617e-05
4.340000000000001e+00  -7.371953207219974e-06  9.418632060712709e-06  -1.679058526793268e-05
4.350000000000001e+00  -7.697495263967877e-06  9.104235705589847e-06  -1.680173096955772e-05
4.360000000000001e+00  -7.986708738017294e-06  8.792207866231738e-06  -1.677891660424903e-05
4.370000000000001e+00  -8.238673987979449e-06  8.483968645936219e-06  -1.672264263391567e-05
4.380000000000001e+00  -8.452723266259289e-06  8.180786421347395e-06  -1.663350968760668e-05
4.390000000000001e+00  -8.628431641742466e-06  7.883784071649026e-06  -1.651221571339149e-05
4.400000000000001e+00  -8.765607259159492e-06  7.593945389787814e-06  -1.635955264894731e-05
4.410000000000001e+00  -8.864281009602496e-06  7.312121638863723e-06  -1.617640264846622e-05
4.420000000000001e+00  -8.924695685532144e-06  7.039038218329822e-06  -1.596373390386197e-05
4.430000000000001e+00  -8.947294692208538e-06  6.775301406186294e-06  -1.572259609839483e-05
4.440000000000001e+00  -8.932710385889677e-06  6.521405144930017e-06  -1.545411553081969e-05
4.450000000000001e+00  -8.881752107358794e-06  6.277737840722985e-06  -1.515948994808178e-05
4.460000000000001e+00  -8.795393977290478e-06  6.044589146872502e-06  -1.483998312416298e-05
4.470000000000001e+00  -8.674762517816060e-06  5.822156704452741e-06  -1.449691922226880e-05
4.480000000000001e+00  -8.521124162366629e-06  5.610552814600958e-06  -1.413167697696759e-05
4.490000000000001e+00  -8.335872713283158e-06  5.409811018782584e-06  -1.374568373206574e-05
4.500000000000001e+00  -8.120516804273298e-06  5.219892565022927e-06  -1.334040936929622e-05
4.510000000000001e+00  -7.876667421871168e-06  5.040692739859433e-06  -1.291736016173060e-05
4.520000000000001e+00  -7.606025537476683e-06  4.872047047510635e-06  -1.247807258498732e-05
4.530000000000001e+00  -7.310369898510740e-06  4.713737219377131e-06  -1.202410711788787e-05
4.540000000000001e+00  -6.991545024409334e-06  4.565497038777512e-06  -1.155704206318685e-05
4.550000000000001e+00  -6.651449450066969e-06  4.427017967411838e-06  -1.107846741747881e-05
4.560000000000001e+00  -6.292024256493523e-06  4.297954561649751e-06  -1.058997881814327e-05
4.570000000000001e+00  -5.915241925231022e-06  4.177929668356048e-06  -1.009317159358707e-05
4.580000000000001e+00  -5.523095550137001e-06  4.066539391475994e-06  -9.589634941612995e-06
4.590000000000001e+00  -5.117588437057594e-06  3.963357822105132e-06  -9.080946259162726e-06
4.600000000000001e+00  -4.700724118918717e-06  3.867941526173827e-06  -8.568665645092543e-06
4.610000000000001e+00  -4.274496810705543e-06  3.779833785277130e-06  -8.054330595982674e-06
4.620000000000001e+00  -3.840882325878948e-06  3.698568587528034e-06  -7.539450913406982e-06
4.630000000000001e+00  -3.401829472862919e-06  3.623674366495469e-06  -7.025503839358387e-06
4.640000000000001e+00  -2.959251947352405e-06  3.554677487607771e-06  -6.513929434960176e-06
4.650000000000001e+00  -2.515020733407070e-06  3.491105482413306e-06  -6.006126215820376e-06
4.660000000000001e+00  -2.070957023606566e-06  3.432490032271406e-06  -5.503447055877971e-06
4.670000000000001e+00  -1.628825665840426e-06  3.378369703984871e-06  -5.007195369825297e-06
4.680000000000001e+00  -1.190329141838419e-06  3.328292440847268e-06  -4.518621582685688e-06
4.690000000000001e+00  -7.571020800165914e-07  3.281817813489978e-06  -4.038919893506569e-06
4.700000000000001e+00  -3.307063028987244e-07  3.238519035627115e-06  -3.569225338525839e-06
4.710000000000001e+00  8.737359286336623e-08  3.197984750657664e-06  -3.110611157794298e-06
4.720000000000001e+00  4.957341280563481e-07  3.159820595658658e-06  -2.664086467602310e-06
4.730000000000001e+00  8.930563101658554e-07  3.123650549947341e-06  -2.230594239781486e-06
4.740000000000001e+00  1.278108488482230e-06  3.089118075974567e-06  -1.811009587492337e-06
4.750000000000001e+00  1.649748704866121e-06  3.055887060702773e-06  -1.406138355836652e-06
4.760000000000001e+00  2.006926551764889e-06  3.023642566119824e-06  -1.016716014354935e-06
4.770000000000001e+00  2.348684550578525e-06  2.992091397861721e-06  -6.434068472831953e-07
4.780000000000001e+00  2.674159064905374e-06  2.960962501202206e-06  -2.868034362968322e-07
4.790000000000001e+00  2.982580764502517e-06  2.930007193947365e-06  5.257357055515194e-08
4.800000000000001e+00  3.273274657028099e-06  2.898999245915174e-06  3.742754111129245e-07
4.810000000000001e+00  3.545659705629604e-06  2.867734814839851e-06  6.779248907897534e-07
4.820000000000001e+00  3.799248051423645e-06  2.836032248605706e-06  9.632158028179389e-07
4.830000000000001e+00  4.033643860764141e-06  2.803731763774865e-06  1.229912096989276e-06
4.840000000000001e+00  4.248541817831238e-06  2.770695010304468e-06  1.477846807526769e-06
4.850000000000001e+00  4.443725283731688e-06  2.736804532359887e-06  1.706920751371801e-06
4.860000000000001e+00  4.619064143772694e-06  2.701963134986858e-06  1.917101008785836e-06
4.870000000000001e+00  4.774512364907606e-06  2.666093166271856e-06  2.108419198635750e-06
4.880000000000001e+00  4.910105285651753e-06  2.629135724478682e-06  2.280969561173072e-06
4.890000000000001e+00  5.025956660925771e-06  2.591049799397722e-06  2.434906861528049e-06
4.900000000000001e+00  5.122255484352856e-06  2.551811356945555e-06  2.570444127407301e-06
4.910000000000001e+00  5.199262610470156e-06  2.511412375777354e-06  2.687850234692802e-06
4.920000000000001e+00  5.257307199259747e-06  2.469859844383283e-06  2.787447354876464e-06
4.930000000000001e+00  5.296783005161316e-06  2.427174726805920e-06  2.869608278355395e-06
4.940000000000001e+00  5.318144532417049e-06  2.383390904849756e-06  2.934753627567293e-06
4.950000000000001e+00  5.321903078291639e-06  2.338554104202999e-06  2.983348974088639e-06
4.960000000000001e+00  5.308622685292423e-06  2.292720811663531e-06  3.015901873628892e-06
4.970000000000001e+00  5.278916022860799e-06  2.245957190098852e-06  3.032958832761947e-06
4.980000000000001e+00  5.233440218662540e-06  2.198337997596451e-06  3.035102221066088e-06
4.990000000000001e+00  5.172892658831405e-06  2.149945516676878e-06  3.022947142154526e-06
5.000000000000001e+00  5.098006775869417e-06  2.100868499162113e-06  2.997138276707304e-06
5.010000000000001e+00  5.009547842265049e-06  2.051201131847012e-06  2.958346710418037e-06
5.020000000000001e+00  4.908308786974681e-06  2.001042027640268e-06  2.907266759334414e-06
5.030000000000001e+00  4.795106051331129e-06  1.950493246640649e-06  2.844612804690480e-06
5.040000000000001e+00  4.670775499870192e-06  1.899659350922575e-06  2.771116148947617e-06
5.050000000000001e+00  4.536168400882982e-06  1.848646496665722e-06  2.687521904217261e-06
5.060000000000001e+00  4.392147490534091e-06  1.797561566696545e-06  2.594585923837547e-06
5.070000000000001e+00  4.239583133493386e-06  1.746511346192663e-06  2.493071787300723e-06
5.080000000000001e+00  4.079349592129627e-06  1.695601743923344e-06  2.383747848206283e-06
5.090000000000001e+00  3.912321415363077e-06  1.644937060977191e-06  2.267384354385886e-06
5.100000000000001e+00  3.739369957333924e-06  1.594619308612026e-06  2.144750648721898e-06
5.110000000000001e+00  3.561360035153002e-06  1.544747576517826e-06  2.016612458635176e-06
5.120000000000001e+00  3.379146733997682e-06  1.495417452387287e-06  1.883729281610395e-06
5.130000000000001e+00  3.193572366924317e-06  1.446720493446182e-06  1.746851873478136e-06
5.140000000000001e+00  3.005463595873171e-06  1.398743750207108e-06  1.606719845666063e-06
5.150000000000001e+00  2.815628719343554e-06  1.351569342486841e-06  1.464059376856714e-06
5.160000000000001e+00  2.624855131430116e-06  1.305274087394135e-06  1.319581044035981e-06
5.170000000000001e+00  2.433906955954809e-06  1.259929178770096e-06  1.173977777184713e-06
5.180000000000001e+00  2.243522858609360e-06  1.215599917280646e-06  1.027922941328714e-06
5.190000000000001e+00  2.054414039176287e-06  1.172345490179544e-06  8.820685489967431e-07
5.200000000000001e+00  1.867262405111797e-06  1.130218799501103e-06  7.370436056106940e-07
5.210000000000001e+00  1.682718926954423e-06  1.089266337277505e-06  5.934525896769178e-07
5.220000000000001e+00  1.501402175323652e-06  1.049528106168050e-06  4.518740691556020e-07
5.230000000000001e+00  1.323897038509497e-06  1.011037583784876e-06  3.128594547246209e-07
5.240000000000001e+00  1.150753619002671e-06  9.738217287603200e-07  1.769318902423514e-07
5.250000000000001e+00  9.824863066417801e-07  9.379010265890558e-07  4.458528005272434e-08
5.260000000000001e+00  8.195730254518644e-07  9.032895730477129e-07  -8.371654759584854e-08
5.270000000000001e+00  6.624546506722956e-07  8.699951930221298e-07  -2.075405423498342e-07
5.280000000000001e+00  5.115345919068429e-07  8.380195923639696e-07  -3.264850004571267e-07
5.290000000000001e+00  3.671785378648035e-07  8.073585404796602e-07  -4.401800026148567e-07
5.300000000000001e+00  2.297143576562077e-07  7.780020811469528e-07  -5.482877234907451e-07
5.310000000000001e+00  9.943215320434426e-08  7.499347691699449e-07  -6.505026159656006e-07
5.320000000000001e+00  -2.341554305590522e-08  7.231359303614429e-07  -7.465514734173482e-07
5.330000000000001e+00  -1.386134313847533e-07  6.975799423763966e-07  -8.361933737611500e-07
5.340000000000001e+00  -2.459829753329444e-07  6.732365339211568e-07  -9.192195092541013e-07
5.350000000000001e+00  -3.453818065106355e-07  6.500710998763803e-07  -9.954529063870158e-07
5.360000000000001e+00  -4.367030105097387e-07  6.280450299072073e-07  -1.064748040416946e-06
5.370000000000001e+00  -5.198743011996368e-07  6.071160481659393e-07  -1.126990349365576e-06
5.380000000000001e+00  -5.948570907536053e-07  5.872385617486472e-07  -1.182095652502252e-06
5.390000000000001e+00  -6.616454628979072e-07  5.683640156228545e-07  -1.230009478520762e-06
5.400000000000001e+00  -7.202650569630343e-07  5.504412518207686e-07  -1.270706308783803e-06
5.410000000000001e+00  -7.707718703855598e-07  5.334168707478836e-07  -1.304188741133443e-06
5.420000000000001e+00  -8.132509873310121e-07  5.172355925608785e-07  -1.330486579891890e-06
5.430000000000001e+00  -8.478152410938413e-07  5.018406166397318e-07  -1.349655857733573e-06
5.440000000000001e+00  -8.746038179137590e-07  4.871739773008263e-07  -1.361777795214585e-06
5.450000000000001e+00  -8.937808097751911e-07  4.731768939569736e-07  -1.366957703732165e-06
5.460000000000001e+00  -9.055337236611794e-07  4.597901140639674e-07  -1.365323837725147e-06
5.470000000000001e+00  -9.100719546370200e-07  4.469542473091021e-07  -1.357026201946122e-06
5.480000000000001e+00  -9.076252299830928e-07  4.346100895553719e-07  -1.342235319538465e-06
5.490000000000001e+00  -8.984420314123664e-07  4.226989352584127e-07  -1.321140966670779e-06
5.500000000000001e+00  -8.827880023051594e-07  4.111628770622244e-07  -1.293950879367384e-06
5.510000000000001e+00  -8.609443465796990e-07  3.999450915348259e-07  -1.260889438114525e-06
5.520000000000001e+00  -8.332062256766328e-07  3.889901100014694e-07  -1.222196335678102e-06
5.530000000000001e+00  -7.998811598837609e-07  3.782440736272407e-07  -1.178125233511002e-06
5.540000000000001e+00  -7.612874399467539e-07  3.676549719537563e-07  -1.128942411900510e-06
5.550000000000001e+00  -7.177525546454440e-07  3.571728643135640e-07  -1.074925418959008e-06
5.560000000000001e+00  -6.696116398261705e-07  3.467500834657967e-07  -1.016361723291967e-06
5.570000000000001e+00  -6.172059539374470e-07  3.363414211472164e-07  -9.535473750846635e-07
5.580000000000001e+00  -5.608813849579837e-07  3.259042951427611e-07  -8.867856801007448e-07
5.590000000000001e+00  -5.009869932433130e-07  3.153988976895686e-07  -8.163858909328816e-07
5.600000000000001e+00  -4.378735945014886e-07  3.047883250849644e-07  -7.426619195864530e-07
5.610000000000001e+00  -3.718923868200703e-07  2.940386885077934e-07  -6.659310753278637e-07
5.620000000000001e+00  -3.033936253370999e-07  2.831192060876422e-07  -5.865128314247421e-07
5.630000000000001e+00  -2.327253478300590e-07  2.720022764229108e-07  -5.047276242529698e-07
5.640000000000001e+00  -1.602321541859855e-07  2.606635337909217e-07  -4.208956879769071e-07
5.650000000000001e+00  -8.625404239008003e-08  2.490818853628583e-07  -3.353359277529384e-07
5.660000000000001e+00  -1.112530336133472e-08  2.372395308526471e-07  -2.483648342139819e-07
5.670000000000001e+00  6.482652334937402e-08  2.251219650668431e-07  -1.602954417174691e-07
5.680000000000001e+00  1.412816312941515e-07  2.127179638903280e-07  -7.143633259617654e-08
5.690000000000001e+00  2.179288648905994e-07  2.000195543243120e-07  1.790931056628744e-08
5.700000000000001e+00  2.944665720953654e-07  1.870219692309452e-07  1.074446028644202e-07
5.710000000000001e+00  3.706033911854685e-07  1.737235874867508e-07  1.968798036987177e-07
5.720000000000001e+00  4.460589710921367e-07  1.601258602919771e-07  2.859331108001596e-07
5.730000000000001e+00  5.205646250193676e-07  1.462332244559981e-07  3.743314005633694e-07
5.740000000000001e+00  5.938639173616631e-07  1.320530034476691e-07  4.618109139139940e-07
5.750000000000001e+00  6.657131841422363e-07  1.175952970880087e-07  5.481178870542276e-07
5.760000000000001e+00  7.358819874816464e-07  1.028728607645020e-07  6.330091267171444e-07
5.770000000000001e+00  8.041535048021512e-07  8.790097505312492e-08  7.162525297490262e-07
5.780000000000001e+00  8.703248537228199e-07  7.269730666581516e-08  7.976275470570048e-07
5.790000000000001e+00  9.342073537750913e-07  5.728176165121252e-08  8.769255921238788e-07
5.800000000000001e+00  9.956267262913641e-07  4.167633176592589e-08  9.539503945254382e-07
5.810000000000001e+00  1.054423233982995e-06  2.590493494085591e-08  1.028518299042139e-06
5.820000000000001e+00  1.110451761905838e-06  9.993250777533549e-09  1.100458511128304e-06
5.830000000000001e+00  1.163581841664599e-06  -6.031448026115593e-09  1.169613289690715e-06
5.840000000000001e+00  1.213697620834166e-06  -2.214046741092138e-08  1.235838088245088e-06
5.850000000000001e+00  1.260697779744565e-06  -3.830386595928892e-08  1.299001645703854e-06
5.860000000000001e+00  1.304495397848190e-06  -5.449063031645457e-08  1.358986028164645e-06
5.870000000000001e+00  1.345017772033451e-06  -7.066885116300766e-08  1.415686623196458e-06
5.880000000000001e+00  1.382206189309662e-06  -8.680589893625261e-08  1.469012088245914e-06
5.890000000000001e+00  1.416015656390251e-06  -1.028685984953207e-07  1.518884254885572e-06
5.900000000000001e+00  1.446414588737453e-06  -1.188234019833529e-07  1.565237990720806e-06
5.910000000000001e+00  1.473384461741119e-06  -1.346365591346979e-07  1.608021020875817e-06
5.920000000000001e+00  1.496919426673441e-06  -1.502742843642232e-07  1.647193711037664e-06
5.930000000000001e+00  1.517025894156668e-06  -1.657029199563115e-07  1.682728814112979e-06
5.940000000000001e+00  1.533722087858177e-06  -1.808890947465990e-07  1.714611182604776e-06
5.950000000000001e+00  1.547037571164027e-06  -1.957998777264188e-07  1.742837448890446e-06
5.960000000000001e+00  1.557012749552238e-06  -2.104029260088433e-07  1.767415675561081e-06
5.970000000000001e+00  1.563698351399797e-06  -2.246666266920586e-07  1.788364978091856e-06
5.980000000000001e+00  1.567154889927488e-06  -2.385602321405683e-07  1.805715122068056e-06
5.990000000000001e+00  1.567452108937415e-06  -2.520539882917229e-07  1.819506097229138e-06
6.000000000000001e+00  1.564668414987304e-06  -2.651192556207951e-07  1.829787670608100e-06
6.010000000000001e+00  1.558890298581115e-06  -2.777286224290846e-07  1.836618921010200e-06
6.020000000000001e+00  1.550211746891845e-06  -2.898560101980102e-07  1.840067757089855e-06
6.030000000000001e+00  1.538733650490543e-06  -3.014767707529247e-07  1.840210421243467e-06
6.040000000000001e+00  1.524563206465240e-06  -3.125677750601100e-07  1.837130981525350e-06
6.050000000000001e+00  1.507813320244050e-06  -3.231074934949301e-07  1.830920813738980e-06
6.060000000000001e+00  1.488602008364630e-06  -3.330760674863874e-07  1.821678075851017e-06
6.070000000000001e+00  1.467051804322415e-06  -3.424553724487413e-07  1.809507176771156e-06
6.080000000000001e+00  1.443289169566330e-06  -3.512290719931360e-07  1.794518241559466e-06
6.090000000000001e+00  1.417443911580201e-06  -3.593826634155130e-07  1.776826574995714e-06
6.100000000000001e+00  1.389648610933493e-06  -3.669035145036212e-07  1.756552125437114e-06
6.110000000000001e+00  1.360038059027316e-06  -3.737808917601695e-07  1.733818950787485e-06
6.120000000000001e+00  1.328748708215836e-06  -3.800059801364481e-07  1.708754688352284e-06
6.130000000000001e+00  1.295918135815918e-06  -3.855718944444328e-07  1.681490030260351e-06
6.140000000000001e+00  1.261684523466528e-06  -3.904736826039829e-07  1.652158206070510e-06
6.150000000000001e+00  1.226186153136540e-06  -3.947083209530482e-07  1.620894474089589e-06
6.160000000000001e+00  1.189560921012279e-06  -3.982747018364680e-07  1.587835622848747e-06
6.170000000000001e+00  1.151945870354849e-06  -4.011736137462464e-07  1.553119484101095e-06
6.180000000000001e+00  1.113476744323222e-06  -4.034077142793339e-07  1.516884458602556e-06
6.190000000000001e+00  1.074287559643545e-06  -4.049814962335462e-07  1.479269055877091e-06
6.200000000000001e+00  1.034510201885688e-06  -4.059012471529173e-07  1.440411449038606e-06
6.210000000000001e+00  9.942740430289850e-07  -4.061750026581499e-07  1.400449045687135e-06
6.220000000000001e+00  9.537055818551523e-07  -4.058124939330644e-07  1.359518075788217e-06
6.230000000000001e+00  9.129281076270938e-07  -4.048250897153989e-07  1.317753197342493e-06
6.240000000000001e+00  8.720613874077830e-07  -4.032257331871033e-07  1.275287120594886e-06
6.250000000000001e+00  8.312213772667586e-07  -4.010288741439773e-07  1.232250251410736e-06
6.260000000000001e+00  7.905199575240165e-07  -3.982503968447336e-07  1.188770354368750e-06
6.270000000000001e+00  7.500646920987069e-07  -3.949075439408412e-07  1.144972236039548e-06
6.280000000000001e+00  7.099586119326095e-07  -3.910188368924245e-07  1.100977448825034e-06
6.290000000000001e+00  6.703000223683367e-07  -3.866039932771497e-07  1.056904015645486e-06
6.300000000000001e+00  6.311823342879231e-07  -3.816838414039317e-07  1.012866175691855e-06
6.310000000000001e+00  5.926939187316118e-07  -3.762802326348763e-07  9.689741513664882e-07
6.320000000000001e+00  5.549179846489722e-07  -3.704159518188480e-07  9.253339364678202e-07
6.330000000000001e+00  5.179324793515835e-07  -3.641146262390349e-07  8.820471055906184e-07
6.340000000000001e+00  4.818100111921670e-07  -3.574006334652742e-07  8.392106446574412e-07
6.350000000000001e+00  4.466177938956732e-07  -3.502990084986315e-07  7.969168023943048e-07
6.360000000000001e+00  4.124176119668481e-07  -3.428353505820778e-07  7.552529625489260e-07
6.370000000000001e+00  3.792658064685858e-07  -3.350357300544644e-07  7.143015365230502e-07
6.380000000000001e+00  3.472132805075152e-07  -3.269265955879274e-07  6.741398760954427e-07
6.390000000000001e+00  3.163055236341170e-07  -3.185346821652199e-07  6.348402057993368e-07
6.400000000000001e+00  2.865826543770128e-07  -3.098869201289864e-07  5.964695745059993e-07
6.410000000000001e+00  2.580794800861388e-07  -3.010103456069370e-07  5.590898256930757e-07
6.420000000000001e+00  2.308255732085067e-07  -2.919320126308887e-07  5.227575858393954e-07
6.430000000000001e+00  2.048453631234076e-07  -2.826789072282170e-07  4.875242703516246e-07
6.440000000000001e+00  1.801582426138153e-07  -2.732778637491958e-07  4.534361063630112e-07
6.450000000000001e+00  1.567786880517859e-07  -2.637554837024011e-07  4.205341717541870e-07
6.460000000000001e+00  1.347163923544594e-07  -2.541380573166748e-07  3.888544496711342e-07
6.470000000000001e+00  1.139764097512095e-07  -2.444514880556196e-07  3.584278978068291e-07
6.480000000000001e+00  9.455931140971231e-08  -2.347212202916426e-07  3.292805317013549e-07
6.490000000000001e+00  7.646135095394229e-08  -2.249721703083290e-07  3.014335212622713e-07
6.500000000000001e+00  5.967463890924702e-08  -2.152286608126762e-07  2.749032997219233e-07
6.510000000000001e+00  4.418732513209795e-08  -2.055143590830502e-07  2.497016842151482e-07
6.520000000000001e+00  2.998378824644134e-08  -1.958522189134503e-07  2.258360071598916e-07
6.530000000000001e+00  1.704483118657765e-08  -1.862644264146791e-07  2.033092576012568e-07
6.540000000000001e+00  5.347881887190596e-09  -1.767723498240937e-07  1.821202317112843e-07
6.550000000000001e+00  -5.132801766479599e-09  -1.673964933432773e-07  1.622636915767977e-07
6.560000000000001e+00  -1.442592362766892e-08  -1.581564550976289e-07  1.437305314699599e-07
6.570000000000001e+00  -2.256293847423773e-08  -1.490708892424019e-07  1.265079507681642e-07
6.580000000000001e+00  -2.957783954312070e-08  -1.401574722355521e-07  1.105796326924314e-07
6.590000000000001e+00  -3.550694522467390e-08  -1.314328732930895e-07  9.592592806841562e-08
6.600000000000001e+00  -4.038868570150611e-08  -1.229127290043959e-07  8.252404330288979e-08
6.610000000000001e+00  -4.426339030588417e-08  -1.146116221074829e-07  7.034823180159877e-08
6.620000000000001e+00  -4.717307629707492e-08  -1.065430643466673e-07  5.936998804959239e-08
6.630000000000001e+00  -4.916123977723431e-08  -9.871948339710382e-08  4.955824361986950e-08
6.640000000000001e+00  -5.027264939036095e-08  -9.115221376697587e-08  4.087956437661492e-08
6.650000000000001e+00  -5.055314343314353e-08  -8.385149160025544e-08  3.329834816711191e-08
6.660000000000001e+00  -5.004943096633589e-08  -7.682645330113876e-08  2.677702233480287e-08
6.670000000000001e+00  -4.880889747892309e-08  -7.008513785888328e-08  2.127624037996020e-08
6.680000000000001e+00  -4.687941561529426e-08  -6.363449277056482e-08  1.675507715527056e-08
6.690000000000001e+00  -4.430916144336979e-08  -5.748038344145609e-08  1.317122199808630e-08
6.700000000000001e+00  -4.114643670695684e-08  -5.162760591819070e-08  1.048116921123386e-08
6.710000000000001e+00  -3.743949745035603e-08  -4.607990282771216e-08  8.640405377356133e-09
6.720000000000001e+00  -3.323638938931656e-08  -4.083998236480090e-08  7.603592975484338e-09
6.730000000000001e+00  -2.858479034287153e-08  -3.590954017654309e-08  7.324749833671556e-09
6.740000000000001e+00  -2.353186001942207e-08  -3.128928398636870e-08  7.757423966946628e-09
6.750000000000001e+00  -1.812409739592488e-08  -2.697896078736212e-08  8.854863391437240e-09
6.760000000000001e+00  -1.240720591399590e-08  -2.297738643974019e-08  1.057018052574429e-08
6.770000000000001e+00  -6.425966660600996e-09  -1.928247749089080e-08  1.285651083028981e-08
6.780000000000001e+00  -2.241196753833436e-10  -1.589128505423861e-08  1.566716537885527e-08
6.790000000000001e+00  6.155746504899945e-09  -1.280003056225622e-08  1.895577706715617e-08
6.800000000000001e+00  1.267229699802982e-08  -1.000414320953279e-08  2.267644020756261e-08
6.810000000000001e+00  1.928554437997241e-08  -7.498298917203472e-09  2.678384329717589e-08
6.820000000000001e+00  2.595693413163021e-08  -5.276460627481598e-09  3.123339475911181e-08
6.830000000000001e+00  3.264942174878295e-08  -3.331919762174306e-09  3.598134151095726e-08
6.840000000000001e+00  3.932754157184589e-08  -1.657338652463423e-09  4.098488022430932e-08
6.850000000000001e+00  4.595746740170296e-08  -2.447937778534401e-10  4.620226117955640e-08
6.860000000000001e+00  5.250706501446818e-08  9.141803654311926e-10  5.159288464903699e-08
6.870000000000001e+00  5.894593670093695e-08  1.828546936744597e-09  5.711738976419235e-08
6.880000000000001e+00  6.524545797968648e-08  2.507722125252958e-09  6.273773585443352e-08
6.890000000000001e+00  7.137880666432556e-08  2.961530397675924e-09  6.841727626664964e-08
6.900000000000001e+00  7.732098447055182e-08  3.200159761249869e-09  7.412082470930195e-08
6.910000000000001e+00  8.304883138469522e-08  3.234117213289250e-09  7.981471417140597e-08
6.920000000000001e+00  8.854103301924676e-08  3.074184507197465e-09  8.546684851204930e-08
6.930000000000001e+00  9.377812120289737e-08  2.731374387578249e-09  9.104674681531912e-08
6.940000000000001e+00  9.874246806779970e-08  2.216887426854866e-09  9.652558064094483e-08
6.950000000000001e+00  1.034182739102418e-07  1.542069586957965e-09  1.018762043232838e-07
6.960000000000001e+00  1.077915490984129e-07  7.183706307861582e-10  1.070731784676268e-07
6.970000000000001e+00  1.118500903446569e-07  -2.426964918885556e-10  1.120927868365455e-07
6.980000000000001e+00  1.155834516207206e-07  -1.329595194001404e-09  1.169130468147220e-07
6.990000000000001e+00  1.189829100498065e-07  -2.530803621720992e-09  1.215137136715275e-07
7.000000000000001e+00  1.220414270777626e-07  -3.834851752864067e-09  1.258762788306267e-07
7.010000000000001e+00  1.247536052479207e-07  -5.230357149223935e-09  1.299839623971446e-07
7.020000000000001e+00  1.271156409101265e-07  -6.706059266195466e-09  1.338217001763220e-07
7.030000000000001e+00  1.291252731831320e-07  -8.250852264902592e-09  1.373761254480346e-07
7.040000000000001e+00  1.307817294970914e-07  -9.853816254907724e-09  1.406355457519992e-07
7.050000000000001e+00  1.320856680484167e-07  -1.150424691080311e-08  1.435899149592198e-07
7.060000000000001e+00  1.330391174864257e-07  -1.319168341631408e-08  1.462308009027398e-07
7.070000000000001e+00  1.336454141438888e-07  -1.490593470837506e-08  1.485513488522639e-07
7.080000000000001e+00  1.339091371645290e-07  -1.663710394041268e-08  1.505462411049417e-07
7.090000000000001e+00  1.338360417802652e-07  -1.837561121715116e-08  1.522116529974164e-07
7.100000000000001e+00  1.334329911050700e-07  -2.011221449975565e-08  1.535452056048256e-07
7.110000000000001e+00  1.327078867066133e-07  -2.183802872182025e-08  1.545459154284336e-07
7.120000000000001e+00  1.316695982659289e-07  -2.354454308931473e-08  1.552141413552436e-07
7.130000000000001e+00  1.303278926012550e-07  -2.522363656717876e-08  1.555515291684337e-07
7.140000000000001e+00  1.286933623374078e-07  -2.686759156401806e-08  1.555609539014258e-07
7.150000000000001e+00  1.267773544790793e-07  -2.846910582284175e-08  1.552464603019210e-07
7.160000000000001e+00  1.245918991526147e-07  -3.002130253799092e-08  1.546132016906056e-07
7.170000000000001e+00  1.221496387533248e-07  -3.151773872139666e-08  1.536673774747215e-07
7.180000000000001e+00  1.194637577377033e-07  -3.295241185179899e-08  1.524161695895023e-07
7.190000000000001e+00  1.165479132787807e-07  -3.431976483086651e-08  1.508676781096472e-07
7.200000000000001e+00  1.134161669980543e-07  -3.561468930255443e-08  1.490308563006088e-07
7.210000000000001e+00  1.100829179730404e-07  -3.683252735660504e-08  1.469154453296455e-07
7.220000000000001e+00  1.065628372016983e-07  -3.796907168391953e-08  1.445319088856178e-07
7.230000000000001e+00  1.028708037020043e-07  -3.902056422397422e-08  1.418913679259785e-07
7.240000000000001e+00  9.902184240829947e-08  -3.998369336071747e-08  1.390055357690170e-07
7.250000000000001e+00  9.503106400644961e-08  -4.085558972432486e-08  1.358866537307745e-07
7.260000000000001e+00  9.091360685063666e-08  -4.163382066597019e-08  1.325474275166069e-07
7.270000000000001e+00  8.668458107746491e-08  -4.231638345737174e-08  1.290009645348366e-07
7.280000000000001e+00  8.235901503659245e-08  -4.290169729013350e-08  1.252607123267260e-07
7.290000000000001e+00  7.795180412454079e-08  -4.338859413703478e-08  1.213403982615756e-07
7.300000000000001e+00  7.347766211209828e-08  -4.377630854995820e-08  1.172539706620565e-07
7.310000000000001e+00  6.895107504692036e-08  -4.406446645278762e-08  1.130155414997080e-07
7.320000000000001e+00  6.438625776941128e-08  -4.425307301935624e-08  1.086393307887675e-07
7.330000000000001e+00  5.979711311823025e-08  -4.434249968714614e-08  1.041396128053764e-07
7.340000000000001e+00  5.519719384494797e-08  -4.433347039941808e-08  9.953066424436605e-08
7.350000000000001e+00  5.059966726763595e-08  -4.422704713137056e-08  9.482671439900650e-08
7.360000000000001e+00  4.601728268825962e-08  -4.402461478624491e-08  9.004189747450453e-08
7.370000000000001e+00  4.146234156431939e-08  -4.372786552555992e-08  8.519020708987931e-08
7.380000000000001e+00  3.694667044864534e-08  -4.333878260938972e-08  8.028545305803505e-08
7.390000000000001e+00  3.248159666318407e-08  -4.285962381477331e-08  7.534122047795739e-08
7.400000000000001e+00  2.807792670247414e-08  -4.229290450621393e-08  7.037083120868807e-08
7.410000000000001e+00  2.374592731983079e-08  -4.164138042390020e-08  6.538730774373098e-08
7.420000000000001e+00  1.949530926781184e-08  -4.090803025570741e-08  6.040333952351925e-08
7.430000000000001e+00  1.533521363438416e-08  -4.009603806646434e-08  5.543125170084851e-08
7.440000000000001e+00  1.127420072926583e-08  -3.920877563855235e-08  5.048297636781818e-08
7.450000000000001e+00  7.320241452951154e-09  -3.824978479265716e-08  4.557002624560832e-08
7.460000000000001e+00  3.480711077960220e-09  -3.722275974822140e-08  4.070347082618162e-08
7.470000000000001e+00  -2.376146207540499e-10  -3.613152957321727e-08  3.589391495246321e-08
7.480000000000001e+00  -3.828560984306576e-09  -3.498004079642091e-08  3.115147981211433e-08
7.490000000000001e+00  -7.286553900067045e-09  -3.377234021663101e-08  2.648578631656396e-08
7.500000000000001e+00  -1.060661715110597e-08  -3.251255796771871e-08  2.190594081661274e-08
7.510000000000001e+00  -1.378436776393116e-08  -3.120489089019086e-08  1.742052312625970e-08
7.520000000000001e+00  -1.681600945692024e-08  -2.985358624769478e-08  1.303757679077454e-08
7.530000000000001e+00  -1.969832428862250e-08  -2.846292583624101e-08  8.764601547618511e-09
7.540000000000001e+00  -2.242866260341427e-08  -2.703721052559284e-08  4.608547922178570e-09
7.550000000000001e+00  -2.500493137733303e-08  -2.558074526018764e-08  5.758138828546104e-10
7.560000000000001e+00  -2.742558107529148e-08  -2.409782457178517e-08  -3.327756503506315e-09
7.570000000000001e+00  -2.968959111861082e-08  -2.259271861601406e-08  -7.096872502596760e-09
7.580000000000001e+00  -3.179645406851693e-08  -2.106965977320312e-08  -1.072679429531380e-08
7.590000000000001e+00  -3.374615864085984e-08  -1.953282983356576e-08  -1.421332880729408e-08
7.600000000000001e+00  -3.553917164745472e-08  -1.798634778795644e-08  -1.755282385949827e-08
7.610000000000001e+00  -3.717641897909634e-08  -1.643425825185739e-08  -2.074216072723894e-08
7.620000000000001e+00  -3.865926572913878e-08  -1.488052052562397e-08  -2.377874520351481e-08
7.630000000000001e+00  -3.998949556570244e-08  -1.332899831847558e-08  -2.666049724722686e-08
7.640000000000001e+00  -4.116928945270449e-08  -1.178345013931721e-08  -2.938583931338729e-08
7.650000000000001e+00  -4.220120381917282e-08  -1.024752036556634e-08  -3.195368345360648e-08
7.660000000000001e+00  -4.308814828380449e-08  -8.724730995578734e-09  -3.436341728822576e-08
7.670000000000001e+00  -4.383336301278539e-08  -7.218474087634251e-09  -3.661488892515114e-08
7.680000000000001e+00  -4.444039582603142e-08  -5.732004886893266e-09  -3.870839093913816e-08
7.690000000000001e+00  -4.491307912916051e-08  -4.268435641483902e-09  -4.064464348767661e-08
7.700000000000001e+00  -4.525550675915426e-08  -2.830730098271101e-09  -4.242477666088316e-08
7.710000000000001e+00  -4.547201083386251e-08  -1.421698676162695e-09  -4.405031215769981e-08
7.720000000000001e+00  -4.556713868405277e-08  -4.399431245590340e-11  -4.552314437159686e-08
7.730000000000001e+00  -4.554562994087660e-08  1.299891037474241e-09  -4.684552097835084e-08
7.740000000000001e+00  -4.541239386055041e-08  2.607629246181856e-09  -4.802002310673227e-08
7.750000000000001e+00  -4.517248695033515e-08  3.877058231521603e-09  -4.904954518185675e-08
7.760000000000001e+00  -4.483109096316543e-08  5.106183551123622e-09  -4.993727451428906e-08
7.770000000000001e+00  -4.439349132371788e-08  6.293179396799767e-09  -5.068667072051765e-08
7.780000000000001e+00  -4.386505604502856e-08  7.436389003985105e-09  -5.130144504901366e-08
7.790000000000001e+00  -4.325121518657233e-08  8.534324494829901e-09  -5.178553968140223e-08
7.800000000000001e+00  -4.255744090577159e-08  9.585666179685053e-09  -5.214310708545665e-08
7.810000000000001e+00  -4.178922814958864e-08  1.058926133488433e-08  -5.237848948447298e-08
7.820000000000001e+00  -4.095207602473612e-08  1.154412247928918e-08  -5.249619850402530e-08
7.830000000000001e+00  -4.005146988927930e-08  1.244942517827093e-08  -5.250089506755022e-08
7.840000000000001e+00  -3.909286419105852e-08  1.330450538912253e-08  -5.239736958018104e-08
7.850000000000001e+00  -3.808166609266606e-08  1.410885638902735e-08  -5.219052248169341e-08
7.860000000000001e+00  -3.702321989910486e-08  1.486212529134066e-08  -5.188534519044552e-08
7.870000000000001e+00  -3.592279231642836e-08  1.556410919227503e-08  -5.148690150870339e-08
7.880000000000001e+00  -3.478555855562771e-08  1.621475096688436e-08  -5.100030952251206e-08
7.890000000000001e+00  -3.361658929804140e-08  1.681413473983024e-08  -5.043072403787165e-08
7.900000000000001e+00  -3.242083853002316e-08  1.736248106244466e-08  -4.978331959246782e-08
7.910000000000001e+00  -3.120313225878584e-08  1.786014181704426e-08  -4.906327407583010e-08
7.920000000000001e+00  -2.996815810891040e-08  1.830759487909581e-08  -4.827575298800620e-08
7.930000000000001e+00  -2.872045579980666e-08  1.870543856109750e-08  -4.742589436090417e-08
7.940000000000001e+00  -2.746440850566105e-08  1.905438586739509e-08  -4.651879437305614e-08
7.950000000000001e+00  -2.620423508810167e-08  1.935525857879962e-08  -4.555949366690129e-08
7.960000000000001e+00  -2.494398319432284e-08  1.960898120382355e-08  -4.455296439814639e-08
7.970000000000001e+00  -2.368752321127322e-08  1.981657480661139e-08  -4.350409801788461e-08
7.980000000000001e+00  -2.243854305817940e-08  1.997915075324487e-08  -4.241769381142427e-08
7.990000000000001e+00  -2.120054380625789e-08  2.009790438283676e-08  -4.129844818909464e-08
8.000000000000002e+00  -1.997683610304157e-08  2.017410863955005e-08  -4.015094474259162e-08
8.010000000000002e+00  -1.877053738334710e-08  2.020910767849486e-08  -3.897964506184196e-08
8.020000000000001e+00  -1.758456984153704e-08  2.020431048054841e-08  -3.778888032208545e-08
8.030000000000001e+00  -1.642165914870138e-08  2.016118447788061e-08  -3.658284362658199e-08
8.040000000000003e+00  -1.528433387531418e-08  2.008124922559684e-08  -3.536558310091102e-08
8.050000000000002e+00  -1.417492560762754e-08  1.996607013430630e-08  -3.414099574193384e-08
8.060000000000002e+00  -1.309556971751982e-08  1.981725227895945e-08  -3.291282199647927e-08
8.070000000000002e+00  -1.204820676204094e-08  1.963643430449571e-08  -3.168464106653665e-08
8.080000000000002e+00  -1.103458448013700e-08  1.942528244197325e-08  -3.045986692211025e-08
8.090000000000002e+00  -1.005626035723531e-08  1.918548465337656e-08  -2.924174501061187e-08
8.100000000000001e+00  -9.114604720478475e-09  1.891874491890435e-08  -2.803334963938283e-08
8.110000000000001e+00  -8.210804338169307e-09  1.862677767646290e-08  -2.683758201463220e-08
8.120000000000003e+00  -7.345866486708747e-09  1.831130243067484e-08  -2.565716891738359e-08
8.130000000000003e+00  -6.520623452168489e-09  1.797403853867314e-08  -2.449466199084163e-08
8.140000000000002e+00  -5.735737431249213e-09  1.761670018900064e-08  -2.335243762024985e-08
8.150000000000002e+00  -4.991705803947608e-09  1.724099157159762e-08  -2.223269737554523e-08
8.160000000000002e+00  -4.288866736285461e-09  1.684860226122753e-08  -2.113746899751299e-08
8.170000000000002e+00  -3.627405087061141e-09  1.644120281008090e-08  -2.006860789714204e-08
8.180000000000001e+00  -3.007358581322047e-09  1.602044056190045e-08  -1.902779914322250e-08
8.190000000000001e+00  -2.428624218417305e-09  1.558793569241935e-08  -1.801655991083666e-08
8.200000000000001e+00  -1.890964885998737e-09  1.514527747718539e-08  -1.703624236318413e-08
8.210000000000003e+00  -1.394016144392295e-09  1.469402079477534e-08  -1.608803693916764e-08
8.220000000000002e+00  -9.372931523239641e-10  1.423568286443542e-08  -1.517297601675939e-08
8.230000000000002e+00  -5.201977057404648e-10  1.377174022092312e-08  -1.429193792666358e-08
8.240000000000002e+00  -1.420253581030785e-10  1.330362592958414e-08  -1.344565128768722e-08
8.250000000000002e+00  1.980274050745944e-10  1.283272703506784e-08  -1.263469962999325e-08
8.260000000000002e+00  5.008559629069861e-10  1.236038225395843e-08  -1.185952629105145e-08
8.270000000000001e+00  7.674403566371825e-10  1.188787989713958e-08  -1.112043954050239e-08
8.280000000000001e+00  9.988381087532700e-10  1.141645602989218e-08  -1.041761792113891e-08
8.290000000000003e+00  1.196177091284992e-09  1.094729285998944e-08  -9.751115768704450e-09
8.300000000000002e+00  1.360648464279804e-09  1.048151735588365e-08  -9.120868891603848e-09
8.310000000000002e+00  1.493499704714905e-09  1.002020008338134e-08  -8.526700378666441e-09
8.320000000000002e+00  1.596027748746556e-09  9.564354264781883e-09  -7.968326516035327e-09
8.330000000000002e+00  1.669572266509575e-09  9.114935049570803e-09  -7.445362783061228e-09
8.340000000000002e+00  1.715509081456542e-09  8.672838989244525e-09  -6.957329907787983e-09
8.350000000000001e+00  1.735243759704241e-09  8.238903717375797e-09  -6.503659957671555e-09
8.360000000000001e+00  1.730205377302204e-09  7.813907819462625e-09  -6.083702442160421e-09
8.370000000000003e+00  1.701840484017317e-09  7.398570894245675e-09  -5.696730410228359e-09
8.380000000000003e+00  1.651607270923548e-09  6.993553790620987e-09  -5.341946519697438e-09
8.390000000000002e+00  1.580969960307466e-09  6.599459016801113e-09  -5.018489056493648e-09
8.400000000000002e+00  1.491393423069852e-09  6.216831317360574e-09  -4.725437894290722e-09
8.410000000000002e+00  1.384338031797959e-09  5.846158400168966e-09  -4.461820368371007e-09
8.420000000000002e+00  1.261254762778247e-09  5.487871815574473e-09  -4.226617052796226e-09
8.430000000000001e+00  1.123580545341758e-09  5.142347970473223e-09  -4.018767425131465e-09
8.440000000000001e+00  9.727338737829125e-10  4.809909276168571e-09  -3.837175402385658e-09
8.450000000000001e+00  8.101106743444343e-10  4.490825413343303e-09  -3.680714738998869e-09
8.460000000000003e+00  6.370804431597199e-10  4.185314714190125e-09  -3.548234271030405e-09
8.470000000000002e+00  4.549826443830126e-10  3.893545643818446e-09  -3.438562999435433e-09
8.480000000000002e+00  2.651233807854253e-10  3.615638378521549e-09  -3.350514997736124e-09
8.490000000000002e+00  6.877232818297618e-11  3.351666471100685e-09  -3.282894142917709e-09
8.500000000000002e+00  -1.328400605800908e-10  3.101658591730450e-09  -3.234498652310541e-09
8.510000000000002e+00  -3.385250902214748e-10  2.865600337592332e-09  -3.204125427813807e-09
8.520000000000001e+00  -5.471380928812026e-10  2.643436103631469e-09  -3.190574196512672e-09
8.530000000000001e+00  -7.575804411686713e-10  2.435071005205450e-09  -3.192651446374121e-09
8.540000000000003e+00  -9.688013069003541e-10  2.240372841789919e-09  -3.209174148690273e-09
8.550000000000002e+00  -1.179799168847195e-09  2.059174101077965e-09  -3.238973269925160e-09
8.560000000000002e+00  -1.389623080980048e-09  1.891273984615544e-09  -3.280897065595591e-09
8.570000000000002e+00  -1.597373699159642e-09  1.736440458919644e-09  -3.333814158079285e-09
8.580000000000002e+00  -1.802204080083915e-09  1.594412316649613e-09  -3.396616396733528e-09
8.590000000000002e+00  -2.003320256731798e-09  1.464901243459453e-09  -3.468221500191250e-09
8.600000000000001e+00  -2.199981598055318e-09  1.347593884250143e-09  -3.547575482305461e-09
8.610000000000001e+00  -2.391500962840745e-09  1.242153902032920e-09  -3.633654864873665e-09
8.620000000000003e+00  -2.577244654649700e-09  1.148224021185248e-09  -3.725468675834947e-09
8.630000000000003e+00  -2.756632188448935e-09  1.065428052916988e-09  -3.822060241365923e-09
8.640000000000002e+00  -2.929135875192635e-09  9.933728920264241e-10  -3.922508767219059e-09
8.650000000000002e+00  -3.094280239279072e-09  9.316504860529997e-10  -4.025930725332071e-09
8.660000000000002e+00  -3.251641272913239e-09  8.798397664712830e-10  -4.131481039384523e-09
8.670000000000002e+00  -3.400845539534173e-09  8.375085375241862e-10  -4.238354077058359e-09
8.680000000000001e+00  -3.541569138384350e-09  8.042153238414410e-10  -4.345784462225790e-09
8.690000000000001e+00  -3.673536535811914e-09  7.795111654133327e-10  -4.453047701225247e-09
8.700000000000003e+00  -3.796519277522655e-09  7.629413609218344e-10  -4.559460638444490e-09
8.710000000000003e+00  -3.910334589988841e-09  7.540471545781129e-10  -4.664381744566953e-09
8.720000000000002e+00  -4.014843878924320e-09  7.523673642383285e-10  -4.767211243162648e-09
8.730000000000002e+00  -4.109951140780155e-09  7.574399451151245e-10  -4.867391085895280e-09
8.740000000000002e+00  -4.195601289772844e-09  7.688034922432570e-10  -4.964404782016102e-09
8.750000000000002e+00  -4.271778415817073e-09  7.859986724065160e-10  -5.057777088223589e-09
8.760000000000002e+00  -4.338503979714684e-09  8.085695911134249e-10  -5.147073570828109e-09
8.770000000000001e+00  -4.395834955616110e-09  8.360650864801824e-10  -5.231900042096292e-09
8.780000000000001e+00  -4.443861931642362e-09  8.680399534465279e-10  -5.311901885088890e-09
8.790000000000003e+00  -4.482707173704010e-09  9.040560958958071e-10  -5.386763269599817e-09
8.800000000000002e+00  -4.512522666488410e-09  9.436836049611573e-10  -5.456206271449567e-09
8.810000000000002e+00  -4.533488132848424e-09  9.865017643252873e-10  -5.519989897173712e-09
8.820000000000002e+00  -4.545809046798566e-09  1.032099982835965e-09  -5.577909029634531e-09
8.830000000000002e+00  -4.549714644475171e-09  1.080078651000546e-09  -5.629793295475717e-09
8.840000000000002e+00  -4.545455936575367e-09  1.130049931279585e-09  -5.675505867854953e-09
8.850000000000001e+00  -4.533303738843313e-09  1.181638467238784e-09  -5.714942206082097e-09
8.860000000000001e+00  -4.513546717290351e-09  1.234482026446297e-09  -5.748028743736648e-09
8.870000000000003e+00  -4.486489460121305e-09  1.288232072645744e-09  -5.774721532767050e-09
8.880000000000003e+00  -4.452450581680845e-09  1.342554266195069e-09  -5.795004847875913e-09
8.890000000000002e+00  -4.411760861162202e-09  1.397128899180046e-09  -5.808889760342248e-09
8.900000000000002e+00  -4.364761425083665e-09  1.451651262025234e-09  -5.816412687108899e-09
8.910000000000002e+00  -4.311801974392352e-09  1.505831944964679e-09  -5.817633919357032e-09
8.920000000000002e+00  -4.253239065353657e-09  1.559397079050411e-09  -5.812636144404068e-09
8.930000000000001e+00  -4.189434442388677e-09  1.612088513333707e-09  -5.801522955722384e-09
8.940000000000001e+00  -4.120753431238547e-09  1.663663935491658e-09  -5.784417366730206e-09
8.950000000000003e+00  -4.047563394292972e-09  1.713896931805609e-09  -5.761460326098581e-09
8.960000000000003e+00  -3.970232248571557e-09  1.762576999833318e-09  -5.732809248404875e-09
8.970000000000002e+00  -3.889127053585211e-09  1.809509499652276e-09  -5.698636553237487e-09
8.980000000000002e+00  -3.804612666818231e-09  1.854515562783665e-09  -5.659128229601896e-09
8.990000000000002e+00  -3.717050470564785e-09  1.897431951917082e-09  -5.614482422481867e-09
9.000000000000002e+00  -3.626797172062959e-09  1.938110871759778e-09  -5.564908043822738e-09
9.010000000000002e+00  -3.534203676698701e-09  1.976419745706688e-09  -5.510623422405389e-09
9.020000000000001e+00  -3.439614036349985e-09  2.012240945588606e-09  -5.451854981938591e-09
9.030000000000001e+00  -3.343364471433110e-09  2.045471489558662e-09  -5.388835960991772e-09
9.040000000000003e+00  -3.245782470805078e-09  2.076022701634388e-09  -5.321805172439466e-09
9.050000000000002e+00  -3.147185963063763e-09  2.103819844229731e-09  -5.251005807293494e-09
9.060000000000002e+00  -3.047882566599337e-09  2.128801716748592e-09  -5.176684283347929e-09
9.070000000000002e+00  -2.948168908881260e-09  2.150920234862414e-09  -5.099089143743674e-09
9.080000000000002e+00  -2.848330026269812e-09  2.170139974237662e-09  -5.018470000507474e-09
9.090000000000002e+00  -2.748638827274991e-09  2.186437707742446e-09  -4.935076535017436e-09
9.100000000000001e+00  -2.649355633159855e-09  2.199801911243949e-09  -4.849157544403803e-09
9.110000000000001e+00  -2.550727784882253e-09  2.210232261826827e-09  -4.760960046709080e-09
9.120000000000003e+00  -2.452989318243252e-09  2.217739115666721e-09  -4.670728433909972e-09
9.130000000000003e+00  -2.356360705142812e-09  2.222342979937710e-09  -4.578703685080521e-09
9.140000000000002e+00  -2.261048657024319e-09  2.224073971093385e-09  -4.485122628117704e-09
9.150000000000002e+00  -2.167245991648530e-09  2.222971268751107e-09  -4.390217260399638e-09
9.160000000000002e+00  -2.075131558128648e-09  2.219082563252281e-09  -4.294214121380929e-09
9.170000000000002e+00  -1.984870216835887e-09  2.212463502031582e-09  -4.197333718867469e-09
9.180000000000001e+00  -1.896612876913109e-09  2.203177133361999e-09  -4.099790010275108e-09
9.190000000000001e+00  -1.810496583830279e-09  2.191293349073934e-09  -4.001789932904213e-09
9.200000000000003e+00  -1.726644651742574e-09  2.176888339214334e-09  -3.903532990956907e-09
9.210000000000003e+00  -1.645166849665435e-09  2.160044038396171e-09  -3.805210888061606e-09
9.220000000000002e+00  -1.566159623783308e-09  2.140847587925104e-09  -3.707007211708412e-09
9.230000000000002e+00  -1.489706364177919e-09  2.119390801404838e-09  -3.609097165582757e-09
9.240000000000002e+00  -1.415877707100711e-09  2.095769640632173e-09  -3.511647347732884e-09
9.250000000000002e+00  -1.344731872615501e-09  2.070083701710742e-09  -3.414815574326243e-09
9.260000000000002e+00  -1.276315033571605e-09  2.042435712942311e-09  -3.318750746513916e-09
9.270000000000001e+00  -1.210661714046609e-09  2.012931045440887e-09  -3.223592759487496e-09
9.280000000000001e+00  -1.147795212969045e-09  1.981677236486813e-09  -3.129472449455859e-09
9.290000000000003e+00  -1.087728050751090e-09  1.948783531532525e-09  -3.036511582283615e-09
9.300000000000002e+00  -1.030462438928426e-09  1.914360435024643e-09  -2.944822873953069e-09
9.310000000000002e+00  -9.759907618232950e-10  1.878519287028125e-09  -2.854510048851420e-09
9.320000000000002e+00  -9.242960799007841e-10  1.841371847434962e-09  -2.765667927335746e-09
9.330000000000002e+00  -8.753526403663337e-10  1.803029905094868e-09  -2.678382545461201e-09
9.340000000000002e+00  -8.291264007937867e-10  1.763604900643691e-09  -2.592731301437477e-09
9.350000000000001e+00  -7.855755578856498e-10  1.723207570798063e-09  -2.508783128683713e-09
9.360000000000001e+00  -7.446510824314142e-10  1.681947610588088e-09  -2.426598693019503e-09
9.370000000000003e+00  -7.062972572946879e-10  1.639933354259086e-09  -2.346230611553774e-09
9.380000000000003e+00  -6.704522144818910e-10  1.597271476623199e-09  -2.267723691105090e-09
9.390000000000002e+00  -6.370484721883899e-10  1.554066713340292e-09  -2.191115185528681e-09
9.400000000000002e+00  -6.060134676906856e-10  1.510421601047168e-09  -2.116435068737853e-09
9.410000000000002e+00  -5.772700842793894e-10  1.466436236654259e-09  -2.043706320933648e-09
9.420000000000002e+00  -5.507371701205656e-10  1.422208057846040e-09  -1.972945227966606e-09
9.430000000000001e+00  -5.263300533920131e-10  1.377831637514773e-09  -1.904161690906786e-09
9.440000000000001e+00  -5.039610383439919e-10  1.333398505287688e-09  -1.837359543631680e-09
9.450000000000003e+00  -4.835398968258675e-10  1.288996981285235e-09  -1.772536878111102e-09
9.460000000000003e+00  -4.649743425535536e-10  1.244712031122863e-09  -1.709686373676417e-09
9.470000000000002e+00  -4.481704927458777e-10  1.200625138176519e-09  -1.648795630922396e-09
9.480000000000002e+00  -4.330333132130587e-10  1.156814194396731e-09  -1.589847507609790e-09
9.490000000000002e+00  -4.194670464522460e-10  1.113353407315062e-09  -1.532820453767309e-09
9.500000000000002e+00  -4.073756235980165e-10  1.070313224034783e-09  -1.477688847632800e-09
9.510000000000002e+00  -3.966630566302257e-10  1.027760271523551e-09  -1.424423328153777e-09
9.520000000000001e+00  -3.872338121884303e-10  9.857573131084903e-10  -1.372991125296921e-09
9.530000000000001e+00  -3.789931659642643e-10  9.443632185228588e-10  -1.323356384487123e-09
9.540000000000003e+00  -3.718475369300153e-10  9.036329487530105e-10  -1.275480485683026e-09
9.550000000000002e+00  -3.657047995807764e-10  8.636175572148348e-10  -1.229322356795611e-09
9.560000000000002e+00  -3.604745787818648e-10  8.243641998574489e-10  -1.184838778639314e-09
9.570000000000002e+00  -3.560685203430112e-10  7.859161601880168e-10  -1.141984680531028e-09
9.580000000000002e+00  -3.524005420943868e-10  7.483128860732504e-10  -1.100713428167637e-09
9.590000000000002e+00  -3.493870640178679e-10  7.115900370015135e-10  -1.060977101019382e-09
9.600000000000001e+00  -3.469472170733060e-10  6.757795424182005e-10  -1.022726759491507e-09
9.610000000000001e+00  -3.450030307972099e-10  6.409096678558937e-10  -9.859126986531035e-10
9.620000000000003e+00  -3.434796011974107e-10  6.070050932655858e-10  -9.504846944629966e-10
9.630000000000003e+00  -3.423052372382985e-10  5.740869966882407e-10  -9.163922339265392e-10
9.640000000000002e+00  -3.414115885102213e-10  5.421731473629915e-10  -8.835847358732129e-10
9.650000000000002e+00  -3.407337532278952e-10  5.112780031383249e-10  -8.520117563662202e-10
9.660000000000002e+00  -3.402103624261676e-10  4.814128237718624e-10  -8.216231861980300e-10
9.670000000000002e+00  -3.397836584685624e-10  4.525857680448682e-10  -7.923694265134306e-10
9.680000000000001e+00  -3.393995384978330e-10  4.248020239447789e-10  -7.642015624426119e-10
9.690000000000001e+00  -3.390075928663130e-10  3.980639215561439e-10  -7.370715144224570e-10
9.700000000000003e+00  -3.385611229330178e-10  3.723710601643435e-10  -7.109321830973613e-10
9.710000000000003e+00  -3.380171421982493e-10  3.477204340109146e-10  -6.857375762091639e-10
9.720000000000002e+00  -3.373363629459150e-10  3.241065626249229e-10  -6.614429255708379e-10
9.730000000000002e+00  -3.364831687871896e-10  3.015216234076093e-10  -6.380047921947990e-10
9.740000000000002e+00  -3.354255728986572e-10  2.799555831758824e-10  -6.153811560745395e-10
9.750000000000002e+00  -3.341351630933465e-10  2.593963330475939e-10  -5.935314961409404e-10
9.760000000000002e+00  -3.325870356321709e-10  2.398298231629731e-10  -5.724168587951441e-10
9.770000000000001e+00  -3.307597165877605e-10  2.212401954241704e-10  -5.519999120119309e-10
9.780000000000001e+00  -3.286350741595348e-10  2.036099185152295e-10  -5.322449926747643e-10
9.790000000000003e+00  -3.261982200080627e-10  1.869199198548708e-10  -5.131181398629335e-10
9.800000000000002e+00  -3.234374027695410e-10  1.711497167100479e-10  -4.945871194795889e-10
9.810000000000002e+00  -3.203438926864920e-10  1.562775458771854e-10  -4.766214385636774e-10
9.820000000000002e+00  -3.169118601750397e-10  1.422804905465300e-10  -4.591923507215697e-10
9.830000000000002e+00  -3.131382475164030e-10  1.291346052859646e-10  -4.422728528023676e-10
9.840000000000002e+00  -3.090226344750212e-10  1.168150381144127e-10  -4.258376725894339e-10
9.850000000000001e+00  -3.045671004954040e-10  1.052961491111071e-10  -4.098632496065110e-10
9.860000000000001e+00  -2.997760817765635e-10  9.455162593137249e-11  -3.943277077079360e-10
9.870000000000003e+00  -2.946562259553775e-10  8.455459597256485e-11  -3.792108219279423e-10
9.880000000000003e+00  -2.892162440410763e-10  7.527773443330828e-11  -3.644939784743846e-10
9.890000000000002e+00  -2.834667595721322e-10  6.669336979039098e-11  -3.501601293625233e-10
9.900000000000002e+00  -2.774201599686195e-10  5.877358114675214e-11  -3.361937411153716e-10
9.910000000000002e+00  -2.710904432108327e-10  5.149029676795038e-11  -3.225807399787830e-10
9.920000000000002e+00  -2.644930678507446e-10  4.481538469891616e-11  -3.093084525496607e-10
9.930000000000001e+00  -2.576448023180190e-10  3.872074025121183e-11  -2.963655425692309e-10
9.940000000000001e+00  -2.505635771822103e-10  3.317836706149165e-11  -2.837419442437019e-10
9.950000000000003e+00  -2.432683369399361e-10  2.816045772467049e-11  -2.714287946646066e-10
9.960000000000003e+00  -2.357788975309269e-10  2.363946406808206e-11  -2.594183615990089e-10
9.970000000000002e+00  -2.281158036263344e-10  1.958816809551687e-11  -2.477039717218512e-10
9.980000000000002e+00  -2.203001913728287e-10  1.597974515292623e-11  -2.362799365257549e-10
9.990000000000002e+00  -2.123536542938218e-10  1.278782312613126e-11  -2.251414774199531e-10
