1.000000000000000e-15  1.000029960181338e+00  1.000026513465581e+00  3.446715756361129e-06
1.000000000000100e-02  9.999044230063792e-01  9.998795056448355e-01  2.491736154364155e-05
2.000000000000100e-02  9.995278911618322e-01  9.994385927176510e-01  8.929844418115174e-05
3.000000000000100e-02  9.989006036112531e-01  9.987041061589892e-01  1.964974522639107e-04
4.000000000000100e-02  9.980229583692788e-01  9.976765979933503e-01  3.463603759285006e-04
5.000000000000100e-02  9.968955121150629e-01  9.963568401448630e-01  5.386719701998555e-04
6.000000000000100e-02  9.955189796517774e-01  9.947458235289339e-01  7.731561228434547e-04
7.000000000000101e-02  9.938942332129643e-01  9.928447568869727e-01  1.049476325991616e-03
8.000000000000100e-02  9.920223016166119e-01  9.906550653661126e-01  1.367236250499282e-03
9.000000000000100e-02  9.899043692680636e-01  9.881783888462983e-01  1.725980421765305e-03
1.000000000000010e-01  9.875417750131884e-01  9.854165800175309e-01  2.125194995657553e-03
1.100000000000010e-01  9.849360108431993e-01  9.823717022104107e-01  2.564308632788559e-03
1.200000000000010e-01  9.820887204529315e-01  9.790460269836330e-01  3.042693469298530e-03
1.300000000000010e-01  9.790016976544751e-01  9.754420314723641e-01  3.559666182111010e-03
1.400000000000010e-01  9.756768846482549e-01  9.715623955018787e-01  4.114489146376132e-03
1.500000000000010e-01  9.721163701538067e-01  9.674099984712503e-01  4.706371682556387e-03
1.600000000000010e-01  9.683223874027911e-01  9.629879160121018e-01  5.334471390689322e-03
1.700000000000010e-01  9.642973119968117e-01  9.582994164280095e-01  5.997895568802147e-03
1.800000000000010e-01  9.600436596328992e-01  9.533479569202377e-01  6.695702712661511e-03
1.900000000000010e-01  9.555640836996012e-01  9.481371796060137e-01  7.426904093587483e-03
2.000000000000010e-01  9.508613727468822e-01  9.426709073357831e-01  8.190465411099135e-03
2.100000000000010e-01  9.459384478330403e-01  9.369531393161401e-01  8.985308516900159e-03
2.200000000000010e-01  9.407983597521797e-01  9.309880465455150e-01  9.810313206664700e-03
2.300000000000010e-01  9.354442861457496e-01  9.247799670698937e-01  1.066431907585585e-02
2.400000000000010e-01  9.298795285019807e-01  9.183334010661433e-01  1.154612743583749e-02
2.500000000000010e-01  9.241075090469340e-01  9.116530057606937e-01  1.245450328624020e-02
2.600000000000010e-01  9.181317675313310e-01  9.047435901916406e-01  1.338817733969033e-02
2.700000000000010e-01  9.119559579170661e-01  8.976101098224512e-01  1.434584809461492e-02
2.800000000000010e-01  9.055838449678607e-01  8.902576610156741e-01  1.532618395218666e-02
2.900000000000010e-01  8.990193007481088e-01  8.826914753752475e-01  1.632782537286126e-02
3.000000000000010e-01  8.922663010345648e-01  8.749169139660977e-01  1.734938706846711e-02
3.100000000000010e-01  8.853289216452671e-01  8.669394614199187e-01  1.838946022534838e-02
3.200000000000010e-01  8.782113346902728e-01  8.587647199360515e-01  1.944661475422127e-02
3.300000000000010e-01  8.709178047489473e-01  8.503984031865742e-01  2.051940156237309e-02
3.400000000000010e-01  8.634526849784953e-01  8.418463301347212e-01  2.160635484377404e-02
3.500000000000010e-01  8.558204131584917e-01  8.331144187758484e-01  2.270599438264331e-02
3.600000000000010e-01  8.480255076763556e-01  8.242086798101650e-01  2.381682786619066e-02
3.700000000000010e-01  8.400725634585295e-01  8.151352102565368e-01  2.493735320199275e-02
3.800000000000010e-01  8.319662478524172e-01  8.059001870165929e-01  2.606606083582430e-02
3.900000000000010e-01  8.237112964639330e-01  7.965098603984584e-01  2.720143606547465e-02
4.000000000000010e-01  8.153125089556958e-01  7.869705476092606e-01  2.834196134643530e-02
4.100000000000010e-01  8.067747448108115e-01  7.772886262257139e-01  2.948611858509753e-02
4.200000000000010e-01  7.981029190673252e-01  7.674705276517828e-01  3.063239141554241e-02
4.300000000000010e-01  7.893019980282006e-01  7.575227305725770e-01  3.177926745562354e-02
4.400000000000010e-01  7.803769949519510e-01  7.474517544133873e-01  3.292524053856372e-02
4.500000000000010e-01  7.713329657287892e-01  7.372641528126762e-01  3.406881291611297e-02
4.600000000000010e-01  7.621750045472973e-01  7.269665071178202e-01  3.520849742947707e-02
4.700000000000010e-01  7.529082395565095e-01  7.165654199121188e-01  3.634281964439079e-02
4.800000000000010e-01  7.435378285282782e-01  7.060675085815004e-01  3.747031994677785e-02
4.900000000000010e-01  7.340689545247803e-01  6.954793989292477e-01  3.858955559553257e-02
5.000000000000010e-01  7.245068215759185e-01  6.848077188467308e-01  3.969910272918775e-02
5.100000000000010e-01  7.148566503713640e-01  6.740590920481211e-01  4.079755832324294e-02
5.200000000000010e-01  7.051236739718882e-01  6.632401318767200e-01  4.188354209516820e-02
5.300000000000010e-01  6.953131335445709e-01  6.523574351903979e-01  4.295569835417301e-02
5.400000000000010e-01  6.854302741264278e-01  6.414175763333971e-01  4.401269779303063e-02
5.500000000000010e-01  6.754803404208436e-01  6.304271012014833e-01  4.505323921936033e-02
5.600000000000011e-01  6.654685726312193e-01  6.193925214072665e-01  4.607605122395275e-02
5.700000000000011e-01  6.554002023360229e-01  6.083203085521512e-01  4.707989378387167e-02
5.800000000000010e-01  6.452804484094645e-01  5.972168886112569e-01  4.806355979820764e-02
5.900000000000010e-01  6.351145129918044e-01  5.860886364372138e-01  4.902587655459067e-02
6.000000000000010e-01  6.249075775132643e-01  5.749418703886492e-01  4.996570712461512e-02
6.100000000000010e-01  6.146647987753954e-01  5.637828470887397e-01  5.088195168665566e-02
6.200000000000010e-01  6.043913050935888e-01  5.526177563190589e-01  5.177354877453000e-02
6.300000000000010e-01  5.940921925043773e-01  5.414527160535431e-01  5.263947645083422e-02
6.400000000000010e-01  5.837725210409820e-01  5.302937676372053e-01  5.347875340377672e-02
6.500000000000010e-01  5.734373110804787e-01  5.191468711138826e-01  5.429043996659610e-02
6.600000000000010e-01  5.630915397657941e-01  5.080179007070110e-01  5.507363905878304e-02
6.700000000000010e-01  5.527401375056680e-01  4.969126404571620e-01  5.582749704850593e-02
6.800000000000010e-01  5.423879845554958e-01  4.858367800197124e-01  5.655120453578333e-02
6.900000000000011e-01  5.320399076819113e-01  4.747959106257861e-01  5.724399705612521e-02
7.000000000000011e-01  5.217006769138044e-01  4.637955212092817e-01  5.790515570452265e-02
7.100000000000010e-01  5.113750023822896e-01  4.528409947024912e-01  5.853400767979838e-02
7.200000000000010e-01  5.010675312520774e-01  4.419376045025333e-01  5.912992674954404e-02
7.300000000000010e-01  4.907828447464665e-01  4.310905111105537e-01  5.969233363591281e-02
7.400000000000010e-01  4.805254552681100e-01  4.203047589453007e-01  6.022069632280930e-02
7.500000000000010e-01  4.702998036175298e-01  4.095852733324513e-01  6.071453028507856e-02
7.600000000000010e-01  4.601102563111836e-01  3.989368576707416e-01  6.117339864044202e-02
7.700000000000010e-01  4.499611030007966e-01  3.883641907756974e-01  6.159691222509917e-02
7.800000000000010e-01  4.398565539954798e-01  3.778718244014723e-01  6.198472959400753e-02
7.900000000000010e-01  4.298007378880331e-01  3.674641809410409e-01  6.233655694699219e-02
8.000000000000010e-01  4.197976992866719e-01  3.571455513047056e-01  6.265214798196633e-02
8.100000000000011e-01  4.098513966533002e-01  3.469200929766557e-01  6.293130367664451e-02
8.200000000000011e-01  3.999657002492519e-01  3.367918282490195e-01  6.317387200023239e-02
8.300000000000011e-01  3.901443901893457e-01  3.267646426326320e-01  6.337974755671372e-02
8.400000000000010e-01  3.803911546049080e-01  3.168422834434894e-01  6.354887116141855e-02
8.500000000000010e-01  3.707095879162975e-01  3.070283585636234e-01  6.368122935267417e-02
8.600000000000010e-01  3.611031892153256e-01  2.973263353749047e-01  6.377685384042092e-02
8.700000000000010e-01  3.515753607578233e-01  2.877395398640716e-01  6.383582089375167e-02
8.800000000000010e-01  3.421294065664647e-01  2.782711558970547e-01  6.385825066940998e-02
8.900000000000010e-01  3.327685311438464e-01  2.689242246604763e-01  6.384430648337003e-02
9.000000000000010e-01  3.234958382956551e-01  2.597016442679790e-01  6.379419402767605e-02
9.100000000000010e-01  3.143143300636602e-01  2.506061695289153e-01  6.370816053474482e-02
9.200000000000010e-01  3.052269057681153e-01  2.416404118766475e-01  6.358649389146787e-02
9.300000000000010e-01  2.962363611590510e-01  2.328068394536444e-01  6.342952170540661e-02
9.400000000000011e-01  2.873453876757925e-01  2.241077773503070e-01  6.323761032548553e-02
9.500000000000011e-01  2.785565718139487e-01  2.155454079943666e-01  6.301116381958208e-02
9.600000000000010e-01  2.698723945989697e-01  2.071217716875024e-01  6.275062291146732e-02
9.700000000000010e-01  2.612952311652936e-01  1.988387672857312e-01  6.245646387956238e-02
9.800000000000010e-01  2.528273504399497e-01  1.906981530199462e-01  6.212919742000345e-02
9.900000000000010e-01  2.444709149294372e-01  1.827015474529114e-01  6.176936747652584e-02
1.000000000000001e+00  2.362279806085204e-01  1.748504305688585e-01  6.137755003966189e-02
1.010000000000001e+00  2.281004969095656e-01  1.671461449917718e-01  6.095435191779378e-02
1.020000000000001e+00  2.200903068108701e-01  1.595898973283029e-01  6.050040948256716e-02
1.030000000000001e+00  2.121991470224075e-01  1.521827596312311e-01  6.001638739117637e-02
1.040000000000001e+00  2.044286482672747e-01  1.449256709792481e-01  5.950297728802662e-02
1.050000000000001e+00  1.967803356570678e-01  1.378194391688145e-01  5.896089648825337e-02
1.060000000000001e+00  1.892556291593336e-01  1.308647425137545e-01  5.839088664557909e-02
1.070000000000001e+00  1.818558441551465e-01  1.240621317482120e-01  5.779371240693451e-02
1.080000000000001e+00  1.745821920847992e-01  1.174120320285347e-01  5.717016005626453e-02
1.090000000000001e+00  1.674357811795471e-01  1.109147450296242e-01  5.652103614992290e-02
1.100000000000001e+00  1.604176172772183e-01  1.045704511312577e-01  5.584716614596061e-02
1.110000000000001e+00  1.535286047195188e-01  9.837921168985470e-02  5.514939302966412e-02
1.120000000000001e+00  1.467695473287394e-01  9.234097139115803e-02  5.442857593758139e-02
1.130000000000001e+00  1.401411494615513e-01  8.645556067928481e-02  5.368558878226654e-02
1.140000000000001e+00  1.336440171375124e-01  8.072269825760224e-02  5.292131887991013e-02
1.150000000000001e+00  1.272786592398673e-01  7.514199365688293e-02  5.213666558298438e-02
1.160000000000001e+00  1.210454887861789e-01  6.971294986621707e-02  5.133253891996187e-02
1.170000000000001e+00  1.149448242662814e-01  6.443496602216302e-02  5.050985824411834e-02
1.180000000000001e+00  1.089768910450307e-01  5.930734015166086e-02  4.966955089336988e-02
1.190000000000001e+00  1.031418228272744e-01  5.432927196423765e-02  4.881255086303674e-02
1.200000000000001e+00  9.743966318244639e-02  4.949986568909716e-02  4.793979749334923e-02
1.210000000000001e+00  9.187036712617318e-02  4.481813295270768e-02  4.705223417346550e-02
1.220000000000001e+00  8.643380275624571e-02  4.028299569255933e-02  4.615080706368638e-02
1.230000000000001e+00  8.112975294030450e-02  3.589328910280776e-02  4.523646383749674e-02
1.240000000000001e+00  7.595791705256841e-02  3.164776460758650e-02  4.431015244498191e-02
1.250000000000001e+00  7.091791275693134e-02  2.754509285782201e-02  4.337281989910933e-02
1.260000000000001e+00  6.600927783374105e-02  2.358386674745760e-02  4.242541108628346e-02
1.270000000000001e+00  6.123147204757680e-02  1.976260444506339e-02  4.146886760251341e-02
1.280000000000001e+00  5.658387905334176e-02  1.607975243687975e-02  4.050412661646201e-02
1.290000000000001e+00  5.206580833798911e-02  1.253368857742276e-02  3.953211976056635e-02
1.300000000000001e+00  4.767649719521091e-02  9.122725143860682e-03  3.855377205135023e-02
1.310000000000001e+00  4.341511273043062e-02  5.845111890457472e-03  3.757000083997315e-02
1.320000000000001e+00  3.928075389344733e-02  2.699039099464167e-03  3.658171479398317e-02
1.330000000000001e+00  3.527245353611051e-02  -3.173593750672809e-04  3.558981291117779e-02
1.340000000000001e+00  3.138918049240653e-02  -3.206003073979208e-03  3.459518356638575e-02
1.350000000000001e+00  2.762984167837702e-02  -5.968861913550417e-03  3.359870359192744e-02
1.360000000000001e+00  2.399328420930472e-02  -8.607953183120973e-03  3.260123739242569e-02
1.370000000000001e+00  2.047829753163605e-02  -1.112533856293888e-02  3.160363609457493e-02
1.380000000000001e+00  1.708361556713720e-02  -1.352312116526063e-02  3.060673673239783e-02
1.390000000000001e+00  1.380791886681698e-02  -1.580344260163912e-02  2.961136146845610e-02
1.400000000000001e+00  1.064983677218382e-02  -1.796848007922135e-02  2.861831685140517e-02
1.410000000000001e+00  7.607949581442975e-03  -2.002044352877582e-02  2.762839311021879e-02
1.420000000000001e+00  4.680790718280994e-03  -2.196157276706035e-02  2.664236348534135e-02
1.430000000000001e+00  1.866848900926026e-03  -2.379413469603076e-02  2.566098359695678e-02
1.440000000000001e+00  -8.354296907819592e-04  -2.552042054128449e-02  2.468499085050253e-02
1.450000000000001e+00  -3.427639252529167e-03  -2.714274313202071e-02  2.371510387949155e-02
1.460000000000001e+00  -5.911412199048322e-03  -2.866343422469064e-02  2.275202202564231e-02
1.470000000000001e+00  -8.288417016138786e-03  -3.008484187239850e-02  2.179642485625972e-02
1.480000000000001e+00  -1.056035612325809e-02  -3.140932784200715e-02  2.084897171874906e-02
1.490000000000001e+00  -1.272896374869930e-02  -3.263926508078903e-02  1.991030133208973e-02
1.500000000000001e+00  -1.479600381931529e-02  -3.377703523435293e-02  1.898103141503764e-02
1.510000000000001e+00  -1.676326786669615e-02  -3.482502621747349e-02  1.806175835077734e-02
1.520000000000001e+00  -1.863257295164453e-02  -3.578562983933171e-02  1.715305688768718e-02
1.530000000000001e+00  -2.040575960874051e-02  -3.666123948457695e-02  1.625547987583644e-02
1.540000000000001e+00  -2.208468981272455e-02  -3.745424785150804e-02  1.536955803878350e-02
1.550000000000001e+00  -2.367124496836659e-02  -3.816704474856472e-02  1.449579978019814e-02
1.560000000000001e+00  -2.516732392543102e-02  -3.880201495022065e-02  1.363469102478963e-02
1.570000000000001e+00  -2.657484102028049e-02  -3.936153611325954e-02  1.278669509297904e-02
1.580000000000001e+00  -2.789572414560493e-02  -3.984797675431943e-02  1.195225260871449e-02
1.590000000000001e+00  -2.913191284969242e-02  -4.026369428948517e-02  1.113178143979275e-02
1.600000000000001e+00  -3.028535646660008e-02  -4.061103313661193e-02  1.032567667001186e-02
1.610000000000001e+00  -3.135801227851600e-02  -4.089232288096648e-02  9.534310602450483e-03
1.620000000000001e+00  -3.235184371154123e-02  -4.110987650467427e-02  8.758032793133044e-03
1.630000000000001e+00  -3.326881856605270e-02  -4.126598868036921e-02  7.997170114316506e-03
1.640000000000001e+00  -3.411090728275030e-02  -4.136293412935288e-02  7.252026846602581e-03
1.650000000000001e+00  -3.488008124541651e-02  -4.140296604447301e-02  6.522884799056494e-03
1.660000000000001e+00  -3.557831112136399e-02  -4.138831457785260e-02  5.810003456488612e-03
1.670000000000001e+00  -3.620756524047321e-02  -4.132118539351256e-02  5.113620153039351e-03
1.680000000000001e+00  -3.676980801366235e-02  -4.120375828484252e-02  4.433950271180175e-03
1.690000000000001e+00  -3.726699839156856e-02  -4.103818585680090e-02  3.771187465232341e-03
1.700000000000001e+00  -3.770108836415335e-02  -4.082659227264417e-02  3.125503908490812e-03
1.710000000000001e+00  -3.807402150188476e-02  -4.057107206490822e-02  2.497050563023462e-03
1.720000000000001e+00  -3.838773153908599e-02  -4.027368901029215e-02  1.885957471206165e-03
1.730000000000001e+00  -3.864414099997859e-02  -3.993647506802298e-02  1.292334068044382e-03
1.740000000000001e+00  -3.884515986788555e-02  -3.956142938121340e-02  7.162695133278579e-04
1.750000000000001e+00  -3.899268429800445e-02  -3.915051734065545e-02  1.578330426509969e-04
1.760000000000001e+00  -3.908859537409373e-02  -3.870566971043266e-02  -3.829256636610698e-04
1.770000000000001e+00  -3.913475790936686e-02  -3.822878181466848e-02  -9.059760946983769e-04
1.780000000000001e+00  -3.913301929182113e-02  -3.772171278467659e-02  -1.411306507144536e-03
1.790000000000001e+00  -3.908520837417882e-02  -3.718628486571550e-02  -1.898923508463317e-03
1.800000000000001e+00  -3.899313440856082e-02  -3.662428278250225e-02  -2.368851626058571e-03
1.810000000000001e+00  -3.885858602595786e-02  -3.603745316258927e-02  -2.821132863368596e-03
1.820000000000001e+00  -3.868333026051082e-02  -3.542750401665683e-02  -3.255826243853989e-03
1.830000000000001e+00  -3.846911161856243e-02  -3.479610427473222e-02  -3.673007343830206e-03
1.840000000000001e+00  -3.821765119238966e-02  -3.414488337730275e-02  -4.072767815086913e-03
1.850000000000001e+00  -3.793064581847651e-02  -3.347543092024840e-02  -4.455214898228116e-03
1.860000000000001e+00  -3.760976728014077e-02  -3.278929635248607e-02  -4.820470927654703e-03
1.870000000000001e+00  -3.725666155427932e-02  -3.208798872517692e-02  -5.168672829102404e-03
1.880000000000001e+00  -3.687294810195417e-02  -3.137297649132226e-02  -5.499971610631905e-03
1.890000000000001e+00  -3.646021920249323e-02  -3.064568735453763e-02  -5.814531847955592e-03
1.900000000000001e+00  -3.602003933074135e-02  -2.990750816577143e-02  -6.112531164969917e-03
1.910000000000001e+00  -3.555394457705560e-02  -2.915978486670912e-02  -6.394159710346486e-03
1.920000000000001e+00  -3.506344210959474e-02  -2.840382247857716e-02  -6.659619631017584e-03
1.930000000000001e+00  -3.455000967842248e-02  -2.764088513504726e-02  -6.909124543375215e-03
1.940000000000001e+00  -3.401509516090082e-02  -2.687219615791814e-02  -7.142899002982674e-03
1.950000000000001e+00  -3.346011614781759e-02  -2.609893817423942e-02  -7.361177973578166e-03
1.960000000000001e+00  -3.288645956966004e-02  -2.532225327352758e-02  -7.564206296132459e-03
1.970000000000001e+00  -3.229548136241188e-02  -2.454324320371262e-02  -7.752238158699264e-03
1.980000000000001e+00  -3.168850617222276e-02  -2.376296960444685e-02  -7.925536567775903e-03
1.990000000000001e+00  -3.106682709826952e-02  -2.298245427639851e-02  -8.084372821871015e-03
2.000000000000001e+00  -3.043170547310105e-02  -2.220267948514700e-02  -8.229025987954053e-03
2.010000000000001e+00  -2.978437067973422e-02  -2.142458829829767e-02  -8.359782381436549e-03
2.020000000000001e+00  -2.912602000474469e-02  -2.064908495442850e-02  -8.476935050316187e-03
2.030000000000001e+00  -2.845781852656840e-02  -1.987703526248584e-02  -8.580783264082556e-03
2.040000000000001e+00  -2.778089903821841e-02  -1.910926703024552e-02  -8.671632007972888e-03
2.050000000000001e+00  -2.709636200359272e-02  -1.834657052046284e-02  -8.749791483129876e-03
2.060000000000001e+00  -2.640527554653587e-02  -1.758969893334137e-02  -8.815576613194501e-03
2.070000000000001e+00  -2.570867547180031e-02  -1.683936891395551e-02  -8.869306557844799e-03
2.080000000000001e+00  -2.500756531703640e-02  -1.609626108327342e-02  -8.911304233762976e-03
2.090000000000001e+00  -2.430291643493004e-02  -1.536102059143903e-02  -8.941895843491008e-03
2.100000000000001e+00  -2.359566810458906e-02  -1.463425769198025e-02  -8.961410412608809e-03
2.110000000000001e+00  -2.288672767127715e-02  -1.391654833562978e-02  -8.970179335647368e-03
2.120000000000001e+00  -2.217697071357562e-02  -1.320843478245460e-02  -8.968535931121013e-03
2.130000000000001e+00  -2.146724123705461e-02  -1.251042623101075e-02  -8.956815006043856e-03
2.140000000000001e+00  -2.075835189352055e-02  -1.182299946325640e-02  -8.935352430264148e-03
2.150000000000001e+00  -2.005108422490839e-02  -1.114659950397429e-02  -8.904484720934100e-03
2.160000000000001e+00  -1.934618893087866e-02  -1.048164029347540e-02  -8.864548637403252e-03
2.170000000000001e+00  -1.864438615918020e-02  -9.828505372377656e-03  -8.815880786802547e-03
2.180000000000001e+00  -1.794636581783461e-02  -9.187548577272263e-03  -8.758817240562348e-03
2.190000000000001e+00  -1.725278790820287e-02  -8.559094746117081e-03  -8.693693162085792e-03
2.200000000000001e+00  -1.656428287799126e-02  -7.943440432217659e-03  -8.620842445773600e-03
2.210000000000001e+00  -1.588145199325854e-02  -7.340854625681653e-03  -8.540597367576886e-03
2.220000000000001e+00  -1.520486772849046e-02  -6.751579481257529e-03  -8.453288247232927e-03
2.230000000000001e+00  -1.453507417380838e-02  -6.175831051495279e-03  -8.359243122313096e-03
2.240000000000001e+00  -1.387258745838969e-02  -5.613800024191719e-03  -8.258787434197969e-03
2.250000000000001e+00  -1.321789618917939e-02  -5.065652463111752e-03  -8.152243726067638e-03
2.260000000000001e+00  -1.257146190398213e-02  -4.531530551003666e-03  -8.039931352978466e-03
2.270000000000001e+00  -1.193371953803338e-02  -4.011553333954700e-03  -7.922166204078682e-03
2.280000000000001e+00  -1.130507790315453e-02  -3.505817466161407e-03  -7.799260436993124e-03
2.290000000000001e+00  -1.068592017861012e-02  -3.014397954219595e-03  -7.671522224390523e-03
2.300000000000001e+00  -1.007660441279535e-02  -2.537348900064697e-03  -7.539255512730656e-03
2.310000000000001e+00  -9.477464034893480e-03  -2.074704241726450e-03  -7.402759793167030e-03
2.320000000000001e+00  -8.888808375654745e-03  -1.626478491088385e-03  -7.262329884566359e-03
2.330000000000001e+00  -8.310923196464729e-03  -1.192667467873537e-03  -7.118255728591193e-03
2.340000000000001e+00  -7.744071225880117e-03  -7.732490291081408e-04  -6.970822196771976e-03
2.350000000000001e+00  -7.188492702827199e-03  -3.681837933431811e-04  -6.820308909484017e-03
2.360000000000001e+00  -6.644405925672897e-03  2.258414105452947e-05  -6.666990066727426e-03
2.370000000000001e+00  -6.112007806393382e-03  3.991264842015521e-04  -6.511134290594934e-03
2.380000000000001e+00  -5.591474429083222e-03  7.615300502170334e-04  -6.353004479300256e-03
2.390000000000001e+00  -5.082961612062025e-03  1.109896060561961e-03  -6.192857672623986e-03
2.400000000000001e+00  -4.586605472856923e-03  1.444339455768356e-03  -6.030944928625279e-03
2.410000000000001e+00  -4.102522995352379e-03  1.764988216100914e-03  -5.867511211453293e-03
2.420000000000001e+00  -3.630812598420650e-03  2.071982691661870e-03  -5.702795290082521e-03
2.430000000000001e+00  -3.171554705362518e-03  2.365474942423583e-03  -5.537029647786101e-03
2.440000000000001e+00  -2.724812313507353e-03  2.645628088642702e-03  -5.370440402150055e-03
2.450000000000001e+00  -2.290631563340633e-03  2.912615672083509e-03  -5.203247235424143e-03
2.460000000000001e+00  -1.869042306546186e-03  3.166621028448103e-03  -5.035663334994289e-03
2.470000000000001e+00  -1.460058672369656e-03  3.407836671385801e-03  -4.867895343755457e-03
2.480000000000001e+00  -1.063679631730216e-03  3.636463688424844e-03  -4.700143320155060e-03
2.490000000000001e+00  -6.798895585259135e-04  3.852711149144959e-03  -4.532600707670873e-03
2.500000000000001e+00  -3.086587875998704e-04  4.056795525881270e-03  -4.365454313481141e-03
2.510000000000001e+00  5.005583114767072e-05  4.248940127225771e-03  -4.198884296078100e-03
2.520000000000001e+00  3.963103829943002e-04  4.429374544566375e-03  -4.033064161572075e-03
2.530000000000001e+00  7.301733434514894e-04  4.598334111879242e-03  -3.868160768427753e-03
2.540000000000001e+00  1.051725038595224e-03  4.756059378966047e-03  -3.704334340370823e-03
2.550000000000001e+00  1.361057111104842e-03  4.902795598304027e-03  -3.541738487199184e-03
2.560000000000001e+00  1.658271992423330e-03  5.038792225653044e-03  -3.380520233229715e-03
2.570000000000001e+00  1.943482381432955e-03  5.164302434542879e-03  -3.220820053109924e-03
2.580000000000001e+00  2.216810730019656e-03  5.279582644740189e-03  -3.062771914720533e-03
2.590000000000001e+00  2.478388735880505e-03  5.384892064774881e-03  -2.906503328894376e-03
2.600000000000001e+00  2.728356842908511e-03  5.480492248583846e-03  -2.752135405675336e-03
2.610000000000001e+00  2.966863749469861e-03  5.566646666310621e-03  -2.599782916840760e-03
2.620000000000001e+00  3.194065924869728e-03  5.643620289279725e-03  -2.449554364409998e-03
2.630000000000001e+00  3.410127134283150e-03  5.711679189145740e-03  -2.301552054862589e-03
2.640000000000001e+00  3.615217972409605e-03  5.771090151199054e-03  -2.155872178789449e-03
2.650000000000001e+00  3.809515406090474e-03  5.822120301792531e-03  -2.012604895702057e-03
2.660000000000001e+00  3.993202326111260e-03  5.865036749836749e-03  -1.871834423725489e-03
2.670000000000001e+00  4.166467108391761e-03  5.900106242294817e-03  -1.733639133903057e-03
2.680000000000001e+00  4.329503184749998e-03  5.927594833592753e-03  -1.598091648842754e-03
2.690000000000001e+00  4.482508623408739e-03  5.947767568845760e-03  -1.465258945437021e-03
2.700000000000001e+00  4.625685719395628e-03  5.960888180787031e-03  -1.335202461391403e-03
2.710000000000001e+00  4.759240594972026e-03  5.967218800272068e-03  -1.207978205300042e-03
2.720000000000001e+00  4.883382810208984e-03  5.967019680217792e-03  -1.083636870008809e-03
2.730000000000001e+00  4.998324983812805e-03  5.960548932824540e-03  -9.622239490117354e-04
2.740000000000001e+00  5.104282424287110e-03  5.948062279915934e-03  -8.437798556288241e-04
2.750000000000001e+00  5.201472771503438e-03  5.929812816221827e-03  -7.283400447183888e-04
2.760000000000001e+00  5.290115648736859e-03  5.906050785418134e-03  -6.159351366812746e-04
2.770000000000001e+00  5.370432325209293e-03  5.877023368728134e-03  -5.065910435188411e-04
2.780000000000001e+00  5.442645389169266e-03  5.842974485879499e-03  -4.003290967102332e-04
2.790000000000001e+00  5.506978431522412e-03  5.804144608204721e-03  -2.971661766823083e-04
2.800000000000001e+00  5.563655740015237e-03  5.760770583661947e-03  -1.971148436467098e-04
2.810000000000001e+00  5.612902003960219e-03  5.713085473548059e-03  -1.001834695878402e-04
2.820000000000001e+00  5.654942029479521e-03  5.661318400667374e-03  -6.376371187852801e-06
2.830000000000001e+00  5.690000465231650e-03  5.605694408713772e-03  8.430605651787819e-05
2.840000000000001e+00  5.718301538574345e-03  5.546434332618321e-03  1.718672059560240e-04
2.850000000000001e+00  5.740068802105995e-03  5.483754679608628e-03  2.563141224973670e-04
2.860000000000001e+00  5.755524890517037e-03  5.417867520721929e-03  3.376573697951076e-04
2.870000000000001e+00  5.764891287672330e-03  5.348980392509867e-03  4.159108951624626e-04
2.880000000000001e+00  5.768388103836981e-03  5.277296208668698e-03  4.910918951682832e-04
2.890000000000001e+00  5.766233862946992e-03  5.203013181325604e-03  5.632206816213884e-04
2.900000000000001e+00  5.758645299818602e-03  5.126324751709784e-03  6.323205481088183e-04
2.910000000000001e+00  5.745837167181277e-03  5.047419529933373e-03  6.984176372479035e-04
2.920000000000001e+00  5.728022052411027e-03  4.966481243607097e-03  7.615408088039299e-04
2.930000000000001e+00  5.705410203833405e-03  4.883688695012548e-03  8.217215088208571e-04
2.940000000000001e+00  5.678209366458483e-03  4.799215726553372e-03  8.789936399051113e-04
2.950000000000001e+00  5.646624627002679e-03  4.713231194206483e-03  9.333934327961967e-04
2.960000000000001e+00  5.610858268046928e-03  4.625898948694389e-03  9.849593193525389e-04
2.970000000000001e+00  5.571109631173720e-03  4.537377824099732e-03  1.033731807073989e-03
2.980000000000001e+00  5.527574988920596e-03  4.447821633644774e-03  1.079753355275822e-03
2.990000000000001e+00  5.480447425382290e-03  4.357379172357978e-03  1.123068253024311e-03
3.000000000000001e+00  5.429916725289163e-03  4.266194226352642e-03  1.163722498936520e-03
3.010000000000001e+00  5.376169271384750e-03  4.174405588443241e-03  1.201763682941509e-03
3.020000000000001e+00  5.319387949921501e-03  4.082147079827432e-03  1.237240870094069e-03
3.030000000000001e+00  5.259752064090377e-03  3.989547577564322e-03  1.270204486526054e-03
3.040000000000001e+00  5.197437255195848e-03  3.896731047581128e-03  1.300706207614720e-03
3.050000000000001e+00  5.132615431386075e-03  3.803816582944352e-03  1.328798848441723e-03
3.060000000000001e+00  5.065454703744293e-03  3.710918447133981e-03  1.354536256610312e-03
3.070000000000001e+00  4.996119329546105e-03  3.618146122062554e-03  1.377973207483551e-03
3.080000000000001e+00  4.924769662484517e-03  3.525604360584962e-03  1.399165301899555e-03
3.090000000000001e+00  4.851562109664160e-03  3.433393243247900e-03  1.418168866416260e-03
3.100000000000001e+00  4.776649095163393e-03  3.341608239032708e-03  1.435040856130685e-03
3.110000000000001e+00  4.700179029963497e-03  3.250340269848742e-03  1.449838760114756e-03
3.120000000000001e+00  4.622296288041868e-03  3.159675778538919e-03  1.462620509502949e-03
3.130000000000001e+00  4.543141188427222e-03  3.069696800164567e-03  1.473444388262655e-03
3.140000000000001e+00  4.462849983013809e-03  2.980481036339182e-03  1.482368946674627e-03
3.150000000000001e+00  4.381554849931617e-03  2.892101932388287e-03  1.489452917543330e-03
3.160000000000001e+00  4.299383892270602e-03  2.804628757114824e-03  1.494755135155779e-03
3.170000000000001e+00  4.216461141957202e-03  2.718126684956776e-03  1.498334457000425e-03
3.180000000000001e+00  4.132906568582248e-03  2.632656880327192e-03  1.500249688255055e-03
3.190000000000001e+00  4.048836092980289e-03  2.548276583932960e-03  1.500559509047329e-03
3.200000000000001e+00  3.964361605362643e-03  2.465039200873917e-03  1.499322404488726e-03
3.210000000000001e+00  3.879590987806187e-03  2.382994390328662e-03  1.496596597477525e-03
3.220000000000001e+00  3.794628140903941e-03  2.302188156639889e-03  1.492439984264053e-03
3.230000000000001e+00  3.709573014383148e-03  2.222662941616421e-03  1.486910072766727e-03
3.240000000000001e+00  3.624521641500368e-03  2.144457717875710e-03  1.480063923624658e-03
3.250000000000001e+00  3.539566177024345e-03  2.067608083055497e-03  1.471958093968848e-03
3.260000000000001e+00  3.454794938620481e-03  1.992146354729001e-03  1.462648583891480e-03
3.270000000000001e+00  3.370292451452800e-03  1.918101665864054e-03  1.452190785588747e-03
3.280000000000001e+00  3.286139495822425e-03  1.845500060671695e-03  1.440639435150731e-03
3.290000000000001e+00  3.202413157664477e-03  1.774364590695455e-03  1.428048566969022e-03
3.300000000000001e+00  3.119186881727790e-03  1.704715410998595e-03  1.414471470729195e-03
3.310000000000001e+00  3.036530527265652e-03  1.636569876311647e-03  1.399960650954004e-03
3.320000000000001e+00  2.954510426068700e-03  1.569942637008334e-03  1.384567789060366e-03
3.330000000000001e+00  2.873189442674182e-03  1.504845734783653e-03  1.368343707890529e-03
3.340000000000001e+00  2.792627036589685e-03  1.441288697913131e-03  1.351338338676553e-03
3.350000000000001e+00  2.712879326372791e-03  1.379278635977888e-03  1.333600690394903e-03
3.360000000000001e+00  2.633999155411394e-03  1.318820333945567e-03  1.315178821465827e-03
3.370000000000001e+00  2.556036159253881e-03  1.259916345502246e-03  1.296119813751635e-03
3.380000000000001e+00  2.479036834341006e-03  1.202567085536167e-03  1.276469748804839e-03
3.390000000000001e+00  2.403044607996113e-03  1.146770921678977e-03  1.256273686317136e-03
3.400000000000001e+00  2.328099909533624e-03  1.092524264815373e-03  1.235575644718251e-03
3.410000000000001e+00  2.254240242349660e-03  1.039821658477339e-03  1.214418583872321e-03
3.420000000000001e+00  2.181500256862950e-03  9.886558670437738e-04  1.192844389819177e-03
3.430000000000001e+00  2.109911824177348e-03  9.390179626714215e-04  1.170893861505927e-03
3.440000000000001e+00  2.039504110342291e-03  8.908974108880752e-04  1.148606699454216e-03
3.450000000000001e+00  1.970303651090640e-03  8.442821547829012e-04  1.126021496307739e-03
3.460000000000001e+00  1.902334426937737e-03  7.991586977344825e-04  1.103175729203255e-03
3.470000000000001e+00  1.835617938529544e-03  7.555121846206762e-04  1.080105753908868e-03
3.480000000000001e+00  1.770173282131596e-03  7.133264814595410e-04  1.056846800672055e-03
3.490000000000001e+00  1.706017225154517e-03  6.725842534343983e-04  1.033432971720118e-03
3.500000000000001e+00  1.643164281615937e-03  6.332670412605448e-04  1.009897240355392e-03
3.510000000000001e+00  1.581626787442566e-03  5.953553358552602e-04  9.862714515873063e-04
3.520000000000001e+00  1.521414975519880e-03  5.588286512766382e-04  9.625863242432413e-04
3.530000000000001e+00  1.462537050401449e-03  5.236655959005262e-04  9.388714545009223e-04
3.540000000000001e+00  1.404999262592953e-03  4.898439418091194e-04  9.151553207838337e-04
3.550000000000001e+00  1.348805982330566e-03  4.573406923676288e-04  8.914652899629373e-04
3.560000000000001e+00  1.293959772776722e-03  4.261321479698440e-04  8.678276248068783e-04
3.570000000000001e+00  1.240461462560270e-03  3.961939699360986e-04  8.442674926241718e-04
3.580000000000001e+00  1.188310217591728e-03  3.675012425509555e-04  8.208089750407721e-04
3.590000000000001e+00  1.137503612087829e-03  3.400285332308349e-04  7.974750788569936e-04
3.600000000000001e+00  1.088037698743660e-03  3.137499508150625e-04  7.742877479285973e-04
3.610000000000001e+00  1.039907077993680e-03  2.886392019766566e-04  7.512678760170234e-04
3.620000000000001e+00  9.931049663068243e-04  2.646696457520941e-04  7.284353205547303e-04
3.630000000000001e+00  9.476232634642430e-04  2.418143461920034e-04  7.058089172722395e-04
3.640000000000001e+00  9.034526187715412e-04  2.200461231373443e-04  6.834064956341968e-04
3.650000000000001e+00  8.605824961608231e-04  1.993376011282122e-04  6.612448950326108e-04
3.660000000000001e+00  8.190012381410975e-04  1.796612564546105e-04  6.393399816864870e-04
3.670000000000001e+00  7.786961285585903e-04  1.609894623610999e-04  6.177066661974904e-04
3.680000000000001e+00  7.396534541320113e-04  1.432945324191173e-04  5.963589217128941e-04
3.690000000000001e+00  7.018585647304112e-04  1.265487620830964e-04  5.753098026473148e-04
3.700000000000001e+00  6.652959323646495e-04  1.107244684481666e-04  5.545714639164828e-04
3.710000000000001e+00  6.299492088661157e-04  9.579402822936470e-05  5.341551806367510e-04
3.720000000000001e+00  5.958012822291665e-04  8.172991398387523e-05  5.140713682452913e-04
3.730000000000001e+00  5.628343315968827e-04  6.850472859942224e-05  4.943296029974604e-04
3.740000000000001e+00  5.310298808715774e-04  5.609123807356232e-05  4.749386427980151e-04
3.750000000000001e+00  5.003688509351599e-04  4.446240261012478e-05  4.559064483250351e-04
3.760000000000001e+00  4.708316104659619e-04  3.359140606015954e-05  4.372402044058023e-04
3.770000000000001e+00  4.423980253416394e-04  2.345168373628894e-05  4.189463416053504e-04
3.780000000000001e+00  4.150475066200234e-04  1.401694863030322e-05  4.010305579897202e-04
3.790000000000001e+00  3.887590570917893e-04  5.261216064929447e-06  3.834978410268598e-04
3.800000000000001e+00  3.635113164013958e-04  -2.841173188104587e-06  3.663524895895004e-04
3.810000000000001e+00  3.392826047344488e-04  -1.031553129112394e-05  3.495981360255728e-04
3.820000000000001e+00  3.160509650719645e-04  -1.718680319080000e-05  3.332377682627644e-04
3.830000000000001e+00  2.937942040138006e-04  -2.347954790150161e-05  3.172737519153022e-04
3.840000000000001e+00  2.724899311753419e-04  -2.921792118659632e-05  3.017078523619382e-04
3.850000000000001e+00  2.521155971635203e-04  -3.442565960225687e-05  2.865412567657772e-04
3.860000000000001e+00  2.326485301396986e-04  -3.912606586758147e-05  2.717745960072801e-04
3.870000000000001e+00  2.140659709786382e-04  -4.334199552472585e-05  2.574079665033641e-04
3.880000000000001e+00  1.963451070345494e-04  -4.709584485214703e-05  2.434409518866964e-04
3.890000000000001e+00  1.794631045262914e-04  -5.040953999392770e-05  2.298726445202191e-04
3.900000000000001e+00  1.633971395555134e-04  -5.330452726793068e-05  2.167016668234441e-04
3.910000000000001e+00  1.481244277726990e-04  -5.580176461531776e-05  2.039261923880168e-04
3.920000000000001e+00  1.336222527073887e-04  -5.792171415393060e-05  1.915439668613193e-04
3.930000000000001e+00  1.198679927799029e-04  -5.968433579809898e-05  1.795523285780019e-04
3.940000000000001e+00  1.068391470132201e-04  -6.110908190725137e-05  1.679482289204715e-04
3.950000000000001e+00  9.451335946440275e-05  -6.221489292601722e-05  1.567282523904200e-04
3.960000000000001e+00  8.286844239626127e-05  -6.302019397857596e-05  1.458886363748372e-04
3.970000000000001e+00  7.188239821050588e-05  -6.354289238006025e-05  1.354252905905661e-04
3.980000000000001e+00  6.153344016474343e-05  -6.380037602831179e-05  1.253338161930552e-04
3.990000000000001e+00  5.180001189627783e-05  -6.380951263934491e-05  1.156095245356227e-04
4.000000000000001e+00  4.266080577648318e-05  -6.358664979032399e-05  1.062474555668072e-04
4.010000000000001e+00  3.409478012004027e-05  -6.314761573414093e-05  9.724239585418120e-05
4.020000000000001e+00  2.608117527402168e-05  -6.250772095016947e-05  8.858889622419115e-05
4.030000000000001e+00  1.859952861232175e-05  -6.168176039613487e-05  8.028128900845662e-05
4.040000000000001e+00  1.162968846129061e-05  -6.068401642656168e-05  7.231370488785229e-05
4.050000000000001e+00  5.151826982981275e-06  -5.952826234368861e-05  6.468008932666989e-05
4.060000000000001e+00  -8.535479572822696e-07  -5.822776654739037e-05  5.737421859010810e-05
4.070000000000001e+00  -6.405581912055375e-06  -5.679529725108638e-05  5.038971533903101e-05
4.080000000000001e+00  -1.152306393429499e-05  -5.524312773130440e-05  4.372006379700942e-05
4.090000000000001e+00  -1.622441759385967e-05  -5.358304207904639e-05  3.735862448518672e-05
4.100000000000001e+00  -2.052769290028432e-05  -5.182634142191953e-05  3.129864852163522e-05
4.110000000000001e+00  -2.445055910409418e-05  -4.998385058646566e-05  2.553329148237148e-05
4.120000000000001e+00  -2.801029834886866e-05  -4.806592517086604e-05  2.005562682199738e-05
4.130000000000001e+00  -3.122380014613585e-05  -4.608245899896114e-05  1.485865885282528e-05
4.140000000000001e+00  -3.410755664532091e-05  -4.404289192704362e-05  9.935335281722713e-06
4.150000000000001e+00  -3.667765867092128e-05  -4.195621797578943e-05  5.278559304868146e-06
4.160000000000001e+00  -3.894979249920290e-05  -3.983099376023037e-05  8.812012610274705e-07
4.170000000000001e+00  -4.093923734687569e-05  -3.767534719163038e-05  -3.263890155245310e-06
4.180000000000001e+00  -4.266086354425831e-05  -3.549698642559232e-05  -7.163877118665987e-06
4.190000000000001e+00  -4.412913136575918e-05  -3.330320903175764e-05  -1.082592233400153e-05
4.200000000000001e+00  -4.535809049065639e-05  -3.110091136094137e-05  -1.425717912971502e-05
4.210000000000001e+00  -4.636138006735035e-05  -2.889659808657832e-05  -1.746478198077203e-05
4.220000000000001e+00  -4.715222935468031e-05  -2.669639189781519e-05  -2.045583745686513e-05
4.230000000000001e+00  -4.774345891413218e-05  -2.450604332269202e-05  -2.323741559144016e-05
4.240000000000001e+00  -4.814748232692522e-05  -2.233094066023084e-05  -2.581654166669439e-05
4.250000000000001e+00  -4.837630841075214e-05  -2.017612000138365e-05  -2.820018840936849e-05
4.260000000000001e+00  -4.844154391075566e-05  -1.804627531929826e-05  -3.039526859145740e-05
4.270000000000001e+00  -4.835439664022837e-05  -1.594576861015979e-05  -3.240862803006858e-05
4.280000000000001e+00  -4.812567904660308e-05  -1.387864006676919e-05  -3.424703897983389e-05
4.290000000000001e+00  -4.776581217883252e-05  -1.184861826753458e-05  -3.591719391129794e-05
4.300000000000001e+00  -4.728483003286071e-05  -9.859130364488830e-06  -3.742569966837188e-05
4.310000000000001e+00  -4.669238425196403e-05  -7.913312254547608e-06  -3.877907199741642e-05
4.320000000000001e+00  -4.599774915969351e-05  -6.014018719051786e-06  -3.998373044064172e-05
4.330000000000001e+00  -4.520982710328498e-05  -4.163833517263399e-06  -4.104599358602159e-05
4.340000000000001e+00  -4.433715408599865e-05  -2.365079420224952e-06  -4.197207466577370e-05
4.350000000000001e+00  -4.338790566746038e-05  -6.198281721874109e-07  -4.276807749527297e-05
4.360000000000001e+00  -4.236990311145715e-05  1.070089632723761e-06  -4.343999274418091e-05
4.370000000000001e+00  -4.129061976127451e-05  2.703074770031766e-06  -4.399369453130628e-05
4.380000000000001e+00  -4.015718762305380e-05  4.277749711479225e-06  -4.443493733453302e-05
4.390000000000001e+00  -3.897640413842340e-05  5.792949068904875e-06  -4.476935320732827e-05
4.400000000000001e+00  -3.775473912790424e-05  7.247710164932622e-06  -4.500244929283686e-05
4.410000000000001e+00  -3.649834188741531e-05  8.641263739445198e-06  -4.513960562686050e-05
4.420000000000001e+00  -3.521304842052629e-05  9.973024800156401e-06  -4.518607322068269e-05
4.430000000000001e+00  -3.390438878988500e-05  1.124258362501618e-05  -4.514697241490118e-05
4.440000000000001e+00  -3.257759457149636e-05  1.244969692355964e-05  -4.502729149505601e-05
4.450000000000001e+00  -3.123760639646299e-05  1.359427916382786e-05  -4.483188556029085e-05
4.460000000000001e+00  -2.988908156499174e-05  1.467639407082706e-05  -4.456547563581881e-05
4.470000000000001e+00  -2.853640171822468e-05  1.569624630202691e-05  -4.423264802025159e-05
4.480000000000001e+00  -2.718368055400923e-05  1.665417330484534e-05  -4.383785385885457e-05
4.490000000000001e+00  -2.583477157313262e-05  1.755063736057653e-05  -4.338540893370915e-05
4.500000000000001e+00  -2.449327584320622e-05  1.838621781868122e-05  -4.287949366188744e-05
4.510000000000001e+00  -2.316254976784593e-05  1.916160352493272e-05  -4.232415329277864e-05
4.520000000000001e+00  -2.184571284946763e-05  1.987758544642780e-05  -4.172329829589544e-05
4.530000000000001e+00  -2.054565543429398e-05  2.053504949602268e-05  -4.108070493031666e-05
4.540000000000001e+00  -1.926504642897281e-05  2.113496955829564e-05  -4.040001598726845e-05
4.550000000000001e+00  -1.800634097848223e-05  2.167840071880759e-05  -3.968474169728982e-05
4.560000000000001e+00  -1.677178809570072e-05  2.216647269791995e-05  -3.893826079362068e-05
4.570000000000001e+00  -1.556343823335772e-05  2.260038349012825e-05  -3.816382172348596e-05
4.580000000000001e+00  -1.438315078970845e-05  2.298139320947783e-05  -3.736454399918628e-05
4.590000000000001e+00  -1.323260153963273e-05  2.331081814124024e-05  -3.654341968087297e-05
4.600000000000001e+00  -1.211328998346349e-05  2.359002499976337e-05  -3.570331498322685e-05
4.610000000000001e+00  -1.102654660623482e-05  2.382042539201143e-05  -3.484697199824625e-05
4.620000000000001e+00  -9.973540040459538e-06  2.400347048605385e-05  -3.397701052651339e-05
4.630000000000001e+00  -8.955284126172657e-06  2.414064588342443e-05  -3.309593000959709e-05
4.640000000000001e+00  -7.972644862142547e-06  2.423346669405420e-05  -3.220611155619674e-05
4.650000000000001e+00  -7.026347242870327e-06  2.428347281216945e-05  -3.130982005503977e-05
4.660000000000001e+00  -6.116981976180066e-06  2.429222439130487e-05  -3.040920636748494e-05
4.670000000000001e+00  -5.245012076740697e-06  2.426129751635123e-05  -2.950630959309193e-05
4.680000000000001e+00  -4.410779331245734e-06  2.419228007035918e-05  -2.860305940160492e-05
4.690000000000001e+00  -3.614510631276995e-06  2.408676779356385e-05  -2.770127842484085e-05
4.700000000000001e+00  -2.856324170389574e-06  2.394636053194253e-05  -2.680268470233210e-05
4.710000000000001e+00  -2.136235502194772e-06  2.377265867242467e-05  -2.590889417461944e-05
4.720000000000001e+00  -1.454163456633642e-06  2.356725976167211e-05  -2.502142321830575e-05
4.730000000000001e+00  -8.099359119697729e-07  2.333175530526257e-05  -2.414169121723234e-05
4.740000000000001e+00  -2.032954203649780e-07  2.306772774388309e-05  -2.327102316424807e-05
4.750000000000001e+00  3.660953148005241e-07  2.277674760305401e-05  -2.241065228825348e-05
4.760000000000001e+00  8.986481114037998e-07  2.246037081280226e-05  -2.156172270139846e-05
4.770000000000001e+00  1.394844132025899e-06  2.212013619352291e-05  -2.072529206149701e-05
4.780000000000001e+00  1.855228859328162e-06  2.175756310423255e-05  -1.990233424490438e-05
4.790000000000001e+00  2.280407224027039e-06  2.137414924932095e-05  -1.909374202529391e-05
4.800000000000001e+00  2.671038885843317e-06  2.097136863978962e-05  -1.830032975394630e-05
4.810000000000001e+00  3.027833667588640e-06  2.055066970493301e-05  -1.752283603734437e-05
4.820000000000001e+00  3.351547142266479e-06  2.011347355037215e-05  -1.676192640810567e-05
4.830000000000001e+00  3.642976372869738e-06  1.966117235823528e-05  -1.601819598536555e-05
4.840000000000001e+00  3.902955804342902e-06  1.919512792533009e-05  -1.529217212098719e-05
4.850000000000001e+00  4.132353306884154e-06  1.871667033506205e-05  -1.458431702817790e-05
4.860000000000001e+00  4.332066369720123e-06  1.822709675879262e-05  -1.389503038907250e-05
4.870000000000001e+00  4.503018444097074e-06  1.772767038244883e-05  -1.322465193835176e-05
4.880000000000001e+00  4.646155434260912e-06  1.721961945404971e-05  -1.257346401978880e-05
4.890000000000001e+00  4.762442334826364e-06  1.670413644787061e-05  -1.194169411304425e-05
4.900000000000001e+00  4.852860012966574e-06  1.618237734095582e-05  -1.132951732798925e-05
4.910000000000001e+00  4.918402133546275e-06  1.565546099781325e-05  -1.073705886426698e-05
4.920000000000001e+00  4.960072225270533e-06  1.512446865887885e-05  -1.016439643360832e-05
4.930000000000001e+00  4.978880885788124e-06  1.459044352870613e-05  -9.611562642918004e-06
4.940000000000001e+00  4.975843123513640e-06  1.405439045956788e-05  -9.078547336054237e-06
4.950000000000001e+00  4.951975833854595e-06  1.351727572641062e-05  -8.565299892556023e-06
4.960000000000001e+00  4.908295407446231e-06  1.298002688896193e-05  -8.071731481515704e-06
4.970000000000001e+00  4.845815467839918e-06  1.244353273702185e-05  -7.597717269181930e-06
4.980000000000001e+00  4.765544736074704e-06  1.190864331486850e-05  -7.143098578793799e-06
4.990000000000001e+00  4.668485019384506e-06  1.137617002082360e-05  -6.707685001439090e-06
5.000000000000001e+00  4.555629321355645e-06  1.084688577811422e-05  -6.291256456758577e-06
5.010000000000001e+00  4.427960070656921e-06  1.032152527317737e-05  -5.893565202520450e-06
5.020000000000001e+00  4.286447465459655e-06  9.800785257617632e-06  -5.514337792157977e-06
5.030000000000001e+00  4.132047930635978e-06  9.285324910165311e-06  -5.153276979529333e-06
5.040000000000001e+00  3.965702684743990e-06  8.775766254990163e-06  -4.810063570246174e-06
5.050000000000001e+00  3.788336413784496e-06  8.272694632788650e-06  -4.484358219004154e-06
5.060000000000001e+00  3.600856048661541e-06  7.776659221242572e-06  -4.175803172581032e-06
5.070000000000001e+00  3.404149643334793e-06  7.288173601380460e-06  -3.884023958045667e-06
5.080000000000001e+00  3.199085350498840e-06  6.807716366585276e-06  -3.608631016086436e-06
5.090000000000001e+00  2.986510491722936e-06  6.335731770997060e-06  -3.349221279274124e-06
5.100000000000001e+00  2.767250718959023e-06  5.872630414165669e-06  -3.105379695206646e-06
5.110000000000001e+00  2.542109264249700e-06  5.418789958915543e-06  -2.876680694665843e-06
5.120000000000001e+00  2.311866274584885e-06  4.974555879443777e-06  -2.662689604858892e-06
5.130000000000001e+00  2.077278228753317e-06  4.540242236765126e-06  -2.462964008011809e-06
5.140000000000001e+00  1.839077433114863e-06  4.116132478725349e-06  -2.277055045610486e-06
5.150000000000001e+00  1.597971593243741e-06  3.702480261874390e-06  -2.104508668630650e-06
5.160000000000001e+00  1.354643458338072e-06  3.299510292601600e-06  -1.944866834263528e-06
5.170000000000001e+00  1.109750535405636e-06  2.907419184976989e-06  -1.797668649571353e-06
5.180000000000001e+00  8.639248701808269e-07  2.526376332956831e-06  -1.662451462776004e-06
5.190000000000001e+00  6.177728918820544e-07  2.156524794464231e-06  -1.538751902582177e-06
5.200000000000001e+00  3.718753187453853e-07  1.797982185271103e-06  -1.426106866525718e-06
5.210000000000001e+00  1.267871215669573e-07  1.450841580400194e-06  -1.324054458833237e-06
5.220000000000001e+00  -1.169624576892160e-07  1.115172420997023e-06  -1.232134878686240e-06
5.230000000000001e+00  -3.588698350083728e-07  7.910214247664807e-07  -1.149891259774853e-06
5.240000000000001e+00  -5.984569638972855e-07  4.784134979630708e-07  -1.076870461860356e-06
5.250000000000001e+00  -8.352711682242375e-07  1.773526472492495e-07  -1.012623815473487e-06
5.260000000000001e+00  -1.068884930875149e-06  -1.121771104069066e-07  -9.567078204682422e-07
5.270000000000001e+00  -1.298895640945092e-06  -3.902108413148805e-07  -9.086847996302114e-07
5.280000000000001e+00  -1.524925301953439e-06  -6.568017937919234e-07  -8.681235081615159e-07
5.290000000000001e+00  -1.746620203656088e-06  -9.120205034146965e-07  -8.345997002413920e-07
5.300000000000001e+00  -1.963650559825329e-06  -1.155953906210665e-06  -8.076966536146636e-07
5.310000000000001e+00  -2.175710114447907e-06  -1.388704461122146e-06  -7.870056533257609e-07
5.320000000000001e+00  -2.382515718645331e-06  -1.610389282903978e-06  -7.721264357413525e-07
5.330000000000001e+00  -2.583806880580413e-06  -1.821139286688890e-06  -7.626675938915233e-07
5.340000000000001e+00  -2.779345290564220e-06  -2.021098345197155e-06  -7.582469453670653e-07
5.350000000000001e+00  -2.968914323480965e-06  -2.210422459674488e-06  -7.584918638064773e-07
5.360000000000001e+00  -3.152318520671761e-06  -2.389278945450333e-06  -7.630395752214286e-07
5.370000000000001e+00  -3.329383053213857e-06  -2.557845632934894e-06  -7.715374202789626e-07
5.380000000000001e+00  -3.499953168577721e-06  -2.716310084943029e-06  -7.836430836346925e-07
5.390000000000001e+00  -3.663893622590001e-06  -2.864868830951908e-06  -7.990247916380934e-07
5.400000000000001e+00  -3.821088098429119e-06  -3.003726619035874e-06  -8.173614793932453e-07
5.410000000000001e+00  -3.971438614509989e-06  -3.133095686009657e-06  -8.383429285003322e-07
5.420000000000001e+00  -4.114864922885512e-06  -3.253195046359491e-06  -8.616698765260212e-07
5.430000000000001e+00  -4.251303899790856e-06  -3.364249800423961e-06  -8.870540993668953e-07
5.440000000000001e+00  -4.380708929944836e-06  -3.466490462186944e-06  -9.142184677578915e-07
5.450000000000001e+00  -4.503049286054056e-06  -3.560152307132490e-06  -9.428969789215657e-07
5.460000000000001e+00  -4.618309504950343e-06  -3.645474740386491e-06  -9.728347645638522e-07
5.470000000000001e+00  -4.726488761815911e-06  -3.722700685449333e-06  -1.003788076366578e-06
5.480000000000001e+00  -4.827600243685450e-06  -3.792075993704918e-06  -1.035524249980532e-06
5.490000000000001e+00  -4.921670523558441e-06  -3.853848874851562e-06  -1.067821648706879e-06
5.500000000000001e+00  -5.008738936296809e-06  -3.908269348401437e-06  -1.100469587895372e-06
5.510000000000001e+00  -5.088856957399712e-06  -3.955588716259878e-06  -1.133268241139834e-06
5.520000000000001e+00  -5.162087585755969e-06  -3.996059056491582e-06  -1.166028529264387e-06
5.530000000000001e+00  -5.228504731373721e-06  -4.029932738147137e-06  -1.198571993226583e-06
5.540000000000001e+00  -5.288192609041624e-06  -4.057461957214239e-06  -1.230730651827385e-06
5.550000000000001e+00  -5.341245138802482e-06  -4.078898293511676e-06  -1.262346845290806e-06
5.560000000000001e+00  -5.387765354112067e-06  -4.094492288460449e-06  -1.293273065651618e-06
5.570000000000001e+00  -5.427864818435475e-06  -4.104493043539674e-06  -1.323371774895801e-06
5.580000000000001e+00  -5.461663051032414e-06  -4.109147839255451e-06  -1.352515211776963e-06
5.590000000000001e+00  -5.489286962621825e-06  -4.108701774410272e-06  -1.380585188211552e-06
5.600000000000001e+00  -5.510870301539363e-06  -4.103397425411806e-06  -1.407472876127557e-06
5.610000000000001e+00  -5.526553110972387e-06  -4.093474525365238e-06  -1.433078585607149e-06
5.620000000000001e+00  -5.536481197826991e-06  -4.079169662649502e-06  -1.457311535177489e-06
5.630000000000001e+00  -5.540805613697169e-06  -4.060715998658836e-06  -1.480089615038333e-06
5.640000000000001e+00  -5.539682148371284e-06  -4.038343004383153e-06  -1.501339143988131e-06
5.650000000000001e+00  -5.533270836300292e-06  -4.012276215444792e-06  -1.520994620855501e-06
5.660000000000001e+00  -5.521735476374578e-06  -3.982737005251456e-06  -1.538998471123121e-06
5.670000000000001e+00  -5.505243165298767e-06  -3.949942375845461e-06  -1.555300789453306e-06
5.680000000000001e+00  -5.483963844877568e-06  -3.914104766065620e-06  -1.569859078811948e-06
5.690000000000001e+00  -5.458069863435866e-06  -3.875431876580654e-06  -1.582637986855212e-06
5.700000000000001e+00  -5.427735551547650e-06  -3.834126511379479e-06  -1.593609040168171e-06
5.710000000000001e+00  -5.393136812285065e-06  -3.790386435274565e-06  -1.602750377010499e-06
5.720000000000001e+00  -5.354450726069881e-06  -3.744404246960385e-06  -1.610046479109495e-06
5.730000000000001e+00  -5.311855170253542e-06  -3.696367267169297e-06  -1.615487903084245e-06
5.740000000000001e+00  -5.265528453479418e-06  -3.646457441469461e-06  -1.619071012009956e-06
5.750000000000001e+00  -5.215648964861892e-06  -3.594851257196771e-06  -1.620797707665121e-06
5.760000000000001e+00  -5.162394837985962e-06  -3.541719674109007e-06  -1.620675163876955e-06
5.770000000000001e+00  -5.105943629708892e-06  -3.487228068205674e-06  -1.618715561503218e-06
5.780000000000001e+00  -5.046472013706164e-06  -3.431536188287138e-06  -1.614935825419026e-06
5.790000000000001e+00  -4.984155488706765e-06  -3.374798124734713e-06  -1.609357363972052e-06
5.800000000000001e+00  -4.919168101293515e-06  -3.317162290044097e-06  -1.602005811249419e-06
5.810000000000001e+00  -4.851682183169517e-06  -3.258771410620421e-06  -1.592910772549095e-06
5.820000000000001e+00  -4.781868102734152e-06  -3.199762529355604e-06  -1.582105573378548e-06
5.830000000000001e+00  -4.709894030822078e-06  -3.140267018470959e-06  -1.569627012351118e-06
5.840000000000001e+00  -4.635925720411456e-06  -3.080410602217155e-06  -1.555515118194302e-06
5.850000000000001e+00  -4.560126300102951e-06  -3.020313388880348e-06  -1.539812911222603e-06
5.860000000000001e+00  -4.482656081167034e-06  -2.960089911663953e-06  -1.522566169503081e-06
5.870000000000001e+00  -4.403672377921559e-06  -2.899849177965678e-06  -1.503823199955881e-06
5.880000000000001e+00  -4.323329341188144e-06  -2.839694726588150e-06  -1.483634614599994e-06
5.890000000000001e+00  -4.241777804584673e-06  -2.779724692442025e-06  -1.462053112142648e-06
5.900000000000001e+00  -4.159165143370791e-06  -2.720031878246299e-06  -1.439133265124492e-06
5.910000000000001e+00  -4.075635145576421e-06  -2.660703832859745e-06  -1.414931312716675e-06
5.920000000000001e+00  -3.991327895111529e-06  -2.601822935724062e-06  -1.389504959387467e-06
5.930000000000001e+00  -3.906379666571095e-06  -2.543466487050024e-06  -1.362913179521071e-06
5.940000000000001e+00  -3.820922831407053e-06  -2.485706803318068e-06  -1.335216028088985e-06
5.950000000000001e+00  -3.735085775173676e-06  -2.428611317654508e-06  -1.306474457519167e-06
5.960000000000001e+00  -3.648992825511919e-06  -2.372242684724572e-06  -1.276750140787347e-06
5.970000000000001e+00  -3.562764190543235e-06  -2.316658889711729e-06  -1.246105300831506e-06
5.980000000000001e+00  -3.476515907350687e-06  -2.261913361040597e-06  -1.214602546310089e-06
5.990000000000001e+00  -3.390359800209160e-06  -2.208055086439744e-06  -1.182304713769416e-06
6.000000000000001e+00  -3.304403448209517e-06  -2.155128731991944e-06  -1.149274716217573e-06
6.010000000000001e+00  -3.218750161972808e-06  -2.103174763842291e-06  -1.115575398130517e-06
6.020000000000001e+00  -3.133498969064473e-06  -2.052229572195130e-06  -1.081269396869343e-06
6.030000000000001e+00  -3.048744607795196e-06  -2.002325597280294e-06  -1.046419010514902e-06
6.040000000000001e+00  -2.964577529071882e-06  -1.953491456987055e-06  -1.011086072084827e-06
6.050000000000001e+00  -2.881083905923525e-06  -1.905752075835181e-06  -9.753318300883437e-07
6.060000000000001e+00  -2.798345650382540e-06  -1.859128814987250e-06  -9.392168353952898e-07
6.070000000000001e+00  -2.716440437373524e-06  -1.813639603047713e-06  -9.028008343258116e-07
6.080000000000001e+00  -2.635441735275436e-06  -1.769299067335790e-06  -8.661426679396462e-07
6.090000000000001e+00  -2.555418842812260e-06  -1.726118665384776e-06  -8.293001774274841e-07
6.100000000000001e+00  -2.476436931938375e-06  -1.684106816438475e-06  -7.923301154999003e-07
6.110000000000001e+00  -2.398557096406107e-06  -1.643269032650380e-06  -7.552880637557264e-07
6.120000000000001e+00  -2.321836405660380e-06  -1.603608049812231e-06  -7.182283558481489e-07
6.130000000000001e+00  -2.246327963763652e-06  -1.565123957374122e-06  -6.812040063895293e-07
6.140000000000001e+00  -2.172080973033003e-06  -1.527814327503363e-06  -6.442666455296401e-07
6.150000000000001e+00  -2.099140802044729e-06  -1.491674343078441e-06  -6.074664589662873e-07
6.160000000000001e+00  -2.027549057754070e-06  -1.456696924336379e-06  -5.708521334176904e-07
6.170000000000001e+00  -1.957343661382100e-06  -1.422872854053258e-06  -5.344708073288421e-07
6.180000000000001e+00  -1.888558927799409e-06  -1.390190901086468e-06  -4.983680267129405e-07
6.190000000000001e+00  -1.821225648113370e-06  -1.358637942090748e-06  -4.625877060226222e-07
6.200000000000001e+00  -1.755371175174425e-06  -1.328199081311466e-06  -4.271720938629593e-07
6.210000000000001e+00  -1.691019511728843e-06  -1.298857768272552e-06  -3.921617434562916e-07
6.220000000000001e+00  -1.628191400945263e-06  -1.270595913272317e-06  -3.575954876729459e-07
6.230000000000001e+00  -1.566904419070330e-06  -1.243394000538059e-06  -3.235104185322707e-07
6.240000000000001e+00  -1.507173069934895e-06  -1.217231198955082e-06  -2.899418709798126e-07
6.250000000000001e+00  -1.449008881077747e-06  -1.192085470267308e-06  -2.569234108104388e-07
6.260000000000001e+00  -1.392420501258647e-06  -1.167933674643044e-06  -2.244868266156024e-07
6.270000000000001e+00  -1.337413799103398e-06  -1.144751673559529e-06  -1.926621255438684e-07
6.280000000000001e+00  -1.283991962689475e-06  -1.122514429897419e-06  -1.614775327920561e-07
6.290000000000001e+00  -1.232155599817550e-06  -1.101196105200324e-06  -1.309594946172256e-07
6.300000000000001e+00  -1.181902838807748e-06  -1.080770154051908e-06  -1.011326847558403e-07
6.310000000000001e+00  -1.133229429575339e-06  -1.061209415496045e-06  -7.202001407929465e-08
6.320000000000001e+00  -1.086128844829727e-06  -1.042486201491243e-06  -4.364264333848420e-08
6.330000000000001e+00  -1.040592381189871e-06  -1.024572382323336e-06  -1.601999886653530e-08
6.340000000000001e+00  -9.966092600387740e-07  -1.007439469001954e-06  1.083020896318029e-08
6.350000000000001e+00  -9.541667279823744e-07  -9.910586925761486e-07  3.689196459377421e-08
6.360000000000001e+00  -9.132501566941234e-07  -9.754010803807527e-07  6.215092368662923e-08
6.370000000000001e+00  -8.738431420520733e-07  -9.604375291924612e-07  8.659438714038789e-08
6.380000000000001e+00  -8.359276023825689e-07  -9.461388753068177e-07  1.102112729242488e-07
6.390000000000001e+00  -7.994838756854711e-07  -9.324759615223417e-07  1.329920858368706e-07
6.400000000000001e+00  -7.644908157131634e-07  -9.194197010646970e-07  1.549288853515337e-07
6.410000000000001e+00  -7.309258867896125e-07  -9.069411384511891e-07  1.760152516615766e-07
6.420000000000001e+00  -6.987652572219432e-07  -8.950115073019433e-07  1.962462500800001e-07
6.430000000000001e+00  -6.679838912371507e-07  -8.836022851653619e-07  2.156183939282112e-07
6.440000000000001e+00  -6.385556393198146e-07  -8.726852453298225e-07  2.341296060100080e-07
6.450000000000001e+00  -6.104533268503503e-07  -8.622325057030960e-07  2.517791788527458e-07
6.460000000000001e+00  -5.836488409766850e-07  -8.522165747785216e-07  2.685677338018366e-07
6.470000000000001e+00  -5.581132156358180e-07  -8.426103947075961e-07  2.844971790717781e-07
6.480000000000001e+00  -5.338167146249727e-07  -8.333873815679328e-07  2.995706669429601e-07
6.490000000000001e+00  -5.107289126950559e-07  -8.245214628327162e-07  3.137925501376604e-07
6.500000000000001e+00  -4.888187745779123e-07  -8.159871121128787e-07  3.271683375349665e-07
6.510000000000001e+00  -4.680547318951058e-07  -8.077593812298302e-07  3.397046493347244e-07
6.520000000000001e+00  -4.484047579179244e-07  -7.998139296496825e-07  3.514091717317581e-07
6.530000000000001e+00  -4.298364401042850e-07  -7.921270513708520e-07  3.622906112665669e-07
6.540000000000001e+00  -4.123170504090883e-07  -7.846756992961591e-07  3.723586488870707e-07
6.550000000000001e+00  -3.958136133075614e-07  -7.774375071739283e-07  3.816238938663669e-07
6.560000000000001e+00  -3.802929715278348e-07  -7.703908091558735e-07  3.900978376280387e-07
6.570000000000001e+00  -3.657218494471863e-07  -7.635146570486952e-07  3.977928076015088e-07
6.580000000000001e+00  -3.520669141645288e-07  -7.567888353256507e-07  4.047219211611218e-07
6.590000000000001e+00  -3.392948342047197e-07  -7.501938739542995e-07  4.108990397495799e-07
6.600000000000001e+00  -3.273723358762774e-07  -7.437110591355702e-07  4.163387232592928e-07
6.610000000000001e+00  -3.162662572608123e-07  -7.373224419880038e-07  4.210561847271915e-07
6.620000000000001e+00  -3.059435998459727e-07  -7.310108452901690e-07  4.250672454441963e-07
6.630000000000001e+00  -2.963715777980210e-07  -7.247598683224846e-07  4.283882905244636e-07
6.640000000000001e+00  -2.875176648998812e-07  -7.185538898852700e-07  4.310362249853888e-07
6.650000000000001e+00  -2.793496391348445e-07  -7.123780695835618e-07  4.330284304487173e-07
6.660000000000001e+00  -2.718356249865860e-07  -7.062183474315088e-07  4.343827224449228e-07
6.670000000000001e+00  -2.649441334040322e-07  -7.000614418466991e-07  4.351173084426669e-07
6.680000000000001e+00  -2.586440995347965e-07  -6.938948461388597e-07  4.352507466040632e-07
6.690000000000001e+00  -2.529049181713754e-07  -6.877068235214164e-07  4.348019053500410e-07
6.700000000000001e+00  -2.476964770121256e-07  -6.814864007481919e-07  4.337899237360663e-07
6.710000000000001e+00  -2.429891877135317e-07  -6.752233604360602e-07  4.322341727225286e-07
6.720000000000001e+00  -2.387540147997711e-07  -6.689082321461948e-07  4.301542173464236e-07
6.730000000000001e+00  -2.349625024560486e-07  -6.625322822863427e-07  4.275697798302940e-07
6.740000000000001e+00  -2.315867992442428e-07  -6.560875029231938e-07  4.245007036789511e-07
6.750000000000001e+00  -2.285996807777325e-07  -6.495665995478562e-07  4.209669187701237e-07
6.760000000000001e+00  -2.259745704021785e-07  -6.429629778754293e-07  4.169884074732508e-07
6.770000000000001e+00  -2.236855579363999e-07  -6.362707297548050e-07  4.125851718184051e-07
6.780000000000001e+00  -2.217074164961864e-07  -6.294846182276221e-07  4.077772017314357e-07
6.790000000000001e+00  -2.200156174637040e-07  -6.226000618276326e-07  4.025844443639286e-07
6.800000000000001e+00  -2.185863436600613e-07  -6.156131181557992e-07  3.970267744957379e-07
6.810000000000001e+00  -2.173965007411210e-07  -6.085204668314220e-07  3.911239660903011e-07
6.820000000000001e+00  -2.164237268998222e-07  -6.013193918278539e-07  3.848956649280317e-07
6.830000000000001e+00  -2.156464009038890e-07  -5.940077633019792e-07  3.783613623980902e-07
6.840000000000001e+00  -2.150436485340090e-07  -5.865840189355510e-07  3.715403704015421e-07
6.850000000000001e+00  -2.145953474675384e-07  -5.790471448784484e-07  3.644517974109100e-07
6.860000000000001e+00  -2.142821306683743e-07  -5.713966562984689e-07  3.571145256300946e-07
6.870000000000001e+00  -2.140853883316564e-07  -5.636325776601804e-07  3.495471893285240e-07
6.880000000000001e+00  -2.139872684376064e-07  -5.557554227151879e-07  3.417681542775815e-07
6.890000000000001e+00  -2.139706759748831e-07  -5.477661742969278e-07  3.337954983220447e-07
6.900000000000001e+00  -2.140192708813692e-07  -5.396662639474003e-07  3.256469930660311e-07
6.910000000000001e+00  -2.141174647580511e-07  -5.314575514309440e-07  3.173400866728929e-07
6.920000000000001e+00  -2.142504164154347e-07  -5.231423041753439e-07  3.088918877599092e-07
6.930000000000001e+00  -2.144040263017673e-07  -5.147231766837302e-07  3.003191503819630e-07
6.940000000000001e+00  -2.145649298702744e-07  -5.062031899570191e-07  2.916382600867447e-07
6.950000000000001e+00  -2.147204899355703e-07  -4.975857109692316e-07  2.828652210336613e-07
6.960000000000001e+00  -2.148587880727727e-07  -4.888744322250214e-07  2.740156441522487e-07
6.970000000000001e+00  -2.149686151217707e-07  -4.800733514553060e-07  2.651047363335353e-07
6.980000000000001e+00  -2.150394608363586e-07  -4.711867514486927e-07  2.561472906123341e-07
6.990000000000001e+00  -2.150615027294201e-07  -4.622191800984018e-07  2.471576773689817e-07
7.000000000000001e+00  -2.150255941839004e-07  -4.531754306502335e-07  2.381498364663331e-07
7.010000000000001e+00  -2.149232518487931e-07  -4.440605222106054e-07  2.291372703618123e-07
7.020000000000001e+00  -2.147466424042143e-07  -4.348796805334290e-07  2.201330381292147e-07
7.030000000000001e+00  -2.144885687153837e-07  -4.256383191035624e-07  2.111497503881787e-07
7.040000000000001e+00  -2.141424554361478e-07  -4.163420205558945e-07  2.021995651197467e-07
7.050000000000001e+00  -2.137023341147783e-07  -4.069965184331178e-07  1.932941843183395e-07
7.060000000000001e+00  -2.131628278276218e-07  -3.976076793362444e-07  1.844448515086226e-07
7.070000000000001e+00  -2.125191354067956e-07  -3.881814854377584e-07  1.756623500309628e-07
7.080000000000001e+00  -2.117670152937713e-07  -3.787240174307741e-07  1.669570021370027e-07
7.090000000000001e+00  -2.109027690631709e-07  -3.692414378824933e-07  1.583386688193224e-07
7.100000000000001e+00  -2.099232246569490e-07  -3.597399750424268e-07  1.498167503854778e-07
7.110000000000001e+00  -2.088257193756831e-07  -3.502259071005194e-07  1.414001877248362e-07
7.120000000000001e+00  -2.076080826574580e-07  -3.407055469083246e-07  1.330974642508665e-07
7.130000000000001e+00  -2.062686186853051e-07  -3.311852271839679e-07  1.249166084986628e-07
7.140000000000001e+00  -2.048060888630598e-07  -3.216712861991514e-07  1.168651973360916e-07
7.150000000000001e+00  -2.032196941894859e-07  -3.121700539655638e-07  1.089503597760780e-07
7.160000000000001e+00  -2.015090575758848e-07  -3.026878389280725e-07  1.011787813521877e-07
7.170000000000001e+00  -1.996742061137126e-07  -2.932309151489258e-07  9.355670903521322e-08
7.180000000000001e+00  -1.977155533594976e-07  -2.838055100327535e-07  8.608995667325585e-08
7.190000000000001e+00  -1.956338816506407e-07  -2.744177925437398e-07  7.878391089309909e-08
7.200000000000001e+00  -1.934303244618009e-07  -2.650738619623369e-07  7.164353750053595e-08
7.210000000000001e+00  -1.911063488683891e-07  -2.557797371466554e-07  6.467338827826622e-08
7.220000000000001e+00  -1.886637381134756e-07  -2.465413463304098e-07  5.787760821693421e-08
7.230000000000001e+00  -1.861045743192963e-07  -2.373645174306391e-07  5.125994311134277e-08
7.240000000000001e+00  -1.834312213554906e-07  -2.282549688842981e-07  4.482374752880747e-08
7.250000000000001e+00  -1.806463079040378e-07  -2.192183009963282e-07  3.857199309229047e-08
7.260000000000001e+00  -1.777527107228456e-07  -2.102599878080340e-07  3.250727708518839e-08
7.270000000000001e+00  -1.747535381395684e-07  -2.013853694727934e-07  2.663183133322498e-08
7.280000000000001e+00  -1.716521137989280e-07  -1.925996451374502e-07  2.094753133852220e-08
7.290000000000001e+00  -1.684519606750649e-07  -1.839078663263846e-07  1.545590565131969e-08
7.300000000000001e+00  -1.651567853573934e-07  -1.753149308215725e-07  1.015814546417911e-08
7.310000000000001e+00  -1.617704626483931e-07  -1.668255770248620e-07  5.055114376468907e-09
7.320000000000001e+00  -1.582970204688874e-07  -1.584443788078646e-07  1.473583389771687e-10
7.330000000000001e+00  -1.547406250861968e-07  -1.501757408296587e-07  -4.564884256538080e-09
7.340000000000001e+00  -1.511055666949143e-07  -1.420238943197562e-07  -9.081672375158148e-09
7.350000000000001e+00  -1.473962453336236e-07  -1.339928933173309e-07  -1.340335201629274e-08
7.360000000000001e+00  -1.436171571746853e-07  -1.260866113517813e-07  -1.753054582290396e-08
7.370000000000001e+00  -1.397728811766276e-07  -1.183087385678697e-07  -2.146414260875787e-08
7.380000000000001e+00  -1.358680661294160e-07  -1.106627792625070e-07  -2.520528686690898e-08
7.390000000000001e+00  -1.319074180644696e-07  -1.031520498518134e-07  -2.875536821265622e-08
7.400000000000001e+00  -1.278956880804544e-07  -9.577967722846426e-08  -3.211601085199013e-08
7.410000000000001e+00  -1.238376605565395e-07  -8.854859752088060e-08  -3.528906303565889e-08
7.420000000000001e+00  -1.197381417691605e-07  -8.146155522544787e-08  -3.827658654371259e-08
7.430000000000001e+00  -1.156019489181688e-07  -7.452110271512158e-08  -4.108084620304721e-08
7.440000000000001e+00  -1.114338995672814e-07  -6.772960009860523e-08  -4.370429946867615e-08
7.450000000000001e+00  -1.072388014896075e-07  -6.108921542985013e-08  -4.614958605975732e-08
7.460000000000001e+00  -1.030214429352283e-07  -5.460192524250599e-08  -4.841951769272229e-08
7.470000000000001e+00  -9.878658330277310e-08  -4.826951541227615e-08  -5.051706789049695e-08
7.480000000000001e+00  -9.453894423920760e-08  -4.209358232161699e-08  -5.244536191759062e-08
7.490000000000001e+00  -9.028320114444736e-08  -3.607553432032216e-08  -5.420766682412520e-08
7.500000000000001e+00  -8.602397508756388e-08  -3.021659346898642e-08  -5.580738161857745e-08
7.510000000000001e+00  -8.176582513998344e-08  -2.451779754730414e-08  -5.724802759267930e-08
7.520000000000001e+00  -7.751324111248494e-08  -1.898000232714356e-08  -5.853323878534138e-08
7.530000000000001e+00  -7.327063669577176e-08  -1.360388407815308e-08  -5.966675261761868e-08
7.540000000000001e+00  -6.904234300362082e-08  -8.389942317760535e-09  -6.065240068586029e-08
7.550000000000001e+00  -6.483260251418315e-08  -3.338502765021057e-09  -6.149409974916210e-08
7.560000000000001e+00  -6.064556339703714e-08  1.550279487270995e-09  -6.219584288430813e-08
7.570000000000001e+00  -5.648527423270463e-08  6.276416614215448e-09  -6.276169084692007e-08
7.580000000000001e+00  -5.235567911070460e-08  1.084008451633835e-08  -6.319576362704296e-08
7.590000000000001e+00  -4.826061309830751e-08  1.524161910930566e-08  -6.350223220761318e-08
7.600000000000001e+00  -4.420379808355975e-08  1.948151245532993e-08  -6.368531053888967e-08
7.610000000000001e+00  -4.018883897599996e-08  2.356040875238127e-08  -6.374924772838123e-08
7.620000000000001e+00  -3.621922025864946e-08  2.747910018550075e-08  -6.369832044415021e-08
7.630000000000001e+00  -3.229830289206825e-08  3.123852266005210e-08  -6.353682555212034e-08
7.640000000000001e+00  -2.842932155043024e-08  3.483975142377591e-08  -6.326907297420615e-08
7.650000000000001e+00  -2.461538219196362e-08  3.828399658400776e-08  -6.289937877597138e-08
7.660000000000001e+00  -2.085945995176140e-08  4.157259854790782e-08  -6.243205849966922e-08
7.670000000000001e+00  -1.716439734443577e-08  4.470702337156546e-08  -6.187142071600124e-08
7.680000000000001e+00  -1.353290277102738e-08  4.768885804701074e-08  -6.122176081803812e-08
7.690000000000001e+00  -9.967549330060882e-09  5.051980573248799e-08  -6.048735506254887e-08
7.700000000000001e+00  -6.470773896720310e-09  5.320168094072844e-08  -5.967245483744874e-08
7.710000000000001e+00  -3.044876508088490e-09  5.573640466499814e-08  -5.878128117308663e-08
7.720000000000001e+00  3.079800138610392e-10  5.812599951088383e-08  -5.781801949702279e-08
7.730000000000001e+00  3.585770165664030e-09  6.037258478236392e-08  -5.678681461669989e-08
7.740000000000001e+00  6.786605611430500e-09  6.247837156050592e-08  -5.569176594907542e-08
7.750000000000001e+00  9.908734809584493e-09  6.444565779591628e-08  -5.453692298633178e-08
7.760000000000001e+00  1.295054239086358e-08  6.627682338116330e-08  -5.332628099029972e-08
7.770000000000001e+00  1.591054832990694e-08  6.797432525680198e-08  -5.206377692689504e-08
7.780000000000001e+00  1.878740689940986e-08  6.954069252729091e-08  -5.075328562788105e-08
7.790000000000001e+00  2.157990542400686e-08  7.097852160885428e-08  -4.939861618484743e-08
7.800000000000001e+00  2.428696284593815e-08  7.229047141254508e-08  -4.800350856660693e-08
7.810000000000001e+00  2.690762810414044e-08  7.347925856545486e-08  -4.657163046131442e-08
7.820000000000001e+00  2.944107834186781e-08  7.454765268539816e-08  -4.510657434353036e-08
7.830000000000001e+00  3.188661695660880e-08  7.549847170119846e-08  -4.361185474458965e-08
7.840000000000001e+00  3.424367148535150e-08  7.633457724212564e-08  -4.209090575677414e-08
7.850000000000001e+00  3.651179135660209e-08  7.705887008470453e-08  -4.054707872810244e-08
7.860000000000001e+00  3.869064549799883e-08  7.767428567398291e-08  -3.898364017598408e-08
7.870000000000001e+00  4.078001982433374e-08  7.818378971781136e-08  -3.740376989347761e-08
7.880000000000001e+00  4.277981460062349e-08  7.859037386375321e-08  -3.581055926312972e-08
7.890000000000001e+00  4.469004170356867e-08  7.889705145233900e-08  -3.420700974877033e-08
7.900000000000001e+00  4.651082177648545e-08  7.910685336883091e-08  -3.259603159234546e-08
7.910000000000001e+00  4.824238129454906e-08  7.922282397756516e-08  -3.098044268301610e-08
7.920000000000001e+00  4.988504954913681e-08  7.924801715549841e-08  -2.936296760636159e-08
7.930000000000001e+00  5.143925554976051e-08  7.918549242352896e-08  -2.774623687376844e-08
7.940000000000001e+00  5.290552486366370e-08  7.903831117755027e-08  -2.613278631388657e-08
7.950000000000001e+00  5.428447639440025e-08  7.880953302242803e-08  -2.452505662802778e-08
7.960000000000001e+00  5.557681910568598e-08  7.850221221759748e-08  -2.292539311191150e-08
7.970000000000001e+00  5.678334870171732e-08  7.811939421868211e-08  -2.133604551696479e-08
7.980000000000001e+00  5.790494426795534e-08  7.766411234612554e-08  -1.975916807817021e-08
7.990000000000001e+00  5.894256488336910e-08  7.713938454590886e-08  -1.819681966253976e-08
8.000000000000002e+00  5.989724620573732e-08  7.654821028430865e-08  -1.665096407857133e-08
8.010000000000002e+00  6.077009703541069e-08  7.589356753131283e-08  -1.512347049590214e-08
8.020000000000001e+00  6.156229588066610e-08  7.517840989067079e-08  -1.361611401000469e-08
8.030000000000001e+00  6.227508750153715e-08  7.440566381374465e-08  -1.213057631220751e-08
8.040000000000003e+00  6.290977946082412e-08  7.357822595084828e-08  -1.066844649002415e-08
8.050000000000002e+00  6.346773868471413e-08  7.269896061305284e-08  -9.231221928338706e-09
8.060000000000002e+00  6.395038802825908e-08  7.177069734820721e-08  -7.820309319948136e-09
8.070000000000002e+00  6.435920286196849e-08  7.079622863783852e-08  -6.437025775870035e-09
8.080000000000002e+00  6.469570767707347e-08  6.977830770664880e-08  -5.082600029575331e-09
8.090000000000002e+00  6.496147271999856e-08  6.871964645104324e-08  -3.758173731044681e-09
8.100000000000001e+00  6.515811065536375e-08  6.762291348202495e-08  -2.464802826661208e-09
8.110000000000001e+00  6.528727326524541e-08  6.649073228183100e-08  -1.203459016585592e-09
8.120000000000003e+00  6.535064818902371e-08  6.532567947554578e-08  2.496871347793218e-11
8.130000000000003e+00  6.534995570429987e-08  6.413028321606686e-08  1.219672488233015e-09
8.140000000000002e+00  6.528694555781962e-08  6.290702167672926e-08  2.379923881090353e-09
8.150000000000002e+00  6.516339384225175e-08  6.165832166244844e-08  3.505072179803310e-09
8.160000000000002e+00  6.498109993450603e-08  6.038655731842797e-08  4.594542616078061e-09
8.170000000000002e+00  6.474188348195494e-08  5.909404895630676e-08  5.647834525648178e-09
8.180000000000001e+00  6.444758145738860e-08  5.778306197841608e-08  6.664519478972524e-09
8.190000000000001e+00  6.410004526735920e-08  5.645580591238615e-08  7.644239354973051e-09
8.200000000000001e+00  6.370113793509153e-08  5.511443354149347e-08  8.586704393598060e-09
8.210000000000003e+00  6.325273134342638e-08  5.376104013775071e-08  9.491691205675674e-09
8.220000000000002e+00  6.275670354884099e-08  5.239766279526732e-08  1.035904075357366e-08
8.230000000000002e+00  6.221493617077326e-08  5.102627985336323e-08  1.118865631741003e-08
8.240000000000002e+00  6.162931184703477e-08  4.964881041833875e-08  1.198050142869602e-08
8.250000000000002e+00  6.100171177239639e-08  4.826711397538381e-08  1.273459779701258e-08
8.260000000000002e+00  6.033401330357682e-08  4.688299008834175e-08  1.345102321523507e-08
8.270000000000001e+00  5.962808764975937e-08  4.549817818459865e-08  1.412990946516072e-08
8.280000000000001e+00  5.888579763652730e-08  4.411435742790359e-08  1.477144020862371e-08
8.290000000000003e+00  5.810899555014872e-08  4.273314666828428e-08  1.537584888186443e-08
8.300000000000002e+00  5.729952106161592e-08  4.135610447472105e-08  1.594341658689487e-08
8.310000000000002e+00  5.645919923354342e-08  3.998472924205140e-08  1.647446999149202e-08
8.320000000000002e+00  5.558983860031674e-08  3.862045937151617e-08  1.696937922880057e-08
8.330000000000002e+00  5.469322934156516e-08  3.726467352469530e-08  1.742855581686986e-08
8.340000000000002e+00  5.377114152326028e-08  3.591869094253070e-08  1.785245058072957e-08
8.350000000000001e+00  5.282532343090400e-08  3.458377183431433e-08  1.824155159658967e-08
8.360000000000001e+00  5.185749997831639e-08  3.326111782381995e-08  1.859638215449645e-08
8.370000000000003e+00  5.086937119656477e-08  3.195187246564256e-08  1.891749873092220e-08
8.380000000000003e+00  4.986261080921969e-08  3.065712180839526e-08  1.920548900082443e-08
8.390000000000002e+00  4.883886488083083e-08  2.937789502062316e-08  1.946096986020768e-08
8.400000000000002e+00  4.779975054654764e-08  2.811516506773400e-08  1.968458547881365e-08
8.410000000000002e+00  4.674685482510681e-08  2.686984943718146e-08  1.987700538792536e-08
8.420000000000002e+00  4.568173350392427e-08  2.564281091101743e-08  2.003892259290684e-08
8.430000000000001e+00  4.460591010323892e-08  2.443485838642878e-08  2.017105171681014e-08
8.440000000000001e+00  4.352087491766874e-08  2.324674773391838e-08  2.027412718375037e-08
8.450000000000001e+00  4.242808413102614e-08  2.207918269899592e-08  2.034890143203022e-08
8.460000000000003e+00  4.132895900620524e-08  2.093281583646050e-08  2.039614316974474e-08
8.470000000000002e+00  4.022488514615152e-08  1.980824948528191e-08  2.041663566086961e-08
8.480000000000002e+00  3.911721182820709e-08  1.870603676756601e-08  2.041117506064108e-08
8.490000000000002e+00  3.800725140653598e-08  1.762668262777219e-08  2.038056877876379e-08
8.500000000000002e+00  3.689627878493256e-08  1.657064488681922e-08  2.032563389811334e-08
8.510000000000002e+00  3.578553095585625e-08  1.553833533097680e-08  2.024719562487945e-08
8.520000000000001e+00  3.467620660478076e-08  1.453012081977247e-08  2.014608578500828e-08
8.530000000000001e+00  3.356946577859674e-08  1.354632441248048e-08  2.002314136611625e-08
8.540000000000003e+00  3.246642961859918e-08  1.258722651653555e-08  1.987920310206363e-08
8.550000000000002e+00  3.136818015044028e-08  1.165306604677934e-08  1.971511410366093e-08
8.560000000000002e+00  3.027576013748010e-08  1.074404160720627e-08  1.953171853027383e-08
8.570000000000002e+00  2.919017298777075e-08  9.860312673738992e-09  1.932986031403176e-08
8.580000000000002e+00  2.811238271967631e-08  9.002000794557092e-09  1.911038192511922e-08
8.590000000000002e+00  2.704331397778548e-08  8.169190794800883e-09  1.887412318298460e-08
8.600000000000001e+00  2.598385210844134e-08  7.361931990862540e-09  1.862192011757880e-08
8.610000000000001e+00  2.493484327406934e-08  6.580239404471476e-09  1.835460386959787e-08
8.620000000000003e+00  2.389709462780532e-08  5.824094978852177e-09  1.807299964895314e-08
8.630000000000003e+00  2.287137452513255e-08  5.093448802676141e-09  1.777792572245641e-08
8.640000000000002e+00  2.185841278932223e-08  4.388220323599602e-09  1.747019246572263e-08
8.650000000000002e+00  2.085890101043885e-08  3.708299565590442e-09  1.715060144484841e-08
8.660000000000002e+00  1.987349289512924e-08  3.053548339711948e-09  1.681994455541730e-08
8.670000000000002e+00  1.890280464650640e-08  2.423801448169302e-09  1.647900319833709e-08
8.680000000000001e+00  1.794741538988004e-08  1.818867885243195e-09  1.612854750463685e-08
8.690000000000001e+00  1.700786762871817e-08  1.238532024190897e-09  1.576933560452727e-08
8.700000000000003e+00  1.608466773544495e-08  6.825547987877817e-10  1.540211293665717e-08
8.710000000000003e+00  1.517828647674224e-08  1.506748719134677e-10  1.502761160482877e-08
8.720000000000002e+00  1.428915956643522e-08  -3.573902084826074e-10  1.464654977491783e-08
8.730000000000002e+00  1.341768824810254e-08  -8.419428645739094e-10  1.425963111267645e-08
8.740000000000002e+00  1.256423990442531e-08  -1.303304362302646e-09  1.386754426672796e-08
8.750000000000002e+00  1.172914869159133e-08  -1.741813696215915e-09  1.347096238780724e-08
8.760000000000002e+00  1.091271619555588e-08  -2.157826492101305e-09  1.307054268765719e-08
8.770000000000001e+00  1.011521211448992e-08  -2.551713931717195e-09  1.266692604620711e-08
8.780000000000001e+00  9.336874953399218e-09  -2.923861686438007e-09  1.226073663983723e-08
8.790000000000003e+00  8.577912744820728e-09  -3.274668878382005e-09  1.185258162320273e-08
8.800000000000002e+00  7.838503783504269e-09  -3.604547057050195e-09  1.144305084055446e-08
8.810000000000002e+00  7.118797372796833e-09  -3.913919197796397e-09  1.103271657059323e-08
8.820000000000002e+00  6.418914590045560e-09  -4.203218720523487e-09  1.062213331056905e-08
8.830000000000002e+00  5.738949061282107e-09  -4.472888532332220e-09  1.021183759361433e-08
8.840000000000002e+00  5.078967746770371e-09  -4.723380085709651e-09  9.802347832480022e-09
8.850000000000001e+00  4.439011735345207e-09  -4.955152472843251e-09  9.394164208188458e-09
8.860000000000001e+00  3.819097048708199e-09  -5.168671526213315e-09  8.987768574921515e-09
8.870000000000003e+00  3.219215447779890e-09  -5.364408955685497e-09  8.583624403465386e-09
8.880000000000003e+00  2.639335249990572e-09  -5.542841503802466e-09  8.182176753793039e-09
8.890000000000002e+00  2.079402145765960e-09  -5.704450125483102e-09  7.783852271249061e-09
8.900000000000002e+00  1.539340017993315e-09  -5.849719195097203e-09  7.389059213090519e-09
8.910000000000002e+00  1.019051765601279e-09  -5.979135733098034e-09  6.998187498699314e-09
8.920000000000002e+00  5.184201248216867e-10  -6.093188662408363e-09  6.611608787230050e-09
8.930000000000001e+00  3.730848918919906e-11  -6.192368087427851e-09  6.229676576617050e-09
8.940000000000001e+00  -4.244382702787244e-10  -6.277164596444488e-09  5.852726326165764e-09
8.950000000000003e+00  -8.669929902339691e-10  -6.348068593257770e-09  5.481075603023801e-09
8.960000000000003e+00  -1.290545403787865e-09  -6.405569649677876e-09  5.115024245890011e-09
8.970000000000002e+00  -1.695301331997710e-09  -6.450155886101038e-09  4.754854554103328e-09
8.980000000000002e+00  -2.081481887357991e-09  -6.482313373225539e-09  4.400831485867548e-09
8.990000000000002e+00  -2.449322676935519e-09  -6.502525563610483e-09  4.053202886674964e-09
9.000000000000002e+00  -2.799073019110666e-09  -6.511272745270061e-09  3.712199726159395e-09
9.010000000000002e+00  -3.130995165042108e-09  -6.509031518359149e-09  3.378036353317041e-09
9.020000000000001e+00  -3.445363532173594e-09  -6.496274298252884e-09  3.050910766079290e-09
9.030000000000001e+00  -3.742463945950829e-09  -6.473468843378748e-09  2.731004897427920e-09
9.040000000000003e+00  -4.022592894581864e-09  -6.441077805676722e-09  2.418484911094858e-09
9.050000000000002e+00  -4.286056791892660e-09  -6.399558303639281e-09  2.113501511746621e-09
9.060000000000002e+00  -4.533171256176010e-09  -6.349361522678540e-09  1.816190266502530e-09
9.070000000000002e+00  -4.764260397558076e-09  -6.290932334709324e-09  1.526671937151248e-09
9.080000000000002e+00  -4.979656122200047e-09  -6.224708940350806e-09  1.245052818150759e-09
9.090000000000002e+00  -5.179697448456872e-09  -6.151122537295642e-09  9.714250888387692e-10
9.100000000000001e+00  -5.364729835111458e-09  -6.070597007952647e-09  7.058671728411886e-10
9.110000000000001e+00  -5.535104529661954e-09  -5.983548627990216e-09  4.484440983282624e-10
9.120000000000003e+00  -5.691177925920331e-09  -5.890385798438168e-09  1.992078725178365e-10
9.130000000000003e+00  -5.833310937684244e-09  -5.791508796627208e-09  -4.180214105703634e-11
9.140000000000002e+00  -5.961868393917835e-09  -5.687309550432718e-09  -2.745588434851172e-10
9.150000000000002e+00  -6.077218439974704e-09  -5.578171426930437e-09  -4.990470130442670e-10
9.160000000000002e+00  -6.179731964788907e-09  -5.464469048211342e-09  -7.152629165775651e-10
9.170000000000002e+00  -6.269782036084236e-09  -5.346568117854521e-09  -9.232139182297155e-10
9.180000000000001e+00  -6.347743358769268e-09  -5.224825274560441e-09  -1.122918084208827e-09
9.190000000000001e+00  -6.413991745458733e-09  -5.099587956440927e-09  -1.314403789017807e-09
9.200000000000003e+00  -6.468903606401424e-09  -4.971194287086482e-09  -1.497709319314941e-09
9.210000000000003e+00  -6.512855454878042e-09  -4.839972977496467e-09  -1.672882477381575e-09
9.220000000000002e+00  -6.546223430858070e-09  -4.706243245325644e-09  -1.839980185532426e-09
9.230000000000002e+00  -6.569382840939027e-09  -4.570314749320336e-09  -1.999068091618690e-09
9.240000000000002e+00  -6.582707714840389e-09  -4.432487539812484e-09  -2.150220175027905e-09
9.250000000000002e+00  -6.586570380982279e-09  -4.293052024181015e-09  -2.293518356801264e-09
9.260000000000002e+00  -6.581341057223163e-09  -4.152288947301056e-09  -2.429052109922107e-09
9.270000000000001e+00  -6.567387458908074e-09  -4.010469383646307e-09  -2.556918075261767e-09
9.280000000000001e+00  -6.545074424697527e-09  -3.867854748967111e-09  -2.677219675730415e-09
9.290000000000003e+00  -6.514763559810817e-09  -3.724696817008879e-09  -2.790066742801938e-09
9.300000000000002e+00  -6.476812893128869e-09  -3.581237754117338e-09  -2.895575139011531e-09
9.310000000000002e+00  -6.431576554689088e-09  -3.437710165481549e-09  -2.993866389207538e-09
9.320000000000002e+00  -6.379404467680166e-09  -3.294337149669044e-09  -3.085067318011122e-09
9.330000000000002e+00  -6.320642055370478e-09  -3.151332367337995e-09  -3.169309688032484e-09
9.340000000000002e+00  -6.255629968422670e-09  -3.008900119564437e-09  -3.246729848858233e-09
9.350000000000001e+00  -6.184703823706937e-09  -2.867235434481872e-09  -3.317468389225065e-09
9.360000000000001e+00  -6.108193962203543e-09  -2.726524165640035e-09  -3.381669796563509e-09
9.370000000000003e+00  -6.026425219036106e-09  -2.586943098147716e-09  -3.439482120888390e-09
9.380000000000003e+00  -5.939716713853205e-09  -2.448660063476840e-09  -3.491056650376365e-09
9.390000000000002e+00  -5.848381649663322e-09  -2.311834060580935e-09  -3.536547589082387e-09
9.400000000000002e+00  -5.752727133189568e-09  -2.176615391772417e-09  -3.576111741417151e-09
9.410000000000002e+00  -5.653054004238365e-09  -2.043145790654384e-09  -3.609908213583981e-09
9.420000000000002e+00  -5.549656682658581e-09  -1.911558573466902e-09  -3.638098109191679e-09
9.430000000000001e+00  -5.442823027371352e-09  -1.781978788675229e-09  -3.660844238696123e-09
9.440000000000001e+00  -5.332834211669219e-09  -1.654523368058932e-09  -3.678310843610288e-09
9.450000000000003e+00  -5.219964606500658e-09  -1.529301291244441e-09  -3.690663315256217e-09
9.460000000000003e+00  -5.104481684026981e-09  -1.406413750593856e-09  -3.698067933433125e-09
9.470000000000002e+00  -4.986645927022298e-09  -1.285954321729927e-09  -3.700691605292371e-09
9.480000000000002e+00  -4.866710754815163e-09  -1.168009136260069e-09  -3.698701618555094e-09
9.490000000000002e+00  -4.744922459398430e-09  -1.052657060560597e-09  -3.692265398837833e-09
9.500000000000002e+00  -4.621520154304374e-09  -9.399698767051718e-10  -3.681550277599202e-09
9.510000000000002e+00  -4.496735733480485e-09  -8.300124658364994e-10  -3.666723267643986e-09
9.520000000000001e+00  -4.370793842671595e-09  -7.228429939845980e-10  -3.647950848686997e-09
9.530000000000001e+00  -4.243911858781052e-09  -6.185131012399163e-10  -3.625398757541136e-09
9.540000000000003e+00  -4.116299883772141e-09  -5.170680911253929e-10  -3.599231792646748e-09
9.550000000000002e+00  -3.988160742740433e-09  -4.185471223635313e-10  -3.569613620376902e-09
9.560000000000002e+00  -3.859689996704110e-09  -3.229834011851157e-10  -3.536706595518994e-09
9.570000000000002e+00  -3.731075962622852e-09  -2.304043742883078e-10  -3.500671588334544e-09
9.580000000000002e+00  -3.602499740109974e-09  -1.408319239256210e-10  -3.461667816184353e-09
9.590000000000002e+00  -3.474135249832470e-09  -5.428256077054612e-11  -3.419852689061924e-09
9.600000000000001e+00  -3.346149279175117e-09  2.923238209369239e-11  -3.375381661268809e-09
9.610000000000001e+00  -3.218701532931614e-09  1.097065556290768e-10  -3.328408088560691e-09
9.620000000000003e+00  -3.091944695706099e-09  1.871384006049851e-10  -3.279083096311085e-09
9.630000000000003e+00  -2.966024498149083e-09  2.615309572774907e-10  -3.227555455426574e-09
9.640000000000002e+00  -2.841079790771950e-09  3.328916736367242e-10  -3.173971464408674e-09
9.650000000000002e+00  -2.717242624661755e-09  4.012322165763398e-10  -3.118474841238095e-09
9.660000000000002e+00  -2.594638336801109e-09  4.665682811745606e-10  -3.061206617975669e-09
9.670000000000002e+00  -2.473385643142238e-09  5.289194082995593e-10  -3.002305051441798e-09
9.680000000000001e+00  -2.353596735352115e-09  5.883087962539021e-10  -2.941905531606017e-09
9.690000000000001e+00  -2.235377382020453e-09  6.447631220508924e-10  -2.880140504071346e-09
9.700000000000003e+00  -2.118827037297244e-09  6.983123579181292e-10  -2.817139395215373e-09
9.710000000000003e+00  -2.004038951328452e-09  7.489895964283524e-10  -2.753028547756804e-09
9.720000000000002e+00  -1.891100284694439e-09  7.968308754165764e-10  -2.687931160111015e-09
9.730000000000002e+00  -1.780092228869085e-09  8.418750026805731e-10  -2.621967231549658e-09
9.740000000000002e+00  -1.671090128194679e-09  8.841633916470216e-10  -2.555253519841701e-09
9.750000000000002e+00  -1.564163605178005e-09  9.237398907497393e-10  -2.487903495927744e-09
9.760000000000002e+00  -1.459376690259506e-09  9.606506228956750e-10  -2.420027313155181e-09
9.770000000000001e+00  -1.356787951251870e-09  9.949438247529088e-10  -2.351731776004779e-09
9.780000000000001e+00  -1.256450628021183e-09  1.026669690073574e-09  -2.283120318094757e-09
9.790000000000003e+00  -1.158412768368726e-09  1.055880216866654e-09  -2.214292985235380e-09
9.800000000000002e+00  -1.062717364084291e-09  1.082629058536826e-09  -2.145346422621117e-09
9.810000000000002e+00  -9.694024916072633e-10  1.106971376162479e-09  -2.076373867769742e-09
9.820000000000002e+00  -8.785014509619596e-10  1.128963697962029e-09  -2.007465148923989e-09
9.830000000000002e+00  -7.900429070043472e-10  1.148663780498570e-09  -1.938706687502917e-09
9.840000000000002e+00  -7.040510332548794e-10  1.166130472559964e-09  -1.870181505814843e-09
9.850000000000001e+00  -6.205456524067441e-10  1.181423586184916e-09  -1.801969238591660e-09
9.860000000000001e+00  -5.395423822585319e-10  1.194603767895800e-09  -1.734146150154332e-09
9.870000000000003e+00  -4.610527763723375e-10  1.205732376303075e-09  -1.666785152675413e-09
9.880000000000003e+00  -3.850844696411374e-10  1.214871363839108e-09  -1.599955833480245e-09
9.890000000000002e+00  -3.116413204658511e-10  1.222083158154575e-09  -1.533724478620426e-09
9.900000000000002e+00  -2.407235538110789e-10  1.227430555818340e-09  -1.468154109629419e-09
9.910000000000002e+00  -1.723279044048632e-10  1.230976609577146e-09  -1.403304513982009e-09
9.920000000000002e+00  -1.064477569552906e-10  1.232784528335243e-09  -1.339232285290533e-09
9.930000000000001e+00  -4.307328766300706e-11  1.232917577001940e-09  -1.275990864664947e-09
9.940000000000001e+00  1.780839673902137e-11  1.231438979095970e-09  -1.213630582356948e-09
9.950000000000003e+00  7.621311859236931e-11  1.228411828513875e-09  -1.152198709921506e-09
9.960000000000003e+00  1.321594958626707e-10  1.223898998083919e-09  -1.091739502221248e-09
9.970000000000002e+00  1.856688019489312e-10  1.217963058406127e-09  -1.032294256457196e-09
9.980000000000002e+00  2.367648358067271e-10  1.210666195177638e-09  -9.739013593709107e-10
9.990000000000002e+00  2.854737869506832e-10  1.202070136152383e-09  -9.165963492016996e-10
