1.000000000000000e-15  1.000034209030126e+00  1.000038456772593e+00  -4.247742467100579e-06
1.000000000000100e-02  9.997100928268497e-01  9.996944082731255e-01  1.568455372424893e-05
2.000000000000100e-02  9.987382260059922e-01  9.986628204927878e-01  7.540551320439626e-05
3.000000000000100e-02  9.971200529389406e-01  9.969453652896588e-01  1.746876492817462e-04
4.000000000000100e-02  9.948579775954959e-01  9.945448247774287e-01  3.131528180672083e-04
5.000000000000100e-02  9.919553585789969e-01  9.914650848642228e-01  4.902737147740588e-04
6.000000000000100e-02  9.884165021931329e-01  9.877111262338781e-01  7.053759592547948e-04
7.000000000000101e-02  9.842466535581695e-01  9.832890127964840e-01  9.576407616855853e-04
8.000000000000100e-02  9.794519857991004e-01  9.782058776424958e-01  1.246108156604642e-03
9.000000000000100e-02  9.740395873331810e-01  9.724699065420440e-01  1.569680791136951e-03
1.000000000000010e-01  9.680174472891763e-01  9.660903190383748e-01  1.927128250801435e-03
1.100000000000010e-01  9.613944390951442e-01  9.590773471912570e-01  2.317091903887181e-03
1.200000000000010e-01  9.541803022764577e-01  9.514422120331589e-01  2.738090243298741e-03
1.300000000000010e-01  9.463856225099330e-01  9.431970978074434e-01  3.188524702489537e-03
1.400000000000010e-01  9.380218099845510e-01  9.343551240643447e-01  3.666685920206247e-03
1.500000000000010e-01  9.291010761231335e-01  9.249303156964203e-01  4.170760426713271e-03
1.600000000000010e-01  9.196364087237109e-01  9.149375710010330e-01  4.698837722677873e-03
1.700000000000010e-01  9.096415455828005e-01  9.043926278628245e-01  5.248917719976043e-03
1.800000000000010e-01  8.991309466667773e-01  8.933120281543283e-01  5.818918512448978e-03
1.900000000000010e-01  8.881197649007794e-01  8.817130804576248e-01  6.406684443154620e-03
2.000000000000010e-01  8.766238156479812e-01  8.696138212142970e-01  7.009994433684219e-03
2.100000000000010e-01  8.646595449550883e-01  8.570329744150605e-01  7.626570540027799e-03
2.200000000000010e-01  8.522439966426252e-01  8.439899099440775e-01  8.254086698547658e-03
2.300000000000010e-01  8.393947783214507e-01  8.305046006961192e-01  8.890177625331508e-03
2.400000000000010e-01  8.261300264189642e-01  8.165975785876407e-01  9.532447831323454e-03
2.500000000000010e-01  8.124683703008871e-01  8.022898895852754e-01  1.017848071561178e-02
2.600000000000010e-01  7.984288955761851e-01  7.876030478771238e-01  1.082584769906136e-02
2.700000000000010e-01  7.840311066744187e-01  7.725589893138869e-01  1.147211736053177e-02
2.800000000000010e-01  7.692948887861560e-01  7.571800242479866e-01  1.211486453816946e-02
2.900000000000010e-01  7.542404692581616e-01  7.414887898994879e-01  1.275167935867372e-02
3.000000000000010e-01  7.388883785359976e-01  7.255082023779564e-01  1.338017615804121e-02
3.100000000000010e-01  7.232594107471938e-01  7.092614084892511e-01  1.399800225794268e-02
3.200000000000010e-01  7.073745840185334e-01  6.927717374555983e-01  1.460284656293509e-02
3.300000000000010e-01  6.912551006210252e-01  6.760626526764448e-01  1.519244794458041e-02
3.400000000000010e-01  6.749223070359938e-01  6.591577036561034e-01  1.576460337989039e-02
3.500000000000010e-01  6.583976540352297e-01  6.420804782224649e-01  1.631717581276471e-02
3.600000000000010e-01  6.417026568675047e-01  6.248545551589150e-01  1.684810170858975e-02
3.700000000000010e-01  6.248588556427342e-01  6.075034573690341e-01  1.735539827370014e-02
3.800000000000010e-01  6.078877760039499e-01  5.900506056907736e-01  1.783717031317633e-02
3.900000000000010e-01  5.908108901758038e-01  5.725192734736074e-01  1.829161670219637e-02
4.000000000000010e-01  5.736495784766158e-01  5.549325420285611e-01  1.871703644805467e-02
4.100000000000010e-01  5.564250913791360e-01  5.373132570571894e-01  1.911183432194663e-02
4.200000000000010e-01  5.391585122030983e-01  5.196839861613998e-01  1.947452604169853e-02
4.300000000000010e-01  5.218707205202562e-01  5.020669775316089e-01  1.980374298864729e-02
4.400000000000010e-01  5.045823563501417e-01  4.844841199060403e-01  2.009823644410136e-02
4.500000000000010e-01  4.873137852220432e-01  4.669569038890117e-01  2.035688133303148e-02
4.600000000000010e-01  4.700850641757983e-01  4.495063847110625e-01  2.057867946473574e-02
4.700000000000010e-01  4.529159087709477e-01  4.321531465082668e-01  2.076276226268087e-02
4.800000000000010e-01  4.358256611705480e-01  4.149172681928212e-01  2.090839297772679e-02
4.900000000000010e-01  4.188332593625561e-01  3.978182909811435e-01  2.101496838141259e-02
5.000000000000010e-01  4.019572075782120e-01  3.808751876401599e-01  2.108201993805209e-02
5.100000000000010e-01  3.852155479631331e-01  3.641063335064622e-01  2.110921445667086e-02
5.200000000000010e-01  3.686258335531437e-01  3.475294793271536e-01  2.109635422599010e-02
5.300000000000010e-01  3.522051026029166e-01  3.311617259651913e-01  2.104337663772532e-02
5.400000000000010e-01  3.359698543116234e-01  3.150195010059714e-01  2.095035330565198e-02
5.500000000000010e-01  3.199360259856746e-01  2.991185372959165e-01  2.081748868975808e-02
5.600000000000011e-01  3.041189716745927e-01  2.834738534377103e-01  2.064511823688242e-02
5.700000000000011e-01  2.885334423118633e-01  2.680997362608554e-01  2.043370605100797e-02
5.800000000000010e-01  2.731935673884242e-01  2.530097252802653e-01  2.018384210815882e-02
5.900000000000010e-01  2.581128381822466e-01  2.382165991496513e-01  1.989623903259527e-02
6.000000000000010e-01  2.433040925632026e-01  2.237323641106974e-01  1.957172845250518e-02
6.100000000000010e-01  2.287795013881779e-01  2.095682444332733e-01  1.921125695490464e-02
6.200000000000010e-01  2.145505564971800e-01  1.957346748363369e-01  1.881588166084311e-02
6.300000000000010e-01  2.006280603169539e-01  1.822412948737393e-01  1.838676544321455e-02
6.400000000000010e-01  1.870221170744894e-01  1.690969452638130e-01  1.792517181067640e-02
6.500000000000010e-01  1.737421256186307e-01  1.563096661365145e-01  1.743245948211619e-02
6.600000000000010e-01  1.607967738439902e-01  1.438866971669011e-01  1.691007667708910e-02
6.700000000000010e-01  1.481940347073155e-01  1.318344795589902e-01  1.635955514832535e-02
6.800000000000010e-01  1.359411638225994e-01  1.201586598394674e-01  1.578250398313200e-02
6.900000000000011e-01  1.240446986173502e-01  1.088640954163872e-01  1.518060320096304e-02
7.000000000000011e-01  1.125104590287504e-01  9.795486185387658e-02  1.455559717487384e-02
7.100000000000010e-01  1.013435497148030e-01  8.743426180999488e-02  1.390928790480808e-02
7.200000000000010e-01  9.054836375206558e-02  7.730483558124433e-02  1.324352817082125e-02
7.300000000000010e-01  8.012858778822086e-02  6.756837319386504e-02  1.256021459435583e-02
7.400000000000010e-01  7.008720861449171e-02  5.822592797888659e-02  1.186128063560512e-02
7.500000000000010e-01  6.042652111981551e-02  4.927783156506985e-02  1.114868955474566e-02
7.600000000000010e-01  5.114813758576837e-02  4.072371022124067e-02  1.042442736452769e-02
7.700000000000010e-01  4.225299827843609e-02  3.256250247718680e-02  9.690495801249296e-03
7.800000000000010e-01  3.374138329081346e-02  2.479247795021291e-02  8.948905340600558e-03
7.900000000000010e-01  2.561292558686467e-02  1.741125730264329e-02  8.201668284221381e-03
8.000000000000010e-01  1.786662519608937e-02  1.041583325402128e-02  7.450791942068090e-03
8.100000000000011e-01  1.050086450533986e-02  3.802592570482077e-03  6.698271934857782e-03
8.200000000000011e-01  3.513424592708444e-03  -2.432661047229173e-03  5.946085639937617e-03
8.300000000000011e-01  -3.098497453443622e-03  -8.294683256375954e-03  5.196185802932332e-03
8.400000000000010e-01  -9.338270288796670e-03  -1.378876462525261e-02  4.450494336455939e-03
8.500000000000010e-01  -1.520980920058686e-02  -1.892070552661776e-02  3.710896326030895e-03
8.600000000000010e-01  -2.071755618936578e-02  -2.369679045154142e-02  2.979234262175640e-03
8.700000000000010e-01  -2.586645930705961e-02  -2.812376182341211e-02  2.257302516352502e-03
8.800000000000010e-01  -3.066195131418227e-02  -3.220879339137448e-02  1.546842077192211e-03
8.900000000000010e-01  -3.510992771969754e-02  -3.595946328175569e-02  8.495355620581416e-04
9.000000000000010e-01  -3.921672426746019e-02  -3.938372678511014e-02  1.670025176499501e-04
9.100000000000010e-01  -4.298909393342946e-02  -4.248988895537741e-02  -4.992049780520522e-04
9.200000000000010e-01  -4.643418349793157e-02  -4.528657709630843e-02  -1.147606401623133e-03
9.300000000000010e-01  -4.955950975714377e-02  -4.778271320878436e-02  -1.776796548359411e-03
9.400000000000011e-01  -5.237293543770902e-02  -4.998748647094390e-02  -2.385448966765125e-03
9.500000000000011e-01  -5.488264487794695e-02  -5.191032582114937e-02  -2.972319056797582e-03
9.600000000000010e-01  -5.709711953851279e-02  -5.356087271177921e-02  -3.536246826733577e-03
9.700000000000010e-01  -5.902511340460367e-02  -5.494895409964204e-02  -4.076159304961628e-03
9.800000000000010e-01  -6.067562834086985e-02  -5.608455573646965e-02  -4.591072604400198e-03
9.900000000000010e-01  -6.205788945912948e-02  -5.697779582049117e-02  -5.080093638638310e-03
1.000000000000001e+00  -6.318132055775706e-02  -5.763889906750705e-02  -5.542421490250013e-03
1.010000000000001e+00  -6.405551969026570e-02  -5.807817125719566e-02  -5.977348433070039e-03
1.020000000000001e+00  -6.469023491910936e-02  -5.830597430761456e-02  -6.384260611494795e-03
1.030000000000001e+00  -6.509534030912507e-02  -5.833270192798474e-02  -6.762638381140336e-03
1.040000000000001e+00  -6.528081221329773e-02  -5.816875589692187e-02  -7.112056316375868e-03
1.050000000000001e+00  -6.525670590169382e-02  -5.782452301027480e-02  -7.432182891419011e-03
1.060000000000001e+00  -6.503313258245952e-02  -5.731035273969736e-02  -7.722779842762158e-03
1.070000000000001e+00  -6.462023686175332e-02  -5.663653563997958e-02  -7.983701221773741e-03
1.080000000000001e+00  -6.402817468733500e-02  -5.581328254007002e-02  -8.214892147264979e-03
1.090000000000001e+00  -6.326709181834676e-02  -5.485070454957716e-02  -8.416387268769601e-03
1.100000000000001e+00  -6.234710286152972e-02  -5.375879390940701e-02  -8.588308952122710e-03
1.110000000000001e+00  -6.127827091178562e-02  -5.254740571205606e-02  -8.730865199729557e-03
1.120000000000001e+00  -6.007058783259035e-02  -5.122624051395745e-02  -8.844347318632893e-03
1.130000000000001e+00  -5.873395520932483e-02  -4.980482785917392e-02  -8.929127350150917e-03
1.140000000000001e+00  -5.727816600610412e-02  -4.829251073066388e-02  -8.985655275440235e-03
1.150000000000001e+00  -5.571288695416616e-02  -4.669843094230567e-02  -9.014456011860489e-03
1.160000000000001e+00  -5.404764169734989e-02  -4.503151548189301e-02  -9.016126215456881e-03
1.170000000000001e+00  -5.229179471763212e-02  -4.330046381237171e-02  -8.991330905260414e-03
1.180000000000001e+00  -5.045453606112930e-02  -4.151373613572686e-02  -8.940799925402441e-03
1.190000000000001e+00  -4.854486688241910e-02  -3.967954262113173e-02  -8.865324261287361e-03
1.200000000000001e+00  -4.657158582246501e-02  -3.780583359624295e-02  -8.765752226222057e-03
1.210000000000001e+00  -4.454327623289912e-02  -3.590029069789384e-02  -8.642985535005282e-03
1.220000000000001e+00  -4.246829425689907e-02  -3.397031897587780e-02  -8.497975281021267e-03
1.230000000000001e+00  -4.035475777439476e-02  -3.202303994106252e-02  -8.331717833332246e-03
1.240000000000001e+00  -3.821053621689827e-02  -3.006528554671042e-02  -8.145250670187846e-03
1.250000000000001e+00  -3.604324125482730e-02  -2.810359308962468e-02  -7.939648165202619e-03
1.260000000000001e+00  -3.386021835783096e-02  -2.614420101558715e-02  -7.716017342243812e-03
1.270000000000001e+00  -3.166853922631144e-02  -2.419304561151238e-02  -7.475493614799062e-03
1.280000000000001e+00  -2.947499509008522e-02  -2.225575856481268e-02  -7.219236525272545e-03
1.290000000000001e+00  -2.728609086793291e-02  -2.033766536865303e-02  -6.948425499279872e-03
1.300000000000001e+00  -2.510804017967026e-02  -1.844378455007841e-02  -6.664255629591845e-03
1.310000000000001e+00  -2.294676120032441e-02  -1.657882769641639e-02  -6.367933503908015e-03
1.320000000000001e+00  -2.080787334403113e-02  -1.474720025389915e-02  -6.060673090131977e-03
1.330000000000001e+00  -1.869669476338288e-02  -1.295300307111159e-02  -5.743691692271289e-03
1.340000000000001e+00  -1.661824064815319e-02  -1.120003465865586e-02  -5.418205989497325e-03
1.350000000000001e+00  -1.457722230561488e-02  -9.491794135324473e-03  -5.085428170290403e-03
1.360000000000001e+00  -1.257804700304452e-02  -7.831484830102604e-03  -4.746562172941912e-03
1.370000000000001e+00  -1.062481855148252e-02  -6.222018508464224e-03  -4.402800043018297e-03
1.380000000000001e+00  -8.721338608384862e-03  -4.666020190689341e-03  -4.055318417695521e-03
1.390000000000001e+00  -6.871108675472999e-03  -3.165833529314250e-03  -3.705275146158748e-03
1.400000000000001e+00  -5.077332766856505e-03  -1.723526712320918e-03  -3.353806054535587e-03
1.410000000000001e+00  -3.342920721370374e-03  -3.408988582849889e-04  -3.002021863085385e-03
1.420000000000001e+00  -1.670492132041631e-03  9.805131305770395e-04  -2.651005262618670e-03
1.430000000000001e+00  -6.238086467372262e-05  2.239427291690557e-03  -2.301808156364280e-03
1.440000000000001e+00  1.479359863289121e-03  3.434808936027120e-03  -1.955449072737999e-03
1.450000000000001e+00  2.952951873174121e-03  4.565862626883882e-03  -1.612910753709761e-03
1.460000000000001e+00  4.356885914946173e-03  5.632023837653559e-03  -1.275137922707386e-03
1.470000000000001e+00  5.689915087223284e-03  6.632950322466944e-03  -9.430352352436605e-04
1.480000000000001e+00  6.951047818554208e-03  7.568513233263657e-03  -6.174654147094493e-04
1.490000000000001e+00  8.139540441389878e-03  8.438788016435866e-03  -2.992475750459873e-04
1.500000000000001e+00  9.254889390402298e-03  9.244045121690143e-03  1.084426871215440e-05
1.510000000000001e+00  1.029682305692962e-02  9.984740555198228e-03  3.120825017313873e-04
1.520000000000001e+00  1.126529333135960e-02  1.066150630845513e-02  6.037870229044732e-04
1.530000000000001e+00  1.216046686520447e-02  1.127514069353960e-02  8.853261716648669e-04
1.540000000000001e+00  1.298271608447306e-02  1.182659861468568e-02  1.156117469787372e-03
1.550000000000001e+00  1.373260998571328e-02  1.231698180522060e-02  1.415628180492677e-03
1.560000000000001e+00  1.441090474578183e-02  1.274752905801939e-02  1.663375687762444e-03
1.570000000000001e+00  1.501853417600335e-02  1.311960647666500e-02  1.898927699338353e-03
1.580000000000001e+00  1.555660005090832e-02  1.343469777349523e-02  2.121902277413094e-03
1.590000000000001e+00  1.602636234119345e-02  1.369439463966784e-02  2.331967701525609e-03
1.600000000000001e+00  1.642922937993597e-02  1.390038721128355e-02  2.528842168652415e-03
1.610000000000001e+00  1.676674799041139e-02  1.405445465448667e-02  2.712293335924728e-03
1.620000000000001e+00  1.704059360312181e-02  1.415845589130589e-02  2.882137711815912e-03
1.630000000000001e+00  1.725256038884390e-02  1.421432048682552e-02  3.038239902018378e-03
1.640000000000001e+00  1.740455143364917e-02  1.422403971707343e-02  3.180511716575742e-03
1.650000000000001e+00  1.749856898094636e-02  1.418965783580412e-02  3.308911145142248e-03
1.660000000000001e+00  1.753670476464616e-02  1.411326355712425e-02  3.423441207521907e-03
1.670000000000001e+00  1.752113045655397e-02  1.399698176967726e-02  3.524148686876706e-03
1.680000000000001e+00  1.745408825007055e-02  1.384296549686548e-02  3.611122753205073e-03
1.690000000000001e+00  1.733788160121385e-02  1.365338811635137e-02  3.684493484862484e-03
1.700000000000001e+00  1.717486614688487e-02  1.343043585084654e-02  3.744430296038334e-03
1.710000000000001e+00  1.696744081918106e-02  1.317630054097142e-02  3.791140278209634e-03
1.720000000000001e+00  1.671803917342287e-02  1.289317270975480e-02  3.824866463668065e-03
1.730000000000001e+00  1.642912094640098e-02  1.258323492714320e-02  3.845886019257786e-03
1.740000000000001e+00  1.610316386018430e-02  1.224865548170626e-02  3.854508378478042e-03
1.750000000000001e+00  1.574265568564684e-02  1.189158236556517e-02  3.851073320081673e-03
1.760000000000001e+00  1.535008657868953e-02  1.151413757743177e-02  3.835949001257759e-03
1.770000000000001e+00  1.492794170094524e-02  1.111841174753480e-02  3.809529953410436e-03
1.780000000000001e+00  1.447869413557038e-02  1.070645908712705e-02  3.772235048443326e-03
1.790000000000001e+00  1.400479810754798e-02  1.028029266421472e-02  3.724505443333255e-03
1.800000000000001e+00  1.350868251675580e-02  9.841880006131461e-03  3.666802510624342e-03
1.810000000000001e+00  1.299274479089447e-02  9.393139028597017e-03  3.599605762297451e-03
1.820000000000001e+00  1.245934506422710e-02  8.935934289951165e-03  3.523410774275934e-03
1.830000000000001e+00  1.191080068695657e-02  8.472073568348360e-03  3.438727118608207e-03
1.840000000000001e+00  1.134938106896214e-02  8.003304758827547e-03  3.346076310134588e-03
1.850000000000001e+00  1.077730286053602e-02  7.531313086346005e-03  3.245989774190019e-03
1.860000000000001e+00  1.019672547170688e-02  7.057718630080321e-03  3.139006841626561e-03
1.870000000000001e+00  9.609746930711002e-03  6.584074153556616e-03  3.025672777154386e-03
1.880000000000001e+00  9.018400081176532e-03  6.111863234473575e-03  2.906536846702956e-03
1.890000000000001e+00  8.424649116625818e-03  5.642498687428775e-03  2.782150429197043e-03
1.900000000000001e+00  7.830386449972410e-03  5.177321272151148e-03  2.653065177821262e-03
1.910000000000001e+00  7.237429914800270e-03  4.717598679277494e-03  2.519831235522776e-03
1.920000000000001e+00  6.647520294359621e-03  4.264524785194825e-03  2.382995509164795e-03
1.930000000000001e+00  6.062319173402752e-03  3.819219166996130e-03  2.243100006406622e-03
1.940000000000001e+00  5.483407107210595e-03  3.382726868170124e-03  2.100680239040470e-03
1.950000000000001e+00  4.912282101431889e-03  2.956018405262544e-03  1.956263696169345e-03
1.960000000000001e+00  4.350358395670343e-03  2.539990005407378e-03  1.810368390262965e-03
1.970000000000001e+00  3.798965543111718e-03  2.135464064331404e-03  1.663501478780315e-03
1.980000000000001e+00  3.259347777884462e-03  1.743189814184013e-03  1.516157963700449e-03
1.990000000000001e+00  2.732663661293518e-03  1.363844190333246e-03  1.368819470960272e-03
2.000000000000001e+00  2.219985997557235e-03  9.980328861014605e-04  1.221953111455775e-03
2.010000000000001e+00  1.722302009213975e-03  6.462915842846426e-04  1.076010424929333e-03
2.020000000000001e+00  1.240513761945593e-03  3.090873542114157e-04  9.314264077341776e-04
2.030000000000001e+00  7.754388281906296e-04  -1.317979695516958e-05  7.886186251457992e-04
2.040000000000001e+00  3.278111785910399e-04  -3.201752299822445e-04  6.479864085732845e-04
2.050000000000001e+00  -1.017177099697595e-04  -6.116278476887886e-04  5.099101377190291e-04
2.060000000000001e+00  -5.125775412208370e-04  -8.873281486584041e-04  3.747506074375671e-04
2.070000000000001e+00  -9.042776929327959e-04  -1.147126171690482e-03  2.428484787576859e-04
2.080000000000001e+00  -1.276405528760909e-03  -1.390929342019281e-03  1.145238132583719e-04
2.090000000000001e+00  -1.628624540457772e-03  -1.618700230180976e-03  -9.924310276795923e-06
2.100000000000001e+00  -1.960672332485282e-03  -1.830454234234908e-03  -1.302180982503743e-04
2.110000000000001e+00  -2.272358461093029e-03  -2.026257195841671e-03  -2.461012652513581e-04
2.120000000000001e+00  -2.563562139927652e-03  -2.206222960474655e-03  -3.573391794529975e-04
2.130000000000001e+00  -2.834229824199677e-03  -2.370510891792036e-03  -4.637189324076408e-04
2.140000000000001e+00  -3.084372685360921e-03  -2.519323349925354e-03  -5.650493354355667e-04
2.150000000000001e+00  -3.314063988137259e-03  -2.652903143149388e-03  -6.611608449878710e-04
2.160000000000001e+00  -3.523436381622719e-03  -2.771530962090899e-03  -7.519054195318201e-04
2.170000000000001e+00  -3.712679115968414e-03  -2.875522805307337e-03  -8.371563106610762e-04
2.180000000000001e+00  -3.882035196001422e-03  -2.965227404728726e-03  -9.168077912726962e-04
2.190000000000001e+00  -4.031798482879211e-03  -3.041023659102241e-03  -9.907748237769701e-04
2.200000000000001e+00  -4.162310754632453e-03  -3.103318083215665e-03  -1.058992671416788e-03
2.210000000000001e+00  -4.273958736170212e-03  -3.152542280302254e-03  -1.121416455867958e-03
2.220000000000001e+00  -4.367171109020815e-03  -3.189150444647950e-03  -1.178020664372866e-03
2.230000000000001e+00  -4.442415510760083e-03  -3.213616901032640e-03  -1.228798609727442e-03
2.240000000000001e+00  -4.500195533737015e-03  -3.226433687244617e-03  -1.273761846492398e-03
2.250000000000001e+00  -4.541047732349422e-03  -3.228108185508833e-03  -1.312939546840588e-03
2.260000000000001e+00  -4.565538647747259e-03  -3.219160808270834e-03  -1.346377839476425e-03
2.270000000000001e+00  -4.574261858453501e-03  -3.200122743376936e-03  -1.374139115076565e-03
2.280000000000001e+00  -4.567835064991971e-03  -3.171533763291356e-03  -1.396301301700615e-03
2.290000000000001e+00  -4.546897216200575e-03  -3.133940102592301e-03  -1.412957113608275e-03
2.300000000000001e+00  -4.512105684488633e-03  -3.087892407592973e-03  -1.424213276895660e-03
2.310000000000001e+00  -4.464133496869378e-03  -3.033943761542235e-03  -1.430189735327144e-03
2.320000000000001e+00  -4.403666628166597e-03  -2.972647788472194e-03  -1.431018839694403e-03
2.330000000000001e+00  -4.331401362356655e-03  -2.904556838380318e-03  -1.426844523976336e-03
2.340000000000001e+00  -4.248041727568457e-03  -2.830220256059582e-03  -1.417821471508875e-03
2.350000000000001e+00  -4.154297009822596e-03  -2.750182735524775e-03  -1.404114274297822e-03
2.360000000000001e+00  -4.050879350151446e-03  -2.664982761626895e-03  -1.385896588524552e-03
2.370000000000001e+00  -3.938501429302976e-03  -2.575151140100386e-03  -1.363350289202591e-03
2.380000000000001e+00  -3.817874243795902e-03  -2.481209616951252e-03  -1.336664626844650e-03
2.390000000000001e+00  -3.689704976662948e-03  -2.383669587769209e-03  -1.306035388893738e-03
2.400000000000001e+00  -3.554694965793240e-03  -2.283030897232489e-03  -1.271664068560750e-03
2.410000000000001e+00  -3.413537772366360e-03  -2.179780728772845e-03  -1.233757043593514e-03
2.420000000000001e+00  -3.266917351459694e-03  -2.074392584079089e-03  -1.192524767380605e-03
2.430000000000001e+00  -3.115506326508541e-03  -1.967325351841624e-03  -1.148180974666917e-03
2.440000000000001e+00  -2.959964368906501e-03  -1.859022464878129e-03  -1.100941904028372e-03
2.450000000000001e+00  -2.800936683651817e-03  -1.749911144531785e-03  -1.051025539120032e-03
2.460000000000001e+00  -2.639052601575674e-03  -1.640401730998720e-03  -9.986508705769549e-04
2.470000000000001e+00  -2.474924278330749e-03  -1.530887098021150e-03  -9.440371803095982e-04
2.480000000000001e+00  -2.309145499973447e-03  -1.421742150175859e-03  -8.874033497975877e-04
2.490000000000001e+00  -2.142290594642699e-03  -1.313323400796898e-03  -8.289671938458009e-04
2.500000000000001e+00  -1.974913449520897e-03  -1.205968628392790e-03  -7.689448211281066e-04
2.510000000000001e+00  -1.807546631960689e-03  -1.099996609256739e-03  -7.075500227039504e-04
2.520000000000001e+00  -1.640700613374458e-03  -9.957069238189713e-04  -6.449936895554865e-04
2.530000000000001e+00  -1.474863094211306e-03  -8.933798341563130e-04  -5.814832600549930e-04
2.540000000000001e+00  -1.310498428091408e-03  -7.932762299538134e-04  -5.172221981375949e-04
2.550000000000001e+00  -1.148047142926905e-03  -6.956376401067312e-04  -4.524095028201740e-04
2.560000000000001e+00  -9.879255566360076e-04  -6.006863070586084e-04  -3.872392495773993e-04
2.570000000000001e+00  -8.305254848488169e-04  -5.086253208918211e-04  -3.219001639569958e-04
2.580000000000001e+00  -6.762140378132852e-04  -4.196388101207818e-04  -2.565752276925034e-04
2.590000000000001e+00  -5.253335035349078e-04  -3.338921860845822e-04  -1.914413174503256e-04
2.600000000000001e+00  -3.782013140253345e-04  -2.515324377946323e-04  -1.266688762307023e-04
2.610000000000001e+00  -2.351100913940528e-04  -1.726884740644741e-04  -6.242161732957871e-05
2.620000000000001e+00  -9.632777039015210e-05  -9.747150973060000e-05  1.143739340447899e-06
2.630000000000001e+00  3.790220610749842e-05  -2.597549276807594e-05  6.387769887557437e-05
2.640000000000001e+00  1.673606222488268e-04  4.172243089158642e-05  1.256381913572403e-04
2.650000000000001e+00  2.918521586953252e-04  1.055614180174535e-04  1.862907406778716e-04
2.660000000000001e+00  4.112050001669040e-04  1.654963973638362e-04  2.457086028030679e-04
2.670000000000001e+00  5.252703848419195e-04  2.214975107012257e-04  3.037728741406938e-04
2.680000000000001e+00  6.339220994348912e-04  2.735495286695701e-04  3.603725707653211e-04
2.690000000000001e+00  7.370559237973349e-04  3.216512444786964e-04  4.154046793186385e-04
2.700000000000001e+00  8.345890288957084e-04  3.658148484221123e-04  4.687741804735961e-04
2.710000000000001e+00  9.264593320150788e-04  4.060652861041760e-04  5.203940459109028e-04
2.720000000000001e+00  1.012624813020391e-03  4.424396032079472e-04  5.701852098124435e-04
2.730000000000001e+00  1.093062795477815e-03  4.749862795521162e-04  6.180765159256988e-04
2.740000000000001e+00  1.167769196398696e-03  5.037645551007158e-04  6.640046412979800e-04
2.750000000000001e+00  1.236757748317496e-03  5.288437504994754e-04  7.079139978180203e-04
2.760000000000001e+00  1.300059197354241e-03  5.503025846185399e-04  7.497566127357012e-04
2.770000000000001e+00  1.357720480841067e-03  5.682284914823928e-04  7.894919893586740e-04
2.780000000000001e+00  1.409803888013513e-03  5.827169388660353e-04  8.270869491474782e-04
2.790000000000001e+00  1.456386207178960e-03  5.938707507308453e-04  8.625154564481146e-04
2.800000000000001e+00  1.497557862679486e-03  6.017994355661174e-04  8.957584271133684e-04
2.810000000000001e+00  1.533422044863727e-03  6.066185225916454e-04  9.268035222720815e-04
2.820000000000001e+00  1.564093836173484e-03  6.084489076654176e-04  9.556449285080667e-04
2.830000000000001e+00  1.589699336335985e-03  6.074162106272120e-04  9.822831257087728e-04
2.840000000000001e+00  1.610374789532684e-03  6.036501456949971e-04  1.006724643837687e-03
2.850000000000001e+00  1.626265716290946e-03  5.972839064168895e-04  1.028981809874056e-03
2.860000000000001e+00  1.637526052716214e-03  5.884535665669886e-04  1.049072486149225e-03
2.870000000000001e+00  1.644317299550282e-03  5.772974982595208e-04  1.067019801290761e-03
2.880000000000001e+00  1.646807683406258e-03  5.639558084424636e-04  1.082851874963795e-03
2.890000000000001e+00  1.645171332393723e-03  5.485697948197555e-04  1.096601537573967e-03
2.900000000000001e+00  1.639587468208452e-03  5.312814221404287e-04  1.108306046068023e-03
2.910000000000001e+00  1.630239616620955e-03  5.122328196839317e-04  1.118006796937023e-03
2.920000000000001e+00  1.617314838157264e-03  4.915658006639279e-04  1.125749037493336e-03
2.930000000000001e+00  1.601002980624300e-03  4.694214041681958e-04  1.131581576456105e-03
2.940000000000001e+00  1.581495954991052e-03  4.459394601499157e-04  1.135556494841136e-03
2.950000000000001e+00  1.558987035997410e-03  4.212581778862264e-04  1.137728858111184e-03
2.960000000000001e+00  1.533670188722709e-03  3.955137582234859e-04  1.138156430499223e-03
2.970000000000001e+00  1.505739422209770e-03  3.688400298353881e-04  1.136899392374382e-03
2.980000000000001e+00  1.475388171103807e-03  3.413681096299849e-04  1.134020061473822e-03
2.990000000000001e+00  1.442808706133841e-03  3.132260873553897e-04  1.129582618778451e-03
3.000000000000001e+00  1.408191574132941e-03  2.845387343709892e-04  1.123652839761952e-03
3.010000000000001e+00  1.371725068167320e-03  2.554272364720260e-04  1.116297831695294e-03
3.020000000000001e+00  1.333594728219857e-03  2.260089505799833e-04  1.107585777639874e-03
3.030000000000001e+00  1.293982872753946e-03  1.963971850403583e-04  1.097585687713588e-03
3.040000000000001e+00  1.253068161366914e-03  1.667010032017488e-04  1.086367158165165e-03
3.050000000000001e+00  1.211025188630165e-03  1.370250498871762e-04  1.074000138742989e-03
3.060000000000001e+00  1.168024109105525e-03  1.074694003096274e-04  1.060554708795897e-03
3.070000000000001e+00  1.124230293423774e-03  7.812943092846117e-05  1.046100862495312e-03
3.080000000000001e+00  1.079804015212643e-03  4.909571169283587e-05  1.030708303519807e-03
3.090000000000001e+00  1.034900168568098e-03  2.045391907147624e-05  1.014446249496622e-03
3.100000000000001e+00  9.896680156732940e-04  -7.715230774732352e-06  9.973832464480264e-04
3.110000000000001e+00  9.442509640864473e-04  -3.533602935908283e-05  9.795869934455300e-04
3.120000000000001e+00  8.987863731395139e-04  -6.233780449103626e-05  9.611241776305502e-04
3.130000000000001e+00  8.534053888165384e-04  -8.865493090086572e-05  9.420603197174041e-04
3.140000000000001e+00  8.082328064118855e-04  -1.142268236410099e-04  9.224596300528954e-04
3.150000000000001e+00  7.633869602057666e-04  -1.389979150609323e-04  9.023848752666989e-04
3.160000000000001e+00  7.189796393363373e-04  -1.629176161717990e-04  8.818972555081363e-04
3.170000000000001e+00  6.751160289953349e-04  -1.859402632326079e-04  8.610562922279428e-04
3.180000000000001e+00  6.318946760263895e-04  -2.080250504019136e-04  8.399197264283031e-04
3.190000000000001e+00  5.894074779631571e-04  -2.291359493078212e-04  8.185434272709784e-04
3.200000000000001e+00  5.477396945068770e-04  -2.492416163945027e-04  7.969813109013797e-04
3.210000000000001e+00  5.069699804107384e-04  -2.683152889059041e-04  7.752852693166425e-04
3.220000000000001e+00  4.671704387110500e-04  -2.863346703665996e-04  7.535051090776497e-04
3.230000000000001e+00  4.284066932224351e-04  -3.032818064162340e-04  7.316884996386691e-04
3.240000000000001e+00  3.907379791962332e-04  -3.191429518478476e-04  7.098809310440808e-04
3.250000000000001e+00  3.542172510279493e-04  -3.339084296914399e-04  6.881256807193892e-04
3.260000000000001e+00  3.188913058901564e-04  -3.475724831728079e-04  6.664637890629643e-04
3.270000000000001e+00  2.848009221626333e-04  -3.601331213643516e-04  6.449340435269850e-04
3.280000000000001e+00  2.519810115303846e-04  -3.715919593284675e-04  6.235729708588521e-04
3.290000000000001e+00  2.204607836234353e-04  -3.819540535367680e-04  6.024148371602033e-04
3.300000000000001e+00  1.902639220788112e-04  -3.912277333284920e-04  5.814916554073031e-04
3.310000000000001e+00  1.614087709156528e-04  -3.994244291504772e-04  5.608332000661300e-04
3.320000000000001e+00  1.339085301278165e-04  -4.065584982979741e-04  5.404670284257906e-04
3.330000000000001e+00  1.077714594152423e-04  -4.126470488515363e-04  5.204185082667786e-04
3.340000000000001e+00  8.300108899513101e-05  -4.177097624796669e-04  5.007108514747979e-04
3.350000000000001e+00  5.959643645653038e-05  -4.217687167502925e-04  4.813651532068229e-04
3.360000000000001e+00  3.755222864704536e-05  -4.248482075665240e-04  4.624004362135694e-04
3.370000000000001e+00  1.685912760794699e-05  -4.269745723138308e-04  4.438336999217778e-04
3.380000000000001e+00  -2.496040396236306e-06  -4.281760142765815e-04  4.256799738803452e-04
3.390000000000001e+00  -2.053005367603459e-05  -4.284824288521457e-04  4.079523751761111e-04
3.400000000000001e+00  -3.726306263187836e-05  -4.279252320607998e-04  3.906621694289214e-04
3.410000000000001e+00  -5.271835683905657e-05  -4.265371918189779e-04  3.738188349799214e-04
3.420000000000001e+00  -6.692213251990969e-05  -4.243522624130073e-04  3.574301298930976e-04
3.430000000000001e+00  -7.990326118237839e-05  -4.214054225794359e-04  3.415021613970575e-04
3.440000000000001e+00  -9.169306016528805e-05  -4.177325175676435e-04  3.260394574023554e-04
3.450000000000001e+00  -1.023250657911501e-04  -4.133701055295228e-04  3.110450397383728e-04
3.460000000000001e+00  -1.118348097865416e-04  -4.083553085508344e-04  2.965204987642929e-04
3.470000000000001e+00  -1.202595995895708e-04  -4.027256686087062e-04  2.824660690191353e-04
3.480000000000001e+00  -1.276383031223401e-04  -3.965190087100581e-04  2.688807055877180e-04
3.490000000000001e+00  -1.340111385649311e-04  -3.897732994366315e-04  2.557621608717005e-04
3.500000000000001e+00  -1.394194696260123e-04  -3.825265310936039e-04  2.431070614675916e-04
3.510000000000001e+00  -1.439056067635198e-04  -3.748165916309636e-04  2.309109848674437e-04
3.520000000000001e+00  -1.475126147678110e-04  -3.666811504792767e-04  2.191685357114657e-04
3.530000000000001e+00  -1.502841270788656e-04  -3.581575484153705e-04  2.078734213365048e-04
3.540000000000001e+00  -1.522641671686307e-04  -3.492826935473651e-04  1.970185263787344e-04
3.550000000000001e+00  -1.534969772802883e-04  -3.400929634841089e-04  1.865959862038206e-04
3.560000000000001e+00  -1.540268547766223e-04  -3.306241137297377e-04  1.765972589531153e-04
3.570000000000001e+00  -1.538979963122968e-04  -3.209111923216538e-04  1.670131960093570e-04
3.580000000000001e+00  -1.531543500070218e-04  -3.109884607078209e-04  1.578341107007991e-04
3.590000000000001e+00  -1.518394757607883e-04  -3.008893208387218e-04  1.490498450779336e-04
3.600000000000001e+00  -1.499964138172060e-04  -2.906462484292826e-04  1.406498346120766e-04
3.610000000000001e+00  -1.476675616470301e-04  -2.802907323272954e-04  1.326231706802652e-04
3.620000000000001e+00  -1.448945591914630e-04  -2.698532199072718e-04  1.249586607158088e-04
3.630000000000001e+00  -1.417181824734551e-04  -2.593630683918716e-04  1.176448859184165e-04
3.640000000000001e+00  -1.381782455552426e-04  -2.488485019877842e-04  1.106702564325415e-04
3.650000000000001e+00  -1.343135107920054e-04  -2.383365747082795e-04  1.040230639162741e-04
3.660000000000001e+00  -1.301616073041381e-04  -2.278531387415137e-04  9.769153143737562e-05
3.670000000000001e+00  -1.257589575654929e-04  -2.174228182114880e-04  9.166386064599508e-05
3.680000000000001e+00  -1.211407119803692e-04  -2.070689881672634e-04  8.592827618689411e-05
3.690000000000001e+00  -1.163406912999146e-04  -1.968137586262635e-04  8.047306732634894e-05
3.700000000000001e+00  -1.113913367072641e-04  -1.866779634883156e-04  7.528662678105150e-05
3.710000000000001e+00  -1.063236673815368e-04  -1.766811541292181e-04  7.035748674768134e-05
3.720000000000001e+00  -1.011672453327310e-04  -1.668415974758085e-04  6.567435214307752e-05
3.730000000000001e+00  -9.595014728325624e-05  -1.571762783584655e-04  6.122613107520929e-05
3.740000000000001e+00  -9.069894335711237e-05  -1.477009059321323e-04  5.700196257501993e-05
3.750000000000001e+00  -8.543868232420083e-05  -1.384299239529558e-04  5.299124162875495e-05
3.760000000000001e+00  -8.019288313574324e-05  -1.293765246945792e-04  4.918364155883600e-05
3.770000000000001e+00  -7.498353247619101e-05  -1.205526662858874e-04  4.556913380969641e-05
3.780000000000001e+00  -6.983108804837773e-05  -1.119690932507483e-04  4.213800520237062e-05
3.790000000000001e+00  -6.475448730101723e-05  -1.036353600297284e-04  3.888087272871118e-05
3.800000000000001e+00  -5.977116130172846e-05  -9.555985726404916e-05  3.578869596232070e-05
3.810000000000001e+00  -5.489705345397959e-05  -8.774984062302397e-05  3.285278716904437e-05
3.820000000000001e+00  -5.014664275293751e-05  -8.021146195793830e-05  3.006481920500079e-05
3.830000000000001e+00  -4.553297127303049e-05  -7.294980256776437e-05  2.741683129473388e-05
3.840000000000001e+00  -4.106767557906955e-05  -6.596890836497524e-05  2.490123278590569e-05
3.850000000000001e+00  -3.676102175301539e-05  -5.927182673343928e-05  2.251080498042389e-05
3.860000000000001e+00  -3.262194372974202e-05  -5.286064487445296e-05  2.023870114471094e-05
3.870000000000001e+00  -2.865808463747837e-05  -4.673652944153042e-05  1.807844480405205e-05
3.880000000000001e+00  -2.487584084203799e-05  -4.089976726987891e-05  1.602392642784092e-05
3.890000000000001e+00  -2.128040839819003e-05  -3.534980701174454e-05  1.406939861355450e-05
3.900000000000001e+00  -1.787583161669257e-05  -3.008530149502244e-05  1.220946987832986e-05
3.910000000000001e+00  -1.466505346154993e-05  -2.510415062849183e-05  1.043909716694189e-05
3.920000000000001e+00  -1.164996749879014e-05  -2.040354468392259e-05  8.753577185132453e-06
3.930000000000001e+00  -8.831471125528960e-06  -1.598000779189002e-05  7.148536666361063e-06
3.940000000000001e+00  -6.209519816292813e-06  -1.182944149536245e-05  5.619921679069635e-06
3.950000000000001e+00  -3.783182132127447e-06  -7.947168212411907e-06  4.163986080284461e-06
3.960000000000001e+00  -1.550695247444069e-06  -4.327974466766648e-06  2.777279219322580e-06
3.970000000000001e+00  4.904792408265083e-07  -9.661537526238935e-07  1.456632993450402e-06
3.980000000000001e+00  2.343599447060777e-06  2.144451092298712e-06  1.991483547620647e-07
3.990000000000001e+00  4.012587488463963e-06  5.010406123612769e-06  -9.978186351488058e-07
4.000000000000001e+00  5.501974138279021e-06  7.638645247465141e-06  -2.136671109186120e-06
4.010000000000001e+00  6.816844033505196e-06  1.003643000068646e-05  -3.219585967181266e-06
4.020000000000001e+00  7.962781618826624e-06  1.221131024878743e-05  -4.248528629960810e-06
4.030000000000001e+00  8.945817996794303e-06  1.417108588877058e-05  -5.225267891976279e-06
4.040000000000001e+00  9.772378843092922e-06  1.592376963634533e-05  -6.151390793252404e-06
4.050000000000001e+00  1.044923353380475e-05  1.747755096931868e-05  -7.028317435513933e-06
4.060000000000001e+00  1.098344562027617e-05  1.884076129160496e-05  -7.857315671328793e-06
4.070000000000001e+00  1.138232477540322e-05  2.002184037495520e-05  -8.639515599551974e-06
4.080000000000001e+00  1.165338032385196e-05  2.102930412832709e-05  -9.375923804475128e-06
4.090000000000001e+00  1.180427645718047e-05  2.187171373784891e-05  -1.006743728066844e-05
4.100000000000001e+00  1.184278922371472e-05  2.255764621351057e-05  -1.071485698979585e-05
4.110000000000001e+00  1.177676537194581e-05  2.309566637213566e-05  -1.131890100018985e-05
4.120000000000001e+00  1.161408311536111e-05  2.349430027978767e-05  -1.188021716442656e-05
4.130000000000001e+00  1.136261487608137e-05  2.376201017064661e-05  -1.239939529456523e-05
4.140000000000001e+00  1.103019205432198e-05  2.390717085343042e-05  -1.287697879910844e-05
4.150000000000001e+00  1.062457186072362e-05  2.393804761083903e-05  -1.331347575011541e-05
4.160000000000001e+00  1.015340623888262e-05  2.386277559203693e-05  -1.370936935315432e-05
4.170000000000001e+00  9.624212896074799e-06  2.368934069305414e-05  -1.406512779697934e-05
4.180000000000001e+00  9.044348451236381e-06  2.342556191520880e-05  -1.438121346397242e-05
4.190000000000001e+00  8.420983700575057e-06  2.307907518684972e-05  -1.465809148627466e-05
4.200000000000001e+00  7.761080993088634e-06  2.265731862966428e-05  -1.489623763657564e-05
4.210000000000001e+00  7.071373700419388e-06  2.216751924647479e-05  -1.509614554605540e-05
4.220000000000001e+00  6.358347758111454e-06  2.161668100394024e-05  -1.525833324582879e-05
4.230000000000001e+00  5.628225248425343e-06  2.101157427983939e-05  -1.538334903141405e-05
4.240000000000001e+00  4.886949988302117e-06  2.035872664163838e-05  -1.547177665333627e-05
4.250000000000001e+00  4.140175080093324e-06  1.966441491992725e-05  -1.552423983983393e-05
4.260000000000001e+00  3.393252376944948e-06  1.893465853774487e-05  -1.554140616079992e-05
4.270000000000001e+00  2.651223809609093e-06  1.817521405436139e-05  -1.552399024475230e-05
4.280000000000001e+00  1.918814516747496e-06  1.739157088004386e-05  -1.547275636329636e-05
4.290000000000001e+00  1.200427716389981e-06  1.658894811630314e-05  -1.538852039991316e-05
4.300000000000001e+00  5.001412524759039e-07  1.577229247465769e-05  -1.527215122218179e-05
4.310000000000001e+00  -1.782942531047639e-07  1.494627722550173e-05  -1.512457147860650e-05
4.320000000000001e+00  -8.314557154993036e-07  1.411530212747609e-05  -1.494675784297540e-05
4.330000000000001e+00  -1.456246444087423e-06  1.328349428697423e-05  -1.473974073106165e-05
4.340000000000001e+00  -2.049893619113736e-06  1.245470989654628e-05  -1.450460351566002e-05
4.350000000000001e+00  -2.609944466934504e-06  1.163253680070936e-05  -1.424248126764386e-05
4.360000000000001e+00  -3.134261214264992e-06  1.082029783718934e-05  -1.395455905145433e-05
4.370000000000001e+00  -3.621014902958567e-06  1.002105490170500e-05  -1.364206980466357e-05
4.380000000000001e+00  -4.068678147436399e-06  9.237613684492913e-06  -1.330629183192931e-05
4.390000000000001e+00  -4.476016917200928e-06  8.472529026994042e-06  -1.294854594419497e-05
4.400000000000001e+00  -4.842081426833262e-06  7.728110847701052e-06  -1.257019227453431e-05
4.410000000000001e+00  -5.166196215534676e-06  7.006430586665017e-06  -1.217262680219969e-05
4.420000000000001e+00  -5.447949497636159e-06  6.309328119031809e-06  -1.175727761666797e-05
4.430000000000001e+00  -5.687181864480616e-06  5.638419088842547e-06  -1.132560095332316e-05
4.440000000000001e+00  -5.883974417005001e-06  4.995102615308959e-06  -1.087907703231396e-05
4.450000000000001e+00  -6.038636406754674e-06  4.380569325044658e-06  -1.041920573179933e-05
4.460000000000001e+00  -6.151692461480155e-06  3.795809664876670e-06  -9.947502126356826e-06
4.470000000000001e+00  -6.223869469423056e-06  3.241622451273822e-06  -9.465491920696878e-06
4.480000000000001e+00  -6.256083194423881e-06  2.718623613869631e-06  -8.974706808293513e-06
4.490000000000001e+00  -6.249424691535259e-06  2.227255092047020e-06  -8.476679783582281e-06
4.500000000000001e+00  -6.205146590483286e-06  1.767793845171601e-06  -7.972940435654887e-06
4.510000000000001e+00  -6.124649311563223e-06  1.340360938700677e-06  -7.465010250263900e-06
4.520000000000001e+00  -6.009467275936002e-06  9.449306700721944e-07  -6.954397946008196e-06
4.530000000000001e+00  -5.861255169298608e-06  5.813397000726454e-07  -6.442594869371254e-06
4.540000000000001e+00  -5.681774315020073e-06  2.492961570739551e-07  -5.931070472094029e-06
4.550000000000001e+00  -5.472879209679097e-06  -5.161131655168418e-08  -5.421267893127413e-06
4.560000000000001e+00  -5.236504270923441e-06  -3.219046048605407e-07  -4.914599666062900e-06
4.570000000000001e+00  -4.974650844292489e-06  -5.622072726475414e-07  -4.412443571644948e-06
4.580000000000001e+00  -4.689374512451592e-06  -7.732358589651543e-07  -3.916138653486438e-06
4.590000000000001e+00  -4.382772747055684e-06  -9.557913332740139e-07  -3.426981413781670e-06
4.600000000000001e+00  -4.056972940190753e-06  -1.110750735875916e-06  -2.946222204314837e-06
4.610000000000001e+00  -3.714120849071655e-06  -1.239059022453273e-06  -2.475061826618382e-06
4.620000000000001e+00  -3.356369484430603e-06  -1.341721130737121e-06  -2.014648353693482e-06
4.630000000000001e+00  -2.985868469828263e-06  -1.419794285641013e-06  -1.566074184187250e-06
4.640000000000001e+00  -2.604753895938949e-06  -1.474380557401796e-06  -1.130373338537153e-06
4.650000000000001e+00  -2.215138690693397e-06  -1.506619685620379e-06  -7.085190050730171e-07
4.660000000000001e+00  -1.819103523152296e-06  -1.517682180450094e-06  -3.014213427022021e-07
4.670000000000001e+00  -1.418688255878232e-06  -1.508762710567522e-06  9.007445468928986e-08
4.680000000000001e+00  -1.015883957785492e-06  -1.481073786035339e-06  4.651898282498469e-07
4.690000000000001e+00  -6.126254864184475e-07  -1.435839742619842e-06  8.232142562013945e-07
4.700000000000001e+00  -2.107846460431042e-07  -1.374291032746030e-06  1.163506386702926e-06
4.710000000000001e+00  1.878360748821768e-07  -1.297658826824874e-06  1.485494901707050e-06
4.720000000000001e+00  5.815091857310977e-07  -1.207169927391440e-06  1.788679113122538e-06
4.730000000000001e+00  9.685872966127576e-07  -1.104041997223877e-06  2.072629293836634e-06
4.740000000000001e+00  1.347507645844447e-06  -9.894791013880676e-07  2.336986747232514e-06
4.750000000000001e+00  1.716796057884893e-06  -8.646675620430586e-07  2.581463619927951e-06
4.760000000000001e+00  2.075070339726946e-06  -7.307721237073418e-07  2.805842463434287e-06
4.770000000000001e+00  2.421043125706518e-06  -5.889324257586014e-07  3.009975551465119e-06
4.780000000000001e+00  2.753524182524454e-06  -4.402597779126057e-07  3.193783960437059e-06
4.790000000000001e+00  3.071422187988301e-06  -2.858342335897435e-07  3.357256421578045e-06
4.800000000000001e+00  3.373745998537451e-06  -1.267019552410724e-07  3.500447953778524e-06
4.810000000000001e+00  3.659605422134622e-06  3.612713502065016e-08  3.623478287113971e-06
4.820000000000001e+00  3.928211514312180e-06  2.016814268468535e-07  3.726530087465326e-06
4.830000000000001e+00  4.178876416499002e-06  3.690294231355794e-07  3.809846993363423e-06
4.840000000000001e+00  4.411012756657150e-06  5.372812800671821e-07  3.873731476589968e-06
4.850000000000001e+00  4.624132633343569e-06  7.055900947750417e-07  3.918542538568527e-06
4.860000000000001e+00  4.817846205003159e-06  8.731529501019495e-07  3.944693254901210e-06
4.870000000000001e+00  4.991859907054927e-06  1.039211726300182e-06  3.952648180754745e-06
4.880000000000001e+00  5.145974319889456e-06  1.203053689872632e-06  3.942920630016824e-06
4.890000000000001e+00  5.280081711307709e-06  1.364011869975572e-06  3.916069841332138e-06
4.900000000000001e+00  5.394163277337417e-06  1.521465233077067e-06  3.872698044260349e-06
4.910000000000001e+00  5.488286105503531e-06  1.674838666662789e-06  3.813447438840742e-06
4.920000000000001e+00  5.562599884828119e-06  1.823602782968832e-06  3.738997101859286e-06
4.930000000000001e+00  5.617333386789184e-06  1.967273553708271e-06  3.650059833080913e-06
4.940000000000001e+00  5.652790741437758e-06  2.105411786859008e-06  3.547378954578750e-06
4.950000000000001e+00  5.669347532622329e-06  2.237622456485200e-06  3.431725076137129e-06
4.960000000000001e+00  5.667446736156568e-06  2.363553896609501e-06  3.303892839547067e-06
4.970000000000001e+00  5.647594524174269e-06  2.482896869884367e-06  3.164697654289903e-06
4.980000000000001e+00  5.610355958760877e-06  2.595383521893744e-06  3.014972436867133e-06
4.990000000000001e+00  5.556350597247440e-06  2.700786231557154e-06  2.855564365690285e-06
5.000000000000001e+00  5.486248031079904e-06  2.798916368039939e-06  2.687331663039966e-06
5.010000000000001e+00  5.400763379533821e-06  2.889622964278982e-06  2.511140415254838e-06
5.020000000000001e+00  5.300652758775946e-06  2.972791316986025e-06  2.327861441789920e-06
5.030000000000001e+00  5.186708746195499e-06  3.048341522804703e-06  2.138367223390795e-06
5.040000000000001e+00  5.059755858931176e-06  3.116226959830552e-06  1.943528899100624e-06
5.050000000000001e+00  4.920646064838457e-06  3.176432723561635e-06  1.744213341276822e-06
5.060000000000001e+00  4.770254343201531e-06  3.228974025921961e-06  1.541280317279570e-06
5.070000000000001e+00  4.609474311584848e-06  3.273894565649950e-06  1.335579745934899e-06
5.080000000000001e+00  4.439213934320896e-06  3.311264878033884e-06  1.127949056287013e-06
5.090000000000001e+00  4.260391327132712e-06  3.341180671575615e-06  9.192106555570972e-07
5.100000000000001e+00  4.073930671430558e-06  3.363761158766635e-06  7.101695126639226e-07
5.110000000000001e+00  3.880758250849357e-06  3.379147387836087e-06  5.016108630132702e-07
5.120000000000001e+00  3.681798621562556e-06  3.387500581866844e-06  2.942980396957114e-07
5.130000000000001e+00  3.477970926924089e-06  3.389000491338270e-06  8.897043558581976e-08
5.140000000000001e+00  3.270185365985272e-06  3.383843765741169e-06  -1.136583997558971e-07
5.150000000000001e+00  3.059339824422363e-06  3.372242349503694e-06  -3.129025250813306e-07
5.160000000000001e+00  2.846316675425903e-06  3.354421907092432e-06  -5.081052316665284e-07
5.170000000000001e+00  2.631979757110935e-06  3.330620281772183e-06  -6.986405246612481e-07
5.180000000000001e+00  2.417171532043586e-06  3.301085992075186e-06  -8.839144600315999e-07
5.190000000000001e+00  2.202710433520442e-06  3.266076769717816e-06  -1.063366336197374e-06
5.200000000000001e+00  1.989388402319904e-06  3.225858142282922e-06  -1.236469739963018e-06
5.210000000000001e+00  1.777968616699661e-06  3.180702063636186e-06  -1.402733446936524e-06
5.220000000000001e+00  1.569183417582944e-06  3.130885594686995e-06  -1.561702177104051e-06
5.230000000000001e+00  1.363732429975087e-06  3.076689636776973e-06  -1.712957206801886e-06
5.240000000000001e+00  1.162280880843484e-06  3.018397719601861e-06  -1.856116838758377e-06
5.250000000000001e+00  9.654581129128582e-07  2.956294845306727e-06  -1.990836732393868e-06
5.260000000000001e+00  7.738562930427258e-07  2.890666390019605e-06  -2.116810096976879e-06
5.270000000000001e+00  5.880293131565803e-07  2.821797063852300e-06  -2.233767750695720e-06
5.280000000000001e+00  4.084918809833166e-07  2.749969930049747e-06  -2.341478049066430e-06
5.290000000000001e+00  2.357187972416736e-07  2.675465483751802e-06  -2.439746686510128e-06
5.300000000000001e+00  7.014441527782878e-08  2.598560790534705e-06  -2.528416375256877e-06
5.310000000000001e+00  -8.783772140595699e-08  2.519528684660540e-06  -2.607366406066497e-06
5.320000000000001e+00  -2.378750688026772e-07  2.438637026754953e-06  -2.676512095557631e-06
5.330000000000001e+00  -3.796561048255413e-07  2.356148020388261e-06  -2.735804125213802e-06
5.340000000000001e+00  -5.129101905020707e-07  2.272317586847737e-06  -2.785227777349808e-06
5.350000000000001e+00  -6.374072763850365e-07  2.187394797190746e-06  -2.824802073575782e-06
5.360000000000001e+00  -7.529574609619213e-07  2.101621360524663e-06  -2.854578821486584e-06
5.370000000000001e+00  -8.594104081690242e-07  2.015231167242809e-06  -2.874641575411833e-06
5.380000000000001e+00  -9.566546314185683e-07  1.928449885866237e-06  -2.885104517284805e-06
5.390000000000001e+00  -1.044616651771789e-06  1.841494611965183e-06  -2.886111263736971e-06
5.400000000000001e+00  -1.123260038103201e-06  1.754573567522732e-06  -2.877833605625933e-06
5.410000000000001e+00  -1.192584337269659e-06  1.667885849021431e-06  -2.860470186291091e-06
5.420000000000001e+00  -1.252623902397795e-06  1.581621222415203e-06  -2.834245124812998e-06
5.430000000000001e+00  -1.303446627562284e-06  1.495959963075029e-06  -2.799406590637313e-06
5.440000000000001e+00  -1.345152597072407e-06  1.411072738754079e-06  -2.756225335826486e-06
5.450000000000001e+00  -1.377872657739683e-06  1.327120533527877e-06  -2.704993191267560e-06
5.460000000000001e+00  -1.401766922357711e-06  1.244254610644101e-06  -2.646021533001812e-06
5.470000000000001e+00  -1.417023212684346e-06  1.162616512173760e-06  -2.579639724858107e-06
5.480000000000001e+00  -1.423855450078059e-06  1.082338093339069e-06  -2.506193543417128e-06
5.490000000000001e+00  -1.422502001847607e-06  1.003541589395199e-06  -2.426043591242806e-06
5.500000000000001e+00  -1.413223991305560e-06  9.263397128790530e-07  -2.339563704184613e-06
5.510000000000001e+00  -1.396303579239958e-06  8.508357791423833e-07  -2.247139358382341e-06
5.520000000000001e+00  -1.372042224471590e-06  7.771238580032755e-07  -2.149166082474865e-06
5.530000000000001e+00  -1.340758930859209e-06  7.052889494424034e-07  -2.046047880301613e-06
5.540000000000001e+00  -1.302788487971500e-06  6.354071812409076e-07  -1.938195669212407e-06
5.550000000000001e+00  -1.258479712287707e-06  5.675460265938995e-07  -1.826025738881607e-06
5.560000000000001e+00  -1.208193695732376e-06  5.017645395879240e-07  -1.709958235320300e-06
5.570000000000001e+00  -1.152302067817400e-06  4.381136067148514e-07  -1.590415674532251e-06
5.580000000000001e+00  -1.091185277582313e-06  3.766362124565173e-07  -1.467821490038830e-06
5.590000000000001e+00  -1.025230901139537e-06  3.173677171274373e-07  -1.342598618266975e-06
5.600000000000001e+00  -9.548319802891693e-07  2.603361451980150e-07  -1.215168125487184e-06
5.610000000000001e+00  -8.803853974271223e-07  2.055624823937016e-07  -1.085947879820824e-06
5.620000000000001e+00  -8.022902915664161e-07  1.530609799139245e-07  -9.553512714803407e-07
5.630000000000001e+00  -7.209465200049652e-07  1.028394642235975e-07  -8.237859842285628e-07
5.640000000000001e+00  -6.367531697998582e-07  5.489965089271952e-08  -6.916528206925778e-07
5.650000000000001e+00  -5.501071228999541e-07  9.237461093199196e-09  -5.593445839931534e-07
5.660000000000001e+00  -4.614016784132058e-07  -3.415666062151006e-08  -4.272450177916958e-07
5.670000000000001e+00  -3.710252351530167e-07  -7.529742850149895e-08  -2.957278066515177e-07
5.680000000000001e+00  -2.793600372799494e-07  -1.142043989479969e-07  -1.651556383319525e-07
5.690000000000001e+00  -1.867809854803312e-07  -1.509016561409331e-07  -3.587932933939808e-08
5.700000000000001e+00  -9.365451581998381e-08  -1.854175009634783e-07  9.176298514349445e-08
5.710000000000001e+00  -3.375480523788079e-10  -2.177841441979942e-07  2.174465961456154e-07
5.720000000000001e+00  9.282349514243893e-08  -2.480374048589473e-07  3.408609000013863e-07
5.730000000000001e+00  1.854935968593206e-07  -2.762164144738293e-07  4.617100113331499e-07
5.740000000000001e+00  2.773499817640198e-07  -3.023633280335774e-07  5.797133097975972e-07
5.750000000000001e+00  3.680828784719289e-07  -3.265230422808964e-07  6.946059207528253e-07
5.760000000000001e+00  4.573962082608619e-07  -3.487429218957037e-07  8.061391301565656e-07
5.770000000000001e+00  5.450082001824832e-07  -3.690725341224331e-07  9.140807343049162e-07
5.780000000000001e+00  6.306519328902262e-07  -3.875633922643862e-07  1.018215325154612e-06
5.790000000000001e+00  7.140758037714740e-07  -4.042687084334983e-07  1.118344512204972e-06
5.800000000000001e+00  7.950439262216646e-07  -4.192431558862824e-07  1.214287082107947e-06
5.810000000000001e+00  8.733364561340930e-07  -4.325426411833024e-07  1.305879097317395e-06
5.820000000000001e+00  9.487498489034559e-07  -4.442240863969854e-07  1.392973935300441e-06
5.830000000000001e+00  1.021097048450531e-06  -4.543452215055336e-07  1.475442269956065e-06
5.840000000000001e+00  1.090207609978584e-06  -4.629643870677582e-07  1.553171997046343e-06
5.850000000000001e+00  1.155927758352877e-06  -4.701403472341531e-07  1.626068105587030e-06
5.860000000000001e+00  1.218120384160021e-06  -4.759321130853186e-07  1.694052497245339e-06
5.870000000000001e+00  1.276664979667392e-06  -4.803987762702235e-07  1.757063755937615e-06
5.880000000000001e+00  1.331457517039275e-06  -4.835993528501009e-07  1.815056869889376e-06
5.890000000000001e+00  1.382410271305063e-06  -4.855926372364172e-07  1.868002908541480e-06
5.900000000000001e+00  1.429451590655389e-06  -4.864370660796613e-07  1.915888656735051e-06
5.910000000000001e+00  1.472525616804001e-06  -4.861905918998253e-07  1.958716208703826e-06
5.920000000000001e+00  1.511591958162002e-06  -4.849105662789663e-07  1.996502524440968e-06
5.930000000000001e+00  1.546625318717078e-06  -4.826536323580969e-07  2.029278951075175e-06
5.940000000000001e+00  1.577615085505653e-06  -4.794756263832390e-07  2.057090711888892e-06
5.950000000000001e+00  1.604564877665957e-06  -4.754314880248378e-07  2.079996365690795e-06
5.960000000000001e+00  1.627492060056199e-06  -4.705751791742510e-07  2.098067239230450e-06
5.970000000000001e+00  1.646427224458170e-06  -4.649596108985516e-07  2.111386835356722e-06
5.980000000000001e+00  1.661413641402761e-06  -4.586365782317549e-07  2.120050219634516e-06
5.990000000000001e+00  1.672506685630640e-06  -4.516567024815672e-07  2.124163388112207e-06
6.000000000000001e+00  1.679773238204477e-06  -4.440693806850296e-07  2.123842618889506e-06
6.010000000000001e+00  1.683291068268847e-06  -4.359227418869034e-07  2.119213810155751e-06
6.020000000000001e+00  1.683148197402209e-06  -4.272636098821231e-07  2.110411807284331e-06
6.030000000000001e+00  1.679442249472881e-06  -4.181374720586641e-07  2.097579721531545e-06
6.040000000000001e+00  1.672279788862330e-06  -4.085884540150005e-07  2.080868242877330e-06
6.050000000000001e+00  1.661775649846655e-06  -3.986592995595954e-07  2.060434949406250e-06
6.060000000000001e+00  1.648052259864151e-06  -3.883913557942842e-07  2.036443615658435e-06
6.070000000000001e+00  1.631238959319707e-06  -3.778245628880332e-07  2.009063522207740e-06
6.080000000000001e+00  1.611471320496110e-06  -3.669974482452738e-07  1.978468768741384e-06
6.090000000000001e+00  1.588890468037796e-06  -3.559471247104350e-07  1.944837592748231e-06
6.100000000000001e+00  1.563642403404553e-06  -3.447092925027487e-07  1.908351695907302e-06
6.110000000000001e+00  1.535877335563157e-06  -3.333182445644594e-07  1.869195580127617e-06
6.120000000000001e+00  1.505749020087151e-06  -3.218068750133250e-07  1.827555895100476e-06
6.130000000000001e+00  1.473414108751426e-06  -3.102066904292256e-07  1.783620799180652e-06
6.140000000000001e+00  1.439031511548532e-06  -2.985478236607864e-07  1.737579335209319e-06
6.150000000000001e+00  1.402761772978693e-06  -2.868590499261190e-07  1.689620822904812e-06
6.160000000000001e+00  1.364766464329643e-06  -2.751678049177077e-07  1.639934269247351e-06
6.170000000000001e+00  1.325207593534499e-06  -2.635002046959943e-07  1.588707798230494e-06
6.180000000000001e+00  1.284247034101981e-06  -2.518810671179487e-07  1.536128101219929e-06
6.190000000000001e+00  1.242045974455194e-06  -2.403339346154985e-07  1.482379909070693e-06
6.200000000000001e+00  1.198764388917697e-06  -2.288810981001976e-07  1.427645487017894e-06
6.210000000000001e+00  1.154560531457188e-06  -2.175436218084800e-07  1.372104153265668e-06
6.220000000000001e+00  1.109590453175628e-06  -2.063413689329700e-07  1.315931822108597e-06
6.230000000000001e+00  1.064007544397599e-06  -1.952930278491666e-07  1.259300572246766e-06
6.240000000000001e+00  1.017962102116631e-06  -1.844161388220632e-07  1.202378240938694e-06
6.250000000000001e+00  9.716009234243178e-07  -1.737271210249906e-07  1.145328044449308e-06
6.260000000000001e+00  9.250669254224507e-07  -1.632412997872958e-07  1.088308225209746e-06
6.270000000000001e+00  8.784987920312843e-07  -1.529729339211576e-07  1.031471725952442e-06
6.280000000000001e+00  8.320306479690276e-07  -1.429352430639941e-07  9.749658910330218e-07
6.290000000000001e+00  7.857917600898064e-07  -1.331404349300832e-07  9.189321950198895e-07
6.300000000000001e+00  7.399062661461397e-07  -1.235997324035958e-07  8.635059985497355e-07
6.310000000000001e+00  6.944929309585286e-07  -1.143234004113965e-07  8.088163313699252e-07
6.320000000000001e+00  6.496649298660453e-07  -1.053207725154549e-07  7.549857023815002e-07
6.330000000000001e+00  6.055296592385806e-07  -9.660027718125705e-08  7.021299364198376e-07
6.340000000000001e+00  5.621885737509560e-07  -8.816946369169204e-08  6.503580374426480e-07
6.350000000000001e+00  5.197370500301546e-07  -8.003502767298625e-08  5.997720777031409e-07
6.360000000000001e+00  4.782642762057748e-07  -7.220283620817656e-08  5.504671124139514e-07
6.370000000000001e+00  4.378531668102185e-07  -6.467795254779987e-08  5.025311193580184e-07
6.380000000000001e+00  3.985803024404905e-07  -5.746466037384486e-08  4.560449628143354e-07
6.390000000000001e+00  3.605158934732113e-07  -5.056648765210533e-08  4.110823811253167e-07
6.400000000000001e+00  3.237237671069464e-07  -4.398623005785391e-08  3.677099971648003e-07
6.410000000000001e+00  2.882613769412749e-07  -3.772597399051876e-08  3.259873509317937e-07
6.420000000000001e+00  2.541798342258128e-07  -3.178711918718076e-08  2.859669534129935e-07
6.430000000000001e+00  2.215239599103535e-07  -2.617040096383006e-08  2.476943608741836e-07
6.440000000000001e+00  1.903323565457354e-07  -2.087591207769114e-08  2.112082686234265e-07
6.450000000000001e+00  1.606374990668676e-07  -1.590312427148833e-08  1.765406233383560e-07
6.460000000000001e+00  1.324658434686281e-07  -1.125090948993596e-08  1.437167529585640e-07
6.470000000000001e+00  1.058379523318205e-07  -6.917560812342790e-09  1.127555131441633e-07
6.480000000000001e+00  8.076863615730546e-08  -2.900813128293886e-09  8.366944928559935e-08
6.490000000000001e+00  5.726710943772872e-08  8.021364283056168e-10  5.646497300942311e-08
6.500000000000001e+00  3.533716039427791e-08  4.194608238330733e-09  3.114255215594718e-08
6.510000000000001e+00  1.497733327907399e-08  7.280420151758830e-09  7.696913127315158e-09
6.520000000000001e+00  -3.818877851823460e-09  1.006386756725495e-08  -1.388274541907841e-08
6.530000000000001e+00  -2.106282496220190e-08  1.254970366476529e-08  -3.361252862696719e-08
6.540000000000001e+00  -3.677049258860347e-08  1.474311971461782e-08  -5.151361230322128e-08
6.550000000000001e+00  -5.096227616295650e-08  1.664972547932109e-08  -6.761200164227760e-08
6.560000000000001e+00  -6.366275320945912e-08  1.827552965887658e-08  -8.193828286833570e-08
6.570000000000001e+00  -7.490044844807997e-08  1.962692037897928e-08  -9.452736882705924e-08
6.580000000000001e+00  -8.470759386407714e-08  2.071064569440249e-08  -1.054182395584796e-07
6.590000000000001e+00  -9.311988474787468e-08  2.153379409439092e-08  -1.146536788422656e-07
6.600000000000001e+00  -1.001762327096031e-07  2.210377500905722e-08  -1.222800077186604e-07
6.610000000000001e+00  -1.059185166389269e-07  2.242829927366855e-08  -1.283468159125955e-07
6.620000000000001e+00  -1.103913325394375e-07  2.251535959627788e-08  -1.329066921357154e-07
6.630000000000001e+00  -1.136417431654178e-07  2.237321097197967e-08  -1.360149541373975e-07
6.640000000000001e+00  -1.157190283250410e-07  2.201035107665560e-08  -1.377293794016966e-07
6.650000000000001e+00  -1.166744366958825e-07  2.143550062530140e-08  -1.381099373211839e-07
6.660000000000001e+00  -1.165609399625466e-07  2.065758370425258e-08  -1.372185236667992e-07
6.670000000000001e+00  -1.154329900427455e-07  1.968570808302544e-08  -1.351186981257709e-07
6.680000000000001e+00  -1.133462801222785e-07  1.852914551551386e-08  -1.318754256377924e-07
6.690000000000001e+00  -1.103575102075886e-07  1.719731204214946e-08  -1.275548222497381e-07
6.700000000000001e+00  -1.065241578199910e-07  1.569974830700838e-08  -1.222239061269994e-07
6.710000000000001e+00  -1.019042544518606e-07  1.404609990643335e-08  -1.159503543582940e-07
6.720000000000001e+00  -9.655616834324594e-08  1.224609779112271e-08  -1.088022661343686e-07
6.730000000000001e+00  -9.053839409664630e-08  1.030953874095933e-08  -1.008479328376056e-07
6.740000000000001e+00  -8.390934960743013e-08  8.246265932214672e-09  -9.215561553964480e-08
6.750000000000001e+00  -7.672718074808885e-08  6.066149631141903e-09  -8.279333037923074e-08
6.760000000000001e+00  -6.904957418626606e-08  3.779068033359623e-09  -7.282864221962567e-08
6.770000000000001e+00  -6.093357869009411e-08  1.394888280160713e-09  -6.232846697025482e-08
6.780000000000001e+00  -5.243543522607021e-08  -1.076552320176196e-09  -5.135888290589401e-08
6.790000000000001e+00  -4.361041611075086e-08  -3.625464832236709e-09  -3.998495127851415e-08
6.800000000000001e+00  -3.451267343214121e-08  -6.242126967457592e-09  -2.827054646468362e-08
6.810000000000001e+00  -2.519509693093113e-08  -8.916901052505688e-09  -1.627819587842545e-08
6.820000000000001e+00  -1.570918147166463e-08  -1.164025166854500e-08  -4.068929803119621e-09
6.830000000000001e+00  -6.104904217749678e-09  -1.440276292196893e-08  8.297858704219257e-09
6.840000000000001e+00  3.569388437442347e-09  -1.719515531257657e-08  2.076454375001891e-08
6.850000000000001e+00  1.326708414839281e-08  -2.000830217010155e-08  3.327538631849436e-08
6.860000000000001e+00  2.294339810871380e-08  -2.283324562293255e-08  4.577664373164635e-08
6.870000000000001e+00  3.255545680644256e-08  -2.566121206772007e-08  5.821666887416262e-08
6.880000000000001e+00  4.206237210572194e-08  -2.848362710880135e-08  7.054599921452328e-08
6.890000000000001e+00  5.142530577076797e-08  -3.129212992943585e-08  8.271743570020382e-08
6.900000000000001e+00  6.060752455098517e-08  -3.407858707915532e-08  9.468611163014048e-08
6.910000000000001e+00  6.957444600484739e-08  -3.683510563234611e-08  1.064095516371935e-07
6.920000000000001e+00  7.829367523719580e-08  -3.955404569972908e-08  1.178477209369249e-07
6.930000000000001e+00  8.673503277005105e-08  -4.222803226353521e-08  1.289630650335862e-07
6.940000000000001e+00  9.487057377833567e-08  -4.484996631398994e-08  1.397205400923256e-07
6.950000000000001e+00  1.026745989489505e-07  -4.741303525790550e-08  1.500876342068560e-07
6.960000000000001e+00  1.101236572332402e-07  -4.991072259156077e-08  1.600343798248010e-07
6.970000000000001e+00  1.171965407964122e-07  -5.233681679687920e-08  1.695333575932914e-07
6.980000000000001e+00  1.238742724649217e-07  -5.468541946943931e-08  1.785596919343610e-07
6.990000000000001e+00  1.301400859973251e-07  -5.695095264368993e-08  1.870910386410151e-07
7.000000000000001e+00  1.359793995221297e-07  -5.912816530934609e-08  1.951075648314758e-07
7.010000000000001e+00  1.413797824763606e-07  -6.121213911203739e-08  2.025919215883980e-07
7.020000000000001e+00  1.463309164202591e-07  -6.319829322207990e-08  2.095292096423390e-07
7.030000000000001e+00  1.508245500761838e-07  -6.508238837344798e-08  2.159069384496318e-07
7.040000000000001e+00  1.548544489725238e-07  -6.686053006554055e-08  2.217149790380643e-07
7.050000000000001e+00  1.584163400689451e-07  -6.852917092246532e-08  2.269455109914104e-07
7.060000000000001e+00  1.615078517386494e-07  -7.008511221693134e-08  2.315929639555807e-07
7.070000000000001e+00  1.641284494789024e-07  -7.152550457316251e-08  2.356539540520649e-07
7.080000000000001e+00  1.662793677697240e-07  -7.284784781055825e-08  2.391272155802823e-07
7.090000000000001e+00  1.679635383993982e-07  -7.404999001030055e-08  2.420135284096987e-07
7.100000000000001e+00  1.691855156893566e-07  -7.513012573979683e-08  2.443156414291534e-07
7.110000000000001e+00  1.699513989711359e-07  -7.608679349886915e-08  2.460381924700050e-07
7.120000000000001e+00  1.702687526797904e-07  -7.691887237967732e-08  2.471876250594677e-07
7.130000000000001e+00  1.701465244418572e-07  -7.762557796474660e-08  2.477721024066038e-07
7.140000000000001e+00  1.695949615055090e-07  -7.820645748221681e-08  2.478014189877258e-07
7.150000000000001e+00  1.686255258633103e-07  -7.866138423811027e-08  2.472869101014206e-07
7.160000000000001e+00  1.672508084174832e-07  -7.899055134906043e-08  2.462413597665436e-07
7.170000000000001e+00  1.654844425046754e-07  -7.919446480069317e-08  2.446789073053686e-07
7.180000000000001e+00  1.633410171125605e-07  -7.927393586152218e-08  2.426149529740827e-07
7.190000000000001e+00  1.608359900955198e-07  -7.923007287363101e-08  2.400660629691508e-07
7.200000000000001e+00  1.579856016815437e-07  -7.906427245967027e-08  2.370498741412139e-07
7.210000000000001e+00  1.548067885665858e-07  -7.877821016637012e-08  2.335849987329559e-07
7.220000000000001e+00  1.513170988574960e-07  -7.837383058817516e-08  2.296909294456711e-07
7.230000000000001e+00  1.475346081328934e-07  -7.785333699671075e-08  2.253879451296042e-07
7.240000000000001e+00  1.434778368642561e-07  -7.721918051493799e-08  2.206970173791941e-07
7.250000000000001e+00  1.391656694258415e-07  -7.647404886671715e-08  2.156397182925586e-07
7.260000000000001e+00  1.346172749171217e-07  -7.562085474823115e-08  2.102381296653528e-07
7.270000000000001e+00  1.298520299934537e-07  -7.466272384596508e-08  2.045147538394188e-07
7.280000000000001e+00  1.248894439040230e-07  -7.360298254642149e-08  1.984924264504444e-07
7.290000000000001e+00  1.197490858972342e-07  -7.244514537366303e-08  1.921942312708972e-07
7.300000000000001e+00  1.144505151604140e-07  -7.119290219416020e-08  1.856434173545742e-07
7.310000000000001e+00  1.090132134429703e-07  -6.985010522153459e-08  1.788633186645049e-07
7.320000000000001e+00  1.034565204748655e-07  -6.842075586917117e-08  1.718772763440367e-07
7.330000000000001e+00  9.779957231595078e-08  -6.690899147886350e-08  1.647085637948143e-07
7.340000000000001e+00  9.206124272170338e-08  -6.531907196978018e-08  1.573803146914836e-07
7.350000000000001e+00  8.626008761474812e-08  -6.365536644307498e-08  1.499154540578231e-07
7.360000000000001e+00  8.041429274134044e-08  -6.192233977892647e-08  1.423366325202669e-07
7.370000000000001e+00  7.454162455900534e-08  -6.012453926458229e-08  1.346661638235876e-07
7.380000000000001e+00  6.865938440974402e-08  -5.826658128299738e-08  1.269259656927414e-07
7.390000000000001e+00  6.278436600971449e-08  -5.635313810729989e-08  1.191375041170144e-07
7.400000000000001e+00  5.693281626837392e-08  -5.438892482400275e-08  1.113217410923767e-07
7.410000000000001e+00  5.112039945058132e-08  -5.237868642669785e-08  1.034990858772792e-07
7.420000000000001e+00  4.536216467698824e-08  -5.032718510427398e-08  9.568934978126221e-08
7.430000000000001e+00  3.967251674101459e-08  -4.823918776598914e-08  8.791170450700373e-08
7.440000000000001e+00  3.406519022066895e-08  -4.611945381542540e-08  8.018464403609436e-08
7.450000000000001e+00  2.855322685089235e-08  -4.397272322159028e-08  7.252595007248262e-08
7.460000000000001e+00  2.314895609693106e-08  -4.180370489783803e-08  6.495266099476908e-08
7.470000000000001e+00  1.786397889231540e-08  -3.961706541924184e-08  5.748104431155724e-08
7.480000000000001e+00  1.270915445689680e-08  -3.741741811074967e-08  5.012657256764647e-08
7.490000000000001e+00  7.694590134495794e-09  -3.520931251187926e-08  4.290390264637505e-08
7.500000000000001e+00  2.829634169717950e-09  -3.299722425306478e-08  3.582685842278273e-08
7.510000000000001e+00  -1.877128675028700e-09  -3.078554535700107e-08  2.890841668197237e-08
7.520000000000001e+00  -6.417878737989642e-09  -2.857857497971180e-08  2.216069624172216e-08
7.530000000000001e+00  -1.078556042861866e-08  -2.638051061482274e-08  1.559495018620408e-08
7.540000000000001e+00  -1.497387864771680e-08  -2.419543976808294e-08  9.221561120366145e-09
7.550000000000001e+00  -1.897729275979289e-08  -2.202733211611549e-08  3.050039356322601e-09
7.560000000000001e+00  -2.279100824800850e-08  -1.988003216485298e-08  -2.910976083155522e-09
7.570000000000001e+00  -2.641096615441445e-08  -1.775725241213092e-08  -8.653713742283533e-09
7.580000000000001e+00  -2.983383043085961e-08  -1.566256701993073e-08  -1.417126341092888e-08
7.590000000000001e+00  -3.305697332752628e-08  -1.359940600987712e-08  -1.945756731764915e-08
7.600000000000001e+00  -3.607845893499724e-08  -1.157104997654491e-08  -2.450740895845233e-08
7.610000000000001e+00  -3.889702501663684e-08  -9.580625331052624e-09  -2.931639968558422e-08
7.620000000000001e+00  -4.151206324927623e-08  -7.631100065312978e-09  -3.388096318396325e-08
7.630000000000001e+00  -4.392359800753092e-08  -5.725280045501965e-09  -3.819831796202895e-08
7.640000000000001e+00  -4.613226381383409e-08  -3.865805826678222e-09  -4.226645798715587e-08
7.650000000000001e+00  -4.813928158657047e-08  -2.055149986681145e-09  -4.608413159988933e-08
7.660000000000001e+00  -4.994643381030550e-08  -2.956149774759896e-10  -4.965081883282951e-08
7.670000000000001e+00  -5.155603875297026e-08  1.410668522401197e-09  -5.296670727537146e-08
7.680000000000001e+00  -5.297092385637803e-08  3.061742748741407e-09  -5.603266660511944e-08
7.690000000000001e+00  -5.419439842105849e-08  4.655823502968257e-09  -5.885022192402675e-08
7.700000000000001e+00  -5.523022570516319e-08  6.191300326711857e-09  -6.142152603187505e-08
7.710000000000001e+00  -5.608259455108637e-08  7.666736205262093e-09  -6.374933075634846e-08
7.720000000000001e+00  -5.675609066190587e-08  9.080866810849401e-09  -6.583695747275528e-08
7.730000000000001e+00  -5.725566762888665e-08  1.043259930979966e-08  -6.768826693868631e-08
7.740000000000001e+00  -5.758661782508587e-08  1.172101073709310e-08  -6.930762856217896e-08
7.750000000000001e+00  -5.775454326486592e-08  1.294534595919240e-08  -7.069988922405832e-08
7.760000000000001e+00  -5.776532652885131e-08  1.410501523934740e-08  -7.187034176819870e-08
7.770000000000001e+00  -5.762510185254944e-08  1.519959142723830e-08  -7.282469327978774e-08
7.780000000000001e+00  -5.734022646943389e-08  1.622880678138682e-08  -7.356903325082071e-08
7.790000000000001e+00  -5.691725229149953e-08  1.719254945320851e-08  -7.410980174470804e-08
7.800000000000001e+00  -5.636289801650702e-08  1.809085964287616e-08  -7.445375765938318e-08
7.810000000000001e+00  -5.568402173320910e-08  1.892392545312817e-08  -7.460794718633728e-08
7.820000000000001e+00  -5.488759410188617e-08  1.969207845556852e-08  -7.457967255745469e-08
7.830000000000001e+00  -5.398067217680808e-08  2.039578899150233e-08  -7.437646116831042e-08
7.840000000000001e+00  -5.297037393511133e-08  2.103566122926105e-08  -7.400603516437238e-08
7.850000000000001e+00  -5.186385356651638e-08  2.161242799654825e-08  -7.347628156306464e-08
7.860000000000001e+00  -5.066827758411744e-08  2.212694540653872e-08  -7.279522299065617e-08
7.870000000000001e+00  -4.939080180104980e-08  2.258018730426607e-08  -7.197098910531587e-08
7.880000000000001e+00  -4.803854921476524e-08  2.297323954806415e-08  -7.101178876282939e-08
7.890000000000001e+00  -4.661858884341140e-08  2.330729414722436e-08  -6.992588299063576e-08
7.900000000000001e+00  -4.513791554519448e-08  2.358364328428462e-08  -6.872155882947910e-08
7.910000000000001e+00  -4.360343085023457e-08  2.380367322639909e-08  -6.740710407663366e-08
7.920000000000001e+00  -4.202192483107634e-08  2.396885816355799e-08  -6.599078299463432e-08
7.930000000000001e+00  -4.040005903265371e-08  2.408075397977253e-08  -6.448081301242624e-08
7.940000000000001e+00  -3.874435047563765e-08  2.414099198413836e-08  -6.288534245977602e-08
7.950000000000001e+00  -3.706115674847838e-08  2.415127261549740e-08  -6.121242936397578e-08
7.960000000000001e+00  -3.535666219095532e-08  2.411335914553320e-08  -5.947002133648852e-08
7.970000000000001e+00  -3.363686518103423e-08  2.402907138915156e-08  -5.766593657018579e-08
7.980000000000001e+00  -3.190756651075462e-08  2.390027945111874e-08  -5.580784596187336e-08
7.990000000000001e+00  -3.017435886533762e-08  2.372889751258652e-08  -5.390325637792414e-08
8.000000000000002e+00  -2.844261738214797e-08  2.351687768518366e-08  -5.195949506733162e-08
8.010000000000002e+00  -2.671749128985950e-08  2.326620394049735e-08  -4.998369523035686e-08
8.020000000000001e+00  -2.500389660126579e-08  2.297888613730174e-08  -4.798278273856754e-08
8.030000000000001e+00  -2.330650986050040e-08  2.265695414846924e-08  -4.596346400896964e-08
8.040000000000003e+00  -2.162976290567921e-08  2.230245211535954e-08  -4.393221502103875e-08
8.050000000000002e+00  -1.997783863789042e-08  2.191743283207421e-08  -4.189527146996463e-08
8.060000000000002e+00  -1.835466776379701e-08  2.150395227683616e-08  -3.985862004063316e-08
8.070000000000002e+00  -1.676392648716890e-08  2.106406429802722e-08  -3.782799078519612e-08
8.080000000000002e+00  -1.520903512146222e-08  2.059981546758843e-08  -3.580885058905066e-08
8.090000000000002e+00  -1.369315758702666e-08  2.011324011069046e-08  -3.380639769771712e-08
8.100000000000001e+00  -1.221920176423985e-08  1.960635552257374e-08  -3.182555728681359e-08
8.110000000000001e+00  -1.078982066292453e-08  1.908115737333437e-08  -2.987097803625890e-08
8.120000000000003e+00  -9.407414379414634e-09  1.853961531742615e-08  -2.794702969684079e-08
8.130000000000003e+00  -8.074132795616299e-09  1.798366880655553e-08  -2.605780160217183e-08
8.140000000000002e+00  -6.791878981677260e-09  1.741522311876236e-08  -2.420710210043962e-08
8.150000000000002e+00  -5.562313274291483e-09  1.683614559666937e-08  -2.239845887096085e-08
8.160000000000002e+00  -4.386857973931663e-09  1.624826211477782e-08  -2.063512008870948e-08
8.170000000000002e+00  -3.266702633731797e-09  1.565335376549283e-08  -1.892005639922463e-08
8.180000000000001e+00  -2.202809891670744e-09  1.505315377043634e-08  -1.725596366210708e-08
8.190000000000001e+00  -1.195921807810219e-09  1.444934462550270e-08  -1.564526643331292e-08
8.200000000000001e+00  -2.465666636485983e-10  1.384355546779769e-08  -1.409012213144629e-08
8.210000000000003e+00  6.449338134822598e-10  1.323735967699944e-08  -1.259242586351718e-08
8.220000000000002e+00  1.478456850616125e-09  1.263227270252467e-08  -1.115381585190855e-08
8.230000000000002e+00  2.254070683229357e-09  1.202975011931612e-08  -9.775679436086758e-09
8.240000000000002e+00  2.972026312363885e-09  1.143118591148472e-08  -8.459159599120837e-09
8.250000000000002e+00  3.632749001345736e-09  1.083791097341736e-08  -7.205161972071620e-09
8.260000000000002e+00  4.236829548430117e-09  1.025119184007738e-08  -6.014362291647258e-09
8.270000000000001e+00  4.785015377973188e-09  9.672229627689703e-09  -4.887214249716515e-09
8.280000000000001e+00  5.278201483282737e-09  9.102159190543783e-09  -3.823957707261046e-09
8.290000000000003e+00  5.717421259849582e-09  8.542048486806956e-09  -2.824627226957374e-09
8.300000000000002e+00  6.103837263112192e-09  7.992898146917429e-09  -1.889060883805237e-09
8.310000000000002e+00  6.438731922668636e-09  7.455641239899863e-09  -1.016909317231227e-09
8.320000000000002e+00  6.723498250589169e-09  6.931143233772440e-09  -2.076449831832704e-10
8.330000000000002e+00  6.959630569510427e-09  6.420202142240302e-09  5.394284272701248e-10
8.340000000000002e+00  7.148715294584074e-09  5.923548847789142e-09  1.225166446794932e-09
8.350000000000001e+00  7.292421794989351e-09  5.441847602070631e-09  1.850574192918720e-09
8.360000000000001e+00  7.392493363746994e-09  4.975696689068480e-09  2.416796674678514e-09
8.370000000000003e+00  7.450738324777247e-09  4.525629248281403e-09  2.925109076495844e-09
8.380000000000003e+00  7.469021291299553e-09  4.092114246811088e-09  3.376907044488465e-09
8.390000000000002e+00  7.449254611351302e-09  3.675557594338372e-09  3.773697017012930e-09
8.400000000000002e+00  7.393390011908907e-09  3.276303396022396e-09  4.117086615886511e-09
8.410000000000002e+00  7.303410464886473e-09  2.894635326911920e-09  4.408775137974553e-09
8.420000000000002e+00  7.181322293717916e-09  2.530778129872922e-09  4.650544163844993e-09
8.430000000000001e+00  7.029147533861278e-09  2.184899219034086e-09  4.844248314827193e-09
8.440000000000001e+00  6.848916567718445e-09  1.857110389781288e-09  4.991806177937158e-09
8.450000000000001e+00  6.642661039241741e-09  1.547469617118677e-09  5.095191422123063e-09
8.460000000000003e+00  6.412407071169304e-09  1.255982944035565e-09  5.156424127133739e-09
8.470000000000002e+00  6.160168781621504e-09  9.826064421361967e-10  5.177562339485307e-09
8.480000000000002e+00  5.887942122253493e-09  7.272482441065442e-10  5.160693878146949e-09
8.490000000000002e+00  5.597699037975833e-09  4.897706335849676e-10  5.107928404390865e-09
8.500000000000002e+00  5.291381954980361e-09  2.699921901746953e-10  5.021389764805666e-09
8.510000000000002e+00  4.970898602645790e-09  6.768997558826600e-11  4.903208627057523e-09
8.520000000000001e+00  4.638117175282492e-09  -1.173982416902506e-10  4.755515416972743e-09
8.530000000000001e+00  4.294861831483364e-09  -2.855717347283408e-10  4.580433566211705e-09
8.540000000000003e+00  3.942908533434194e-09  -4.371645440695930e-10  4.380073077503787e-09
8.550000000000002e+00  3.583981230163488e-09  -5.725431897527645e-10  4.156524419916253e-09
8.560000000000002e+00  3.219748373062779e-09  -6.921043787586981e-10  3.911852751821477e-09
8.570000000000002e+00  2.851819774126623e-09  -7.962727094214760e-10  3.648092483548099e-09
8.580000000000002e+00  2.481743793232330e-09  -8.854983850634635e-10  3.367242178295793e-09
8.590000000000002e+00  2.111004853640616e-09  -9.602549390672746e-10  3.071259792707891e-09
8.600000000000001e+00  1.741021281203882e-09  -1.021036980296018e-09  2.762058261499900e-09
8.610000000000001e+00  1.373143458543792e-09  -1.068357962622981e-09  2.441501421166773e-09
8.620000000000003e+00  1.008652289667230e-09  -1.102747986337155e-09  2.111400276004385e-09
8.630000000000003e+00  6.487579635878526e-10  -1.124751633240942e-09  1.773509596828794e-09
8.640000000000002e+00  2.945990127134465e-10  -1.134925845372730e-09  1.429524858086177e-09
8.650000000000002e+00  -5.275834725425997e-11  -1.133837846547497e-09  1.081079499293237e-09
8.660000000000002e+00  -3.923206032161283e-10  -1.122063115021274e-09  7.297425118051459e-10
8.670000000000002e+00  -7.231670684484231e-10  -1.100183410916227e-09  3.770163424678041e-10
8.680000000000001e+00  -1.044449753048605e-09  -1.068784859216494e-09  2.433510616788902e-11
8.690000000000001e+00  -1.355392993842030e-09  -1.028456096075909e-09  -3.269368977661218e-10
8.700000000000003e+00  -1.655292855463185e-09  -9.797864771652117e-10  -6.755063782979732e-10
8.710000000000003e+00  -1.943516313989390e-09  -9.233643560214683e-10  -1.020151957967922e-09
8.720000000000002e+00  -2.219500232991635e-09  -8.597754287949160e-10  -1.359724804196719e-09
8.730000000000002e+00  -2.482750150584216e-09  -7.896011535441831e-10  -1.693148997040033e-09
8.740000000000002e+00  -2.732838881821899e-09  -7.134172413818647e-10  -2.019421640440034e-09
8.750000000000002e+00  -2.969404955356211e-09  -6.317922250258665e-10  -2.337612730330345e-09
8.760000000000002e+00  -3.192150894147434e-09  -5.452861022312496e-10  -2.646864791916185e-09
8.770000000000001e+00  -3.400841352504133e-09  -4.544490584826649e-10  -2.946392294021469e-09
8.780000000000001e+00  -3.595301124586787e-09  -3.598202676462508e-10  -3.235480856940536e-09
8.790000000000003e+00  -3.775413031990268e-09  -2.619267723778428e-10  -3.513486259612425e-09
8.800000000000002e+00  -3.941115709682239e-09  -1.612824437368488e-10  -3.779833265945391e-09
8.810000000000002e+00  -4.092401294880769e-09  -5.838702018861931e-11  -4.034014274692151e-09
8.820000000000002e+00  -4.229313036532575e-09  4.627477388071408e-11  -4.275587810413289e-09
8.830000000000002e+00  -4.351942835987834e-09  1.522340285473309e-10  -4.504176864535165e-09
8.840000000000002e+00  -4.460428725389380e-09  2.590383775956317e-10  -4.719467102985012e-09
8.850000000000001e+00  -4.554952304662757e-09  3.662526403394283e-10  -4.921204945002185e-09
8.860000000000001e+00  -4.635736138118088e-09  4.734593945185427e-10  -5.109195532636630e-09
8.870000000000003e+00  -4.703041127773624e-09  5.802594719685537e-10  -5.283300599742178e-09
8.880000000000003e+00  -4.757163869743976e-09  6.862723798448634e-10  -5.443436249588840e-09
8.890000000000002e+00  -4.798434006095392e-09  7.911366516909725e-10  -5.589570657786364e-09
8.900000000000002e+00  -4.827211579865461e-09  8.945101261340135e-10  -5.721721705999474e-09
8.910000000000002e+00  -4.843884403342402e-09  9.960701592849211e-10  -5.839954562627323e-09
8.920000000000002e+00  -4.848865447284716e-09  1.095513768917405e-09  -5.944379216202121e-09
8.930000000000001e+00  -4.842590259490878e-09  1.192557717343660e-09  -6.035147976834538e-09
8.940000000000001e+00  -4.825514419873245e-09  1.286938529147717e-09  -6.112452949020961e-09
8.950000000000003e+00  -4.798111041974890e-09  1.378412450568304e-09  -6.176523492543193e-09
8.960000000000003e+00  -4.760868321417871e-09  1.466755355893674e-09  -6.227623677311545e-09
8.970000000000002e+00  -4.714287146173253e-09  1.551762591469537e-09  -6.266049737642790e-09
8.980000000000002e+00  -4.658878766307330e-09  1.633248774930197e-09  -6.292127541237526e-09
8.990000000000002e+00  -4.595162533364406e-09  1.711047543055864e-09  -6.306210076420270e-09
9.000000000000002e+00  -4.523663713822034e-09  1.785011250745944e-09  -6.308674964567978e-09
9.010000000000002e+00  -4.444911378359921e-09  1.855010630537494e-09  -6.299922008897415e-09
9.020000000000001e+00  -4.359436373219145e-09  1.920934407491696e-09  -6.280370780710841e-09
9.030000000000001e+00  -4.267769377332205e-09  1.982688879414701e-09  -6.250458256746905e-09
9.040000000000003e+00  -4.170439047132117e-09  2.040197456926253e-09  -6.210636504058371e-09
9.050000000000002e+00  -4.067970250845327e-09  2.093400177207110e-09  -6.161370428052436e-09
9.060000000000002e+00  -3.960882397216022e-09  2.142253181474193e-09  -6.103135578690215e-09
9.070000000000002e+00  -3.849687856182832e-09  2.186728173582638e-09  -6.036416029765470e-09
9.080000000000002e+00  -3.734890480257703e-09  2.226811842355959e-09  -5.961702322613662e-09
9.090000000000002e+00  -3.616984216493409e-09  2.262505276367962e-09  -5.879489492861371e-09
9.100000000000001e+00  -3.496451820049784e-09  2.293823349067359e-09  -5.790275169117143e-09
9.110000000000001e+00  -3.373763664000414e-09  2.320794093351574e-09  -5.694557757351987e-09
9.120000000000003e+00  -3.249376646352181e-09  2.343458059770566e-09  -5.592834706122747e-09
9.130000000000003e+00  -3.123733194472301e-09  2.361867665435399e-09  -5.485600859907701e-09
9.140000000000002e+00  -2.997260365048608e-09  2.376086532230677e-09  -5.373346897279285e-09
9.150000000000002e+00  -2.870369038728524e-09  2.386188820477686e-09  -5.256557859206210e-09
9.160000000000002e+00  -2.743453210807817e-09  2.392258556686791e-09  -5.135711767494609e-09
9.170000000000002e+00  -2.616889368845164e-09  2.394388962464851e-09  -5.011278331310015e-09
9.180000000000001e+00  -2.491035965745620e-09  2.392681779980238e-09  -4.883717745725858e-09
9.190000000000001e+00  -2.366232979033568e-09  2.387246599650891e-09  -4.753479578684459e-09
9.200000000000003e+00  -2.242801550902274e-09  2.378200199501289e-09  -4.621001750403563e-09
9.210000000000003e+00  -2.121043719043981e-09  2.365665878938693e-09  -4.486709597982674e-09
9.220000000000002e+00  -2.001242222670036e-09  2.349772810046475e-09  -4.351015032716510e-09
9.230000000000002e+00  -1.883660385935202e-09  2.330655393231639e-09  -4.214315779166841e-09
9.240000000000002e+00  -1.768542077929400e-09  2.308452626273903e-09  -4.076994704203302e-09
9.250000000000002e+00  -1.656111741565341e-09  2.283307485111390e-09  -3.939419226676730e-09
9.260000000000002e+00  -1.546574491324756e-09  2.255366319043641e-09  -3.801940810368397e-09
9.270000000000001e+00  -1.440116275208211e-09  2.224778260702474e-09  -3.664894535910686e-09
9.280000000000001e+00  -1.336904097469630e-09  2.191694651865737e-09  -3.528598749335367e-09
9.290000000000003e+00  -1.237086297924784e-09  2.156268490167138e-09  -3.393354788091922e-09
9.300000000000002e+00  -1.140792888535373e-09  2.118653887348695e-09  -3.259446775884068e-09
9.310000000000002e+00  -1.048135933656806e-09  2.079005556439255e-09  -3.127141490096061e-09
9.320000000000002e+00  -9.592099840089763e-10  2.037478309766496e-09  -2.996688293775472e-09
9.330000000000002e+00  -8.740925488129985e-10  1.994226584370282e-09  -2.868319133183281e-09
9.340000000000002e+00  -7.928446093334643e-10  1.949403984405831e-09  -2.742248593739295e-09
9.350000000000001e+00  -7.155111678366068e-10  1.903162849433822e-09  -2.618674017270429e-09
9.360000000000001e+00  -6.421218272047609e-10  1.855653842194522e-09  -2.497775669399283e-09
9.370000000000003e+00  -5.726914019193036e-10  1.807025559274832e-09  -2.379716961194135e-09
9.380000000000003e+00  -5.072205516333947e-10  1.757424166806451e-09  -2.264644718439846e-09
9.390000000000002e+00  -4.456964375943437e-10  1.706993056866452e-09  -2.152689494460796e-09
9.400000000000002e+00  -3.880933982353432e-10  1.655872528206847e-09  -2.043965926442191e-09
9.410000000000002e+00  -3.343736381720907e-10  1.604199489885043e-09  -1.938573128057133e-09
9.420000000000002e+00  -2.844879288626102e-10  1.552107189673685e-09  -1.836595118536295e-09
9.430000000000001e+00  -2.383763229201302e-10  1.499724959784629e-09  -1.738101282704759e-09
9.440000000000001e+00  -1.959688668107023e-10  1.447177994019416e-09  -1.643146860830118e-09
9.450000000000003e+00  -1.571863230365973e-10  1.394587140018011e-09  -1.551773463054608e-09
9.460000000000003e+00  -1.219408892306184e-10  1.342068717560327e-09  -1.464009606790945e-09
9.470000000000002e+00  -9.013691653871969e-11  1.289734357225116e-09  -1.379871273763836e-09
9.480000000000002e+00  -6.167162238394396e-11  1.237690860819193e-09  -1.299362483203136e-09
9.490000000000002e+00  -3.643579659070952e-11  1.186040083123959e-09  -1.222475879714668e-09
9.500000000000002e+00  -1.431449822824550e-11  1.134878832918167e-09  -1.149193331146413e-09
9.510000000000002e+00  4.812259479428155e-12  1.084298794605177e-09  -1.079486535125749e-09
9.520000000000001e+00  2.106883718712744e-11  1.034386469373730e-09  -1.013317632186603e-09
9.530000000000001e+00  3.458331278010447e-11  9.852231338452032e-10  -9.506398210650988e-10
9.540000000000003e+00  4.548684102796657e-11  9.368848164629266e-10  -8.913979754349600e-10
9.550000000000002e+00  5.391303436869586e-11  8.894422941185099e-10  -8.355292597498140e-10
9.560000000000002e+00  5.999735949318700e-11  8.429611002647330e-10  -7.829637407715461e-10
9.570000000000002e+00  6.387655832948840e-11  7.975015524574041e-10  -7.336249941279157e-10
9.580000000000002e+00  6.568808973901131e-11  7.531187936988371e-10  -6.874307039598259e-10
9.590000000000002e+00  6.556959550845304e-11  7.098628479444920e-10  -6.442932524360390e-10
9.600000000000001e+00  6.365839010904213e-11  6.677786888704516e-10  -6.041202987614094e-10
9.610000000000001e+00  6.009097476702000e-11  6.269063213301632e-10  -5.668153465631432e-10
9.620000000000003e+00  5.500257914422311e-11  5.872808744636192e-10  -5.322782953193960e-10
9.630000000000003e+00  4.852672668208163e-11  5.489327064505641e-10  -5.004059797684825e-10
9.640000000000002e+00  4.079482835958956e-11  5.118875184597175e-10  -4.710926901001280e-10
9.650000000000002e+00  3.193580147835503e-11  4.761664769212733e-10  -4.442306754429183e-10
9.660000000000002e+00  2.207572107538645e-11  4.417863528527647e-10  -4.197106317773782e-10
9.670000000000002e+00  1.133748494834826e-11  4.087596487120241e-10  -3.974221637636759e-10
9.680000000000001e+00  -1.594763542759815e-13  3.770947582449435e-10  -3.772542345992195e-10
9.690000000000001e+00  -1.229947660799351e-11  3.467961135809119e-10  -3.590955901889054e-10
9.700000000000003e+00  -2.497081794317812e-11  3.178643452172170e-10  -3.428351631603951e-10
9.710000000000003e+00  -3.806601074849468e-11  2.902964453334776e-10  -3.283624560819723e-10
9.720000000000002e+00  -5.148196616331323e-11  2.640859351975164e-10  -3.155679013608296e-10
9.730000000000002e+00  -6.512016414546188e-11  2.392230366477415e-10  -3.043432007932034e-10
9.740000000000002e+00  -7.888679693191672e-11  2.156948443803332e-10  -2.945816413122500e-10
9.750000000000002e+00  -9.269288674135064e-11  1.934855019823294e-10  -2.861783887236800e-10
9.760000000000002e+00  -1.064543812425633e-10  1.725763789091331e-10  -2.790307601516965e-10
9.770000000000001e+00  -1.200922256807853e-10  1.529462466555718e-10  -2.730384723363571e-10
9.780000000000001e+00  -1.335324124063396e-10  1.345714573974342e-10  -2.681038698037737e-10
9.790000000000003e+00  -1.467060100886355e-10  1.174261203694002e-10  -2.641321304580357e-10
9.800000000000002e+00  -1.595491715935166e-10  1.014822779478556e-10  -2.610314495413722e-10
9.810000000000002e+00  -1.720031229873579e-10  8.671008033226361e-11  -2.587132033196215e-10
9.820000000000002e+00  -1.840141336575984e-10  7.307795771539809e-11  -2.570920913729965e-10
9.830000000000002e+00  -1.955334692260831e-10  6.055279070772609e-11  -2.560862599338091e-10
9.840000000000002e+00  -2.065173268718428e-10  4.910007740084212e-11  -2.556174042726849e-10
9.850000000000001e+00  -2.169267564735613e-10  3.868409721591175e-11  -2.556108536894730e-10
9.860000000000001e+00  -2.267275661135092e-10  2.926807115407220e-11  -2.559956372675814e-10
9.870000000000003e+00  -2.358902143967643e-10  2.081431798695353e-11  -2.567045323837178e-10
9.880000000000003e+00  -2.443896902078929e-10  1.328440655685212e-11  -2.576740967647450e-10
9.890000000000002e+00  -2.522053800322097e-10  6.639304015203205e-12  -2.588446840474129e-10
9.900000000000002e+00  -2.593209278289866e-10  8.395157949872128e-13  -2.601604436239738e-10
9.910000000000002e+00  -2.657240809786852e-10  -4.154774571687507e-12  -2.615693064069977e-10
9.920000000000002e+00  -2.714065313625941e-10  -8.383573795917104e-12  -2.630229575666770e-10
9.930000000000001e+00  -2.763637467150587e-10  -1.188695193340475e-11  -2.644767947816539e-10
9.940000000000001e+00  -2.805947983269010e-10  -1.470492240161744e-11  -2.658898759252836e-10
9.950000000000003e+00  -2.841021785190526e-10  -1.687732445314241e-11  -2.672248540659102e-10
9.960000000000003e+00  -2.868916191018787e-10  -1.844371630745525e-11  -2.684479027944235e-10
9.970000000000002e+00  -2.889719015492796e-10  -1.944326886173788e-11  -2.695286326875417e-10
9.980000000000002e+00  -2.903546666192888e-10  -1.991467006664408e-11  -2.704399965526447e-10
9.990000000000002e+00  -2.910542221069595e-10  -1.989603225299728e-11  -2.711581898539622e-10
