1.000000000000000e-15  1.000061083307790e+00  1.000068184676097e+00  -7.101368307615985e-06
1.000000000000100e-02  9.997386911856632e-01  9.997239453835481e-01  1.474580211502374e-05
2.000000000000100e-02  9.987719912511382e-01  9.986917867319329e-01  8.020451920531801e-05
3.000000000000100e-02  9.971624118210928e-01  9.969733850949928e-01  1.890267260999945e-04
4.000000000000100e-02  9.949123301638354e-01  9.945715300850499e-01  3.408000787854526e-04
5.000000000000100e-02  9.920250676180399e-01  9.914901180507775e-01  5.349495672624105e-04
6.000000000000100e-02  9.885048827765670e-01  9.877341430013252e-01  7.707397752417799e-04
7.000000000000101e-02  9.843569627523542e-01  9.833096849839722e-01  1.047277768381982e-03
8.000000000000100e-02  9.795874125485063e-01  9.782238959499364e-01  1.363516598569925e-03
9.000000000000100e-02  9.742032425593917e-01  9.724849831505911e-01  1.718259408800660e-03
1.000000000000010e-01  9.682123542342758e-01  9.661021901134867e-01  2.110164120789015e-03
1.100000000000010e-01  9.616235239396280e-01  9.590857752547661e-01  2.537748684861896e-03
1.200000000000010e-01  9.544463850607232e-01  9.514469881914145e-01  2.999396869308724e-03
1.300000000000010e-01  9.466914083875011e-01  9.431980438235485e-01  3.493364563952550e-03
1.400000000000010e-01  9.383698808339584e-01  9.343520942632241e-01  4.017786570734372e-03
1.500000000000010e-01  9.294938825443254e-01  9.249231986924598e-01  4.570683851865653e-03
1.600000000000010e-01  9.200762624433205e-01  9.149262912390843e-01  5.149971204236214e-03
1.700000000000010e-01  9.101306122915263e-01  9.043771469642534e-01  5.753465327272833e-03
1.800000000000010e-01  8.996712393104018e-01  8.932923460610198e-01  6.378893249382012e-03
1.900000000000010e-01  8.887131374450290e-01  8.816892363678285e-01  7.023901077200523e-03
2.000000000000010e-01  8.772719573357781e-01  8.695858943054547e-01  7.686063030323376e-03
2.100000000000010e-01  8.653639750730338e-01  8.570010843498723e-01  8.362890723161431e-03
2.200000000000010e-01  8.530060598120107e-01  8.439542171571979e-01  9.051842654812847e-03
2.300000000000010e-01  8.402156403272070e-01  8.304653064601047e-01  9.750333867102223e-03
2.400000000000010e-01  8.270106705882573e-01  8.165549248579949e-01  1.045574573026242e-02
2.500000000000010e-01  8.134095944412616e-01  8.022441586254837e-01  1.116543581577789e-02
2.600000000000010e-01  7.994313094812581e-01  7.875545616658678e-01  1.187674781539028e-02
2.700000000000010e-01  7.850951302033293e-01  7.725081087376884e-01  1.258702146564095e-02
2.800000000000010e-01  7.704207505210630e-01  7.571271480837029e-01  1.329360243736011e-02
2.900000000000010e-01  7.554282057422138e-01  7.414343535920829e-01  1.399385215013094e-02
3.000000000000010e-01  7.401378340923324e-01  7.254526766201048e-01  1.468515747222754e-02
3.100000000000010e-01  7.245702378776218e-01  7.092052976102874e-01  1.536494026733437e-02
3.200000000000010e-01  7.087462443787295e-01  6.927155776282522e-01  1.603066675047726e-02
3.300000000000010e-01  6.926868665671865e-01  6.760070099507617e-01  1.667985661642479e-02
3.400000000000010e-01  6.764132637361211e-01  6.591031718307012e-01  1.731009190541988e-02
3.500000000000010e-01  6.599467021364109e-01  6.420276765641387e-01  1.791902557227221e-02
3.600000000000010e-01  6.433085157088040e-01  6.248041259822251e-01  1.850438972657886e-02
3.700000000000010e-01  6.265200670016251e-01  6.074560634882105e-01  1.906400351341464e-02
3.800000000000010e-01  6.096027083625734e-01  5.900069277567841e-01  1.959578060578926e-02
3.900000000000010e-01  5.925777434916942e-01  5.724800072097652e-01  2.009773628192901e-02
4.000000000000010e-01  5.754663894410603e-01  5.548983953784342e-01  2.056799406262610e-02
4.100000000000010e-01  5.582897391448360e-01  5.372849472588950e-01  2.100479188594107e-02
4.200000000000010e-01  5.410687245613698e-01  5.196622367626469e-01  2.140648779872290e-02
4.300000000000010e-01  5.238240805067355e-01  5.020525153600216e-01  2.177156514671386e-02
4.400000000000010e-01  5.065763092566815e-01  4.844776720093780e-01  2.209863724730349e-02
4.500000000000010e-01  4.893456459913083e-01  4.669591944599312e-01  2.238645153137714e-02
4.600000000000010e-01  4.721520251540320e-01  4.495181320109809e-01  2.263389314305109e-02
4.700000000000010e-01  4.550150477933163e-01  4.321750598048105e-01  2.283998798850584e-02
4.800000000000010e-01  4.379539499526557e-01  4.149500447250640e-01  2.300390522759177e-02
4.900000000000010e-01  4.209875721708467e-01  3.978626129666120e-01  2.312495920423474e-02
5.000000000000010e-01  4.041343301512871e-01  3.809317193372188e-01  2.320261081406827e-02
5.100000000000010e-01  3.874121866554241e-01  3.641757183452591e-01  2.323646831016496e-02
5.200000000000010e-01  3.708386246718098e-01  3.476123371218793e-01  2.322628754993045e-02
5.300000000000010e-01  3.544306219084771e-01  3.312586502198170e-01  2.317197168866014e-02
5.400000000000010e-01  3.382046266524760e-01  3.151310563250942e-01  2.307357032738178e-02
5.500000000000010e-01  3.221765350364701e-01  2.992452569116579e-01  2.293127812481227e-02
5.600000000000011e-01  3.063616697482907e-01  2.836162368629693e-01  2.274543288532144e-02
5.700000000000011e-01  2.907747602153036e-01  2.682582470784746e-01  2.251651313682906e-02
5.800000000000010e-01  2.754299242913242e-01  2.531847890769043e-01  2.224513521441990e-02
5.900000000000010e-01  2.603406514697051e-01  2.384086016023877e-01  2.193204986731737e-02
6.000000000000010e-01  2.455197876420917e-01  2.239416492335346e-01  2.157813840855710e-02
6.100000000000010e-01  2.309795214181551e-01  2.097951129899076e-01  2.118440842824754e-02
6.200000000000010e-01  2.167313720175296e-01  1.959793829246773e-01  2.075198909285236e-02
6.300000000000010e-01  2.027861787410245e-01  1.825040526867891e-01  2.028212605423541e-02
6.400000000000010e-01  1.891540920241173e-01  1.693779160306707e-01  1.977617599344658e-02
6.500000000000010e-01  1.758445660716892e-01  1.566089652463338e-01  1.923560082535536e-02
6.600000000000010e-01  1.628663530689896e-01  1.442043914778047e-01  1.866196159118486e-02
6.700000000000010e-01  1.502274989598819e-01  1.321705868930390e-01  1.805691206684293e-02
6.800000000000010e-01  1.379353407795935e-01  1.205131486639287e-01  1.742219211566480e-02
6.900000000000011e-01  1.259965055254354e-01  1.092368847107028e-01  1.675962081473260e-02
7.000000000000011e-01  1.144169105453025e-01  9.834582116089674e-02  1.607108938440580e-02
7.100000000000010e-01  1.032017654201971e-01  8.784321146924329e-02  1.535855395095381e-02
7.200000000000010e-01  9.235557531360437e-02  7.773154714119813e-02  1.462402817240624e-02
7.300000000000010e-01  8.188214575720994e-02  6.801256999948246e-02  1.386957575772747e-02
7.400000000000010e-01  7.178458883928615e-02  5.868728592990014e-02  1.309730290938601e-02
7.500000000000010e-01  6.206533075900868e-02  4.975598003988309e-02  1.230935071912560e-02
7.600000000000010e-01  5.272612070707701e-02  4.121823316061946e-02  1.150788754645755e-02
7.700000000000010e-01  4.376804103026260e-02  3.307293962133546e-02  1.069510140892714e-02
7.800000000000010e-01  3.519151863490386e-02  2.531832622227083e-02  9.873192412633024e-03
7.900000000000010e-01  2.699633758195372e-02  1.795197233111073e-02  9.044365250842987e-03
8.000000000000010e-01  1.918165282390525e-02  1.097083102616623e-02  8.210821797739017e-03
8.100000000000011e-01  1.174600503184074e-02  4.371251208349945e-03  7.374753823490794e-03
8.200000000000011e-01  4.687336458921252e-03  -1.850999396954119e-03  6.538335855875372e-03
8.300000000000011e-01  -1.996992215101400e-03  -7.700710427732806e-03  5.703718212631406e-03
8.400000000000010e-01  -8.310184115338622e-03  -1.318320434294263e-02  4.873020227604004e-03
8.500000000000010e-01  -1.425598753754938e-02  -1.830431123010042e-02  4.048323692551039e-03
8.600000000000010e-01  -1.983867650782332e-02  -2.307034304304530e-02  3.231666535221982e-03
8.700000000000010e-01  -2.506303059674998e-02  -2.748806734974951e-02  2.425036752999526e-03
8.800000000000010e-01  -2.993431404949718e-02  -3.156468066952844e-02  1.630366620031253e-03
8.900000000000010e-01  -3.445825429387429e-02  -3.530778147824350e-02  8.495271843692032e-04
9.000000000000010e-01  -3.864101988893673e-02  -3.872534295911442e-02  8.432307017769425e-05
9.100000000000010e-01  -4.248919797697537e-02  -4.182568557557902e-02  -6.635124013963517e-04
9.200000000000010e-01  -4.600977130186457e-02  -4.461744954125522e-02  -1.392321760609355e-03
9.300000000000010e-01  -4.921009485667872e-02  -4.710956726048659e-02  -2.100527596192135e-03
9.400000000000011e-01  -5.209787222327146e-02  -4.931123581120436e-02  -2.786636412067098e-03
9.500000000000011e-01  -5.468113166611467e-02  -5.123188953991545e-02  -3.449242126199223e-03
9.600000000000010e-01  -5.696820204214260e-02  -5.288117283654627e-02  -4.087029205596324e-03
9.700000000000010e-01  -5.896768858763875e-02  -5.426891315464723e-02  -4.698775432991520e-03
9.800000000000010e-01  -6.068844864233058e-02  -5.540509434009140e-02  -5.283354302239175e-03
9.900000000000010e-01  -6.213956736985368e-02  -5.629983032891749e-02  -5.839737040936190e-03
1.000000000000001e+00  -6.333033353258236e-02  -5.696333927235450e-02  -6.366994260227854e-03
1.010000000000001e+00  -6.427021537754289e-02  -5.740591814436091e-02  -6.864297233181986e-03
1.020000000000001e+00  -6.496883668869712e-02  -5.763791788421114e-02  -7.330918804485977e-03
1.030000000000001e+00  -6.543595305934329e-02  -5.766971912377288e-02  -7.766233935570410e-03
1.040000000000001e+00  -6.568142843672087e-02  -5.751170854617994e-02  -8.169719890540932e-03
1.050000000000001e+00  -6.571521198913208e-02  -5.717425591958200e-02  -8.540956069550076e-03
1.060000000000001e+00  -6.554731534402775e-02  -5.666769184660890e-02  -8.879623497418845e-03
1.070000000000001e+00  -6.518779024352910e-02  -5.600228626708512e-02  -9.185503976443972e-03
1.080000000000001e+00  -6.464670666180934e-02  -5.518822774841461e-02  -9.458478913394727e-03
1.090000000000001e+00  -6.393413142662258e-02  -5.423560359492424e-02  -9.698527831698341e-03
1.100000000000001e+00  -6.306010738505832e-02  -5.315438080430859e-02  -9.905726580749730e-03
1.110000000000001e+00  -6.203463315133583e-02  -5.195438789619259e-02  -1.008024525514324e-02
1.120000000000001e+00  -6.086764347212125e-02  -5.064529763470270e-02  -1.022234583741855e-02
1.130000000000001e+00  -5.956899024247728e-02  -4.923661066383980e-02  -1.033237957863748e-02
1.140000000000001e+00  -5.814842420314092e-02  -4.773764007139217e-02  -1.041078413174875e-02
1.150000000000001e+00  -5.661557734737310e-02  -4.615749689408825e-02  -1.045808045328485e-02
1.160000000000001e+00  -5.497994606315918e-02  -4.450507657373304e-02  -1.047486948942614e-02
1.170000000000001e+00  -5.325087503403739e-02  -4.278904637113947e-02  -1.046182866289792e-02
1.180000000000001e+00  -5.143754191934356e-02  -4.101783374182501e-02  -1.041970817751856e-02
1.190000000000001e+00  -4.954894283215192e-02  -3.919961567465155e-02  -1.034932715750037e-02
1.200000000000001e+00  -4.759387863069402e-02  -3.734230899189538e-02  -1.025156963879865e-02
1.210000000000001e+00  -4.558094203656017e-02  -3.545356160659957e-02  -1.012738042996060e-02
1.220000000000001e+00  -4.351850559051010e-02  -3.354074473054148e-02  -9.977760859968619e-03
1.230000000000001e+00  -4.141471045429024e-02  -3.161094602370459e-02  -9.803764430585650e-03
1.240000000000001e+00  -3.927745606443989e-02  -2.967096367380689e-02  -9.606492390632999e-03
1.250000000000001e+00  -3.711439064170314e-02  -2.772730139220650e-02  -9.387089249496636e-03
1.260000000000001e+00  -3.493290255733459e-02  -2.578616431037068e-02  -9.146738246963913e-03
1.270000000000001e+00  -3.274011255531688e-02  -2.385345575908437e-02  -8.886656796232514e-03
1.280000000000001e+00  -3.054286682728412e-02  -2.193477491066223e-02  -8.608091916621898e-03
1.290000000000001e+00  -2.834773093479126e-02  -2.003541526264355e-02  -8.312315672147710e-03
1.300000000000001e+00  -2.616098457147457e-02  -1.816036393977486e-02  -8.000620631699710e-03
1.310000000000001e+00  -2.398861715562683e-02  -1.631430178953281e-02  -7.674315366094017e-03
1.320000000000001e+00  -2.183632424176510e-02  -1.450160424500539e-02  -7.334719996759716e-03
1.330000000000001e+00  -1.970950473789700e-02  -1.272634292763728e-02  -6.983161810259720e-03
1.340000000000001e+00  -1.761325891340736e-02  -1.099228796115478e-02  -6.620970952252581e-03
1.350000000000001e+00  -1.555238718078419e-02  -9.302910966911264e-03  -6.249476213872928e-03
1.360000000000001e+00  -1.353138963279026e-02  -7.661388709946522e-03  -5.870000922843740e-03
1.370000000000001e+00  -1.155446631516336e-02  -6.070607364220187e-03  -5.483858950943173e-03
1.380000000000001e+00  -9.625518213501643e-03  -4.533167364767301e-03  -5.092350848734342e-03
1.390000000000001e+00  -7.748148931652534e-03  -3.051388813926723e-03  -4.696760117725810e-03
1.400000000000001e+00  -5.925667037690795e-03  -1.627317408312175e-03  -4.298349629378619e-03
1.410000000000001e+00  -4.161089052428265e-03  -2.627308528269273e-04  -3.898358199601337e-03
1.420000000000001e+00  -2.457143054358883e-03  1.040854272236742e-03  -3.497997326595626e-03
1.430000000000001e+00  -8.162728740020252e-04  2.282175225120914e-03  -3.098448099122939e-03
1.440000000000001e+00  7.593571502358384e-04  3.460215431705438e-03  -2.700858281469599e-03
1.450000000000001e+00  2.267856883301228e-03  4.574196463891193e-03  -2.306339580589965e-03
1.460000000000001e+00  3.707604601098648e-03  5.623569701211991e-03  -1.915965100113342e-03
1.470000000000001e+00  5.077240724266021e-03  6.608007709375562e-03  -1.530766985109541e-03
1.480000000000001e+00  6.375661108373384e-03  7.527395369097896e-03  -1.151734260724513e-03
1.490000000000001e+00  7.602009921144247e-03  8.381820788169453e-03  -7.798108670252065e-04
1.500000000000001e+00  8.755672137554203e-03  9.171566029186274e-03  -4.158938916320708e-04
1.510000000000001e+00  9.836265683820714e-03  9.897097684793868e-03  -6.083200097315410e-05
1.520000000000001e+00  1.084363326136598e-02  1.055905733163192e-02  2.845759297340593e-04
1.530000000000001e+00  1.177783388181492e-02  1.115825189344093e-02  6.195819883739965e-04
1.540000000000001e+00  1.263913414397991e-02  1.169564394299720e-02  9.434902009827079e-04
1.550000000000001e+00  1.342799928359447e-02  1.217234197168995e-02  1.255657311904525e-03
1.560000000000001e+00  1.414508402628061e-02  1.258959065464272e-02  1.555493371637882e-03
1.570000000000001e+00  1.479122327388362e-02  1.294876113832284e-02  1.842462135560777e-03
1.580000000000001e+00  1.536742265387954e-02  1.325134137657227e-02  2.116081277307270e-03
1.590000000000001e+00  1.587484896105796e-02  1.349892653994573e-02  2.375922421112231e-03
1.600000000000001e+00  1.631482052011615e-02  1.369320952215349e-02  2.621610997962662e-03
1.610000000000001e+00  1.668879749716208e-02  1.383597156628706e-02  2.852825930875021e-03
1.620000000000001e+00  1.699837218743088e-02  1.392907303235722e-02  3.069299155073663e-03
1.630000000000001e+00  1.724525930576198e-02  1.397444432650197e-02  3.270814979260012e-03
1.640000000000001e+00  1.743128630557642e-02  1.397407701103004e-02  3.457209294546380e-03
1.650000000000001e+00  1.755838375123612e-02  1.393001511325916e-02  3.628368637976958e-03
1.660000000000001e+00  1.762857576776048e-02  1.384434664988878e-02  3.784229117871700e-03
1.670000000000001e+00  1.764397059092794e-02  1.371919538242438e-02  3.924775208503567e-03
1.680000000000001e+00  1.760675123980661e-02  1.355671281794038e-02  4.050038421866234e-03
1.690000000000001e+00  1.751916633273524e-02  1.335907046824287e-02  4.160095864492371e-03
1.700000000000001e+00  1.738352106672765e-02  1.312845237927073e-02  4.255068687456920e-03
1.710000000000001e+00  1.720216837919607e-02  1.286704794135795e-02  4.335120437838118e-03
1.720000000000001e+00  1.697750030979004e-02  1.257704498978025e-02  4.400455320009787e-03
1.730000000000001e+00  1.671193957903046e-02  1.226062320381807e-02  4.451316375212389e-03
1.740000000000001e+00  1.640793139928486e-02  1.191994781139896e-02  4.487983587885895e-03
1.750000000000001e+00  1.606793553248943e-02  1.155716360523503e-02  4.510771927254404e-03
1.760000000000001e+00  1.569441860787208e-02  1.117438927524264e-02  4.520029332629440e-03
1.770000000000001e+00  1.528984671177630e-02  1.077371206093580e-02  4.516134650840498e-03
1.780000000000001e+00  1.485667826053553e-02  1.035718272641109e-02  4.499495534124438e-03
1.790000000000001e+00  1.439735716619495e-02  9.926810859505213e-03  4.470546306689733e-03
1.800000000000001e+00  1.391430630373690e-02  9.484560495698291e-03  4.429745808038605e-03
1.810000000000001e+00  1.340992128733303e-02  9.032346066365833e-03  4.377575220967192e-03
1.820000000000001e+00  1.288656456202657e-02  8.572028670046774e-03  4.314535891979799e-03
1.830000000000001e+00  1.234655981614542e-02  8.105412664498881e-03  4.241147151646543e-03
1.840000000000001e+00  1.179218671866300e-02  7.634242576457594e-03  4.157944142205401e-03
1.850000000000001e+00  1.122567598466092e-02  7.160200325195746e-03  4.065475659465175e-03
1.860000000000001e+00  1.064920477100967e-02  6.684902755210232e-03  3.964302015799437e-03
1.870000000000001e+00  1.006489240337186e-02  6.209899472630272e-03  3.854992930741590e-03
1.880000000000001e+00  9.474796434651576e-03  5.736670979252135e-03  3.738125455399441e-03
1.890000000000001e+00  8.880909034058807e-03  5.266627097464817e-03  3.614281936593990e-03
1.900000000000001e+00  8.285153705043092e-03  4.801105678728867e-03  3.484048026314224e-03
1.910000000000001e+00  7.689382329463629e-03  4.341371587718201e-03  3.348010741745428e-03
1.920000000000001e+00  7.095372534517025e-03  3.888615953723566e-03  3.206756580793459e-03
1.930000000000001e+00  6.504825378133239e-03  3.443955680451103e-03  3.060869697682136e-03
1.940000000000001e+00  5.919363347779918e-03  3.008433204929594e-03  2.910930142850324e-03
1.950000000000001e+00  5.340528666883893e-03  2.583016495861575e-03  2.757512171022319e-03
1.960000000000001e+00  4.769781902389247e-03  2.168599281421877e-03  2.601182620967369e-03
1.970000000000001e+00  4.208500866323321e-03  1.766001496216211e-03  2.442499370107110e-03
1.980000000000001e+00  3.657979803636891e-03  1.375969936864846e-03  2.282009866772045e-03
1.990000000000001e+00  3.119428858021741e-03  9.991791154699981e-04  2.120249742551743e-03
2.000000000000001e+00  2.593973806890873e-03  6.362323000605811e-04  1.957741506830292e-03
2.010000000000001e+00  2.082656056229842e-03  2.876627309809699e-04  1.794993325248872e-03
2.020000000000001e+00  1.586432885597298e-03  -4.606499789596311e-05  1.632497883493261e-03
2.030000000000001e+00  1.106177933162565e-03  -3.645534043025945e-04  1.470731337465159e-03
2.040000000000001e+00  6.426819103251132e-04  -6.674704402410700e-04  1.310152350566183e-03
2.050000000000001e+00  1.966535351565282e-04  -9.545476833425646e-04  1.151201218499093e-03
2.060000000000001e+00  -2.312793263524836e-04  -1.225578408031111e-03  9.942990816786278e-04
2.070000000000001e+00  -6.405683224764579e-04  -1.480415547515406e-03  8.398472250389485e-04
2.080000000000001e+00  -1.030743092783624e-03  -1.718969557515938e-03  6.882264647323135e-04
2.090000000000001e+00  -1.401409571557322e-03  -1.941206192489021e-03  5.397966209316994e-04
2.100000000000001e+00  -1.752248129256960e-03  -2.147144204936517e-03  3.948960756795562e-04
2.110000000000001e+00  -2.083011563722442e-03  -2.336852978191759e-03  2.538414144693164e-04
2.120000000000001e+00  -2.393522952848672e-03  -2.510450102848838e-03  1.169271500001657e-04
2.130000000000001e+00  -2.683673380440526e-03  -2.668098906757642e-03  -1.557447368288412e-05
2.140000000000001e+00  -2.953419546909726e-03  -2.810005948240307e-03  -1.434135986694189e-04
2.150000000000001e+00  -3.202781276391454e-03  -2.936418481899753e-03  -2.663627944917016e-04
2.160000000000001e+00  -3.431838931743076e-03  -3.047621906087342e-03  -3.842170256557337e-04
2.170000000000001e+00  -3.640730748741173e-03  -3.143937200777977e-03  -4.967935479631962e-04
2.180000000000001e+00  -3.829650100617755e-03  -3.225718364267200e-03  -6.039317363505554e-04
2.190000000000001e+00  -3.998842703873329e-03  -3.293349856759114e-03  -7.054928471142154e-04
2.200000000000001e+00  -4.148603776075465e-03  -3.347244058555920e-03  -8.013597175195448e-04
2.210000000000001e+00  -4.279275156097873e-03  -3.387838750193323e-03  -8.914364059045502e-04
2.220000000000001e+00  -4.391242396978412e-03  -3.415594621491283e-03  -9.756477754871286e-04
2.230000000000001e+00  -4.484931841276503e-03  -3.430992816107065e-03  -1.053939025169438e-03
2.240000000000001e+00  -4.560807688494029e-03  -3.434532517792123e-03  -1.126275170701906e-03
2.250000000000001e+00  -4.619369063787348e-03  -3.426728584162893e-03  -1.192640479624455e-03
2.260000000000001e+00  -4.661147096848169e-03  -3.408109233403418e-03  -1.253037863444751e-03
2.270000000000001e+00  -4.686702019463728e-03  -3.379213788924213e-03  -1.307488230539515e-03
2.280000000000001e+00  -4.696620289889276e-03  -3.340590486608264e-03  -1.356029803281012e-03
2.290000000000001e+00  -4.691511751774616e-03  -3.292794348883211e-03  -1.398717402891405e-03
2.300000000000001e+00  -4.672006834987854e-03  -3.236385129470215e-03  -1.435621705517639e-03
2.310000000000001e+00  -4.638753805271159e-03  -3.171925332274386e-03  -1.466828472996772e-03
2.320000000000001e+00  -4.592416069249232e-03  -3.099978307501730e-03  -1.492437761747503e-03
2.330000000000001e+00  -4.533669540892273e-03  -3.021106427713412e-03  -1.512563113178862e-03
2.340000000000001e+00  -4.463200075112912e-03  -2.935869346160378e-03  -1.527330728952534e-03
2.350000000000001e+00  -4.381700973750844e-03  -2.844822339382214e-03  -1.536878634368630e-03
2.360000000000001e+00  -4.289870568775692e-03  -2.748514735702965e-03  -1.541355833072727e-03
2.370000000000001e+00  -4.188409887112115e-03  -2.647488430915029e-03  -1.540921456197086e-03
2.380000000000001e+00  -4.078020401070746e-03  -2.542276492111177e-03  -1.535743908959569e-03
2.390000000000001e+00  -3.959401867948259e-03  -2.433401850303202e-03  -1.526000017645057e-03
2.400000000000001e+00  -3.833250261946308e-03  -2.321376082157419e-03  -1.511874179788889e-03
2.410000000000001e+00  -3.700255801150056e-03  -2.206698280878611e-03  -1.493557520271445e-03
2.420000000000001e+00  -3.561101071904974e-03  -2.089854015989936e-03  -1.471247055915038e-03
2.430000000000001e+00  -3.416459252536936e-03  -1.971314381482698e-03  -1.445144871054237e-03
2.440000000000001e+00  -3.266992437974796e-03  -1.851535131551714e-03  -1.415457306423081e-03
2.450000000000001e+00  -3.113350066459396e-03  -1.730955902885027e-03  -1.382394163574369e-03
2.460000000000001e+00  -2.956167449157755e-03  -1.609999522245203e-03  -1.346167926912552e-03
2.470000000000001e+00  -2.796064403146971e-03  -1.489071397860312e-03  -1.306993005286658e-03
2.480000000000001e+00  -2.633643987891220e-03  -1.368558992938539e-03  -1.265084994952681e-03
2.490000000000001e+00  -2.469491345005495e-03  -1.248831379429675e-03  -1.220659965575820e-03
2.500000000000001e+00  -2.304172640784026e-03  -1.130238869980173e-03  -1.173933770803853e-03
2.510000000000001e+00  -2.138234110669058e-03  -1.013112725866244e-03  -1.125121384802814e-03
2.520000000000001e+00  -1.972201204547829e-03  -8.977649385409135e-04  -1.074436266006916e-03
2.530000000000001e+00  -1.806577831491702e-03  -7.844880822962632e-04  -1.022089749195439e-03
2.540000000000001e+00  -1.641845702293846e-03  -6.735552354216757e-04  -9.682904668721703e-04
2.550000000000001e+00  -1.478463767917288e-03  -5.652199671312357e-04  -9.132438007860524e-04
2.560000000000001e+00  -1.316867751738623e-03  -4.597163874398527e-04  -8.571513642987700e-04
2.570000000000001e+00  -1.157469773259283e-03  -3.572592570865841e-04  -8.002105161726991e-04
2.580000000000001e+00  -1.000658060760087e-03  -2.580441545361059e-04  -7.426139062239813e-04
2.590000000000001e+00  -8.467967501938511e-04  -1.622476970330611e-04  -6.845490531607899e-04
2.600000000000001e+00  -6.962257674450187e-04  -7.002781264133245e-05  -6.261979548036863e-04
2.610000000000001e+00  -5.492607909363378e-04  1.847593983164221e-05  -5.677367307679800e-04
2.620000000000001e+00  -4.061932914274948e-04  1.031420061457606e-04  -5.093352975732554e-04
2.630000000000001e+00  -2.672906457327427e-04  1.838664303034174e-04  -4.511570760361601e-04
2.640000000000001e+00  -1.327963209797818e-04  2.605624097171394e-04  -3.933587306969212e-04
2.650000000000001e+00  -2.930125944442766e-06  3.331598149862823e-04  -3.360899409307250e-04
2.660000000000001e+00  1.221114740795946e-04  4.016046773785053e-04  -2.794932032989107e-04
2.670000000000001e+00  2.421549824757302e-04  4.658586470814477e-04  -2.237036646057176e-04
2.680000000000001e+00  3.570494402104961e-04  5.258984252516476e-04  -1.688489850411515e-04
2.690000000000001e+00  4.666659421290028e-04  5.817151728400926e-04  -1.150492307110898e-04
2.700000000000001e+00  5.708971043379515e-04  6.333138991199485e-04  -6.241679478199698e-05
2.710000000000001e+00  6.696564863803879e-04  6.807128327796798e-04  -1.105634639929191e-05
2.720000000000001e+00  7.628779719013960e-04  7.239427783765942e-04  3.893519352480179e-05
2.730000000000001e+00  8.505151114861755e-04  7.630464608711912e-04  8.746865061498425e-05
2.740000000000001e+00  9.325404313236648e-04  7.980778608825760e-04  1.344625704410888e-04
2.750000000000001e+00  1.008944711309648e-03  8.291015432197394e-04  1.798431680899088e-04
2.760000000000001e+00  1.079736236153915e-03  8.561919811536055e-04  2.235442550003093e-04
2.770000000000001e+00  1.144940022997305e-03  8.794328788006512e-04  2.655071441966542e-04
2.780000000000001e+00  1.204597028976434e-03  8.989164938910452e-04  3.056805350853893e-04
2.790000000000001e+00  1.258763342097559e-03  9.147429630934798e-04  3.440203790040792e-04
2.800000000000001e+00  1.307509358697235e-03  9.270196319648829e-04  3.804897267323516e-04
2.810000000000001e+00  1.350918950675439e-03  9.358603914879397e-04  4.150585591874995e-04
2.820000000000001e+00  1.389088625589290e-03  9.413850230506725e-04  4.477036025386179e-04
2.830000000000001e+00  1.422126682590947e-03  9.437185536143812e-04  4.784081289765662e-04
2.840000000000001e+00  1.450152367083781e-03  9.429906227052705e-04  5.071617443785103e-04
2.850000000000001e+00  1.473295026856297e-03  9.393348627550519e-04  5.339601641012454e-04
2.860000000000001e+00  1.491693272334230e-03  9.328882942048751e-04  5.588049781293551e-04
2.870000000000001e+00  1.505494143468604e-03  9.237907366765005e-04  5.817034067921035e-04
2.880000000000001e+00  1.514852285651583e-03  9.121842374044561e-04  6.026680482471269e-04
2.890000000000001e+00  1.519929136923165e-03  8.982125180142319e-04  6.217166189089327e-04
2.900000000000001e+00  1.520892128601160e-03  8.820204406232619e-04  6.388716879778980e-04
2.910000000000001e+00  1.517913901334230e-03  8.637534941355898e-04  6.541604071986404e-04
2.920000000000001e+00  1.511171538444400e-03  8.435573014962766e-04  6.676142369481237e-04
2.930000000000001e+00  1.500845818291105e-03  8.215771485693044e-04  6.792686697218004e-04
2.940000000000001e+00  1.487120487254467e-03  7.979575352027882e-04  6.891629520516788e-04
2.950000000000001e+00  1.470181554801459e-03  7.728417489474879e-04  6.973398058539713e-04
2.960000000000001e+00  1.450216611965140e-03  7.463714618000433e-04  7.038451501650968e-04
2.970000000000001e+00  1.427414174434809e-03  7.186863502505827e-04  7.087278241842264e-04
2.980000000000001e+00  1.401963051324441e-03  6.899237388254476e-04  7.120393124989936e-04
2.990000000000001e+00  1.374051740557512e-03  6.602182672306768e-04  7.138334733268351e-04
3.000000000000001e+00  1.343867851680070e-03  6.297015811197578e-04  7.141662705603119e-04
3.010000000000001e+00  1.311597556789641e-03  5.985020464308550e-04  7.130955103587863e-04
3.020000000000001e+00  1.277425070146480e-03  5.667444871638334e-04  7.106805829826462e-04
3.030000000000001e+00  1.241532156915648e-03  5.345499463966554e-04  7.069822105189926e-04
3.040000000000001e+00  1.204097671373964e-03  5.020354702733000e-04  7.020622011006637e-04
3.050000000000001e+00  1.165297124804697e-03  4.693139146320956e-04  6.959832101726018e-04
3.060000000000001e+00  1.125302283196357e-03  4.364937738840600e-04  6.888085093122974e-04
3.070000000000001e+00  1.084280794758424e-03  4.036790316952310e-04  6.806017630631928e-04
3.080000000000001e+00  1.042395847168877e-03  3.709690329755185e-04  6.714268141933586e-04
3.090000000000001e+00  9.998058543735546e-04  3.384583766289768e-04  6.613474777445779e-04
3.100000000000001e+00  9.566641726683451e-04  3.062368284767836e-04  6.504273441915615e-04
3.110000000000001e+00  9.131188457096170e-04  2.743892537243821e-04  6.387295919852349e-04
3.120000000000001e+00  8.693123780185089e-04  2.429955683083780e-04  6.263168097101309e-04
3.130000000000001e+00  8.253815364691798e-04  2.121307084266975e-04  6.132508280424823e-04
3.140000000000001e+00  7.814571791804506e-04  1.818646175270450e-04  5.995925616534056e-04
3.150000000000001e+00  7.376641111649538e-04  1.522622500041519e-04  5.854018611608019e-04
3.160000000000001e+00  6.941209660290875e-04  1.233835908351242e-04  5.707373751939632e-04
3.170000000000001e+00  6.509401129613319e-04  9.528369036457660e-05  5.556564225967553e-04
3.180000000000001e+00  6.082275881957467e-04  6.801271343711091e-05  5.402148747586358e-04
3.190000000000001e+00  5.660830500916336e-04  4.161600206377613e-05  5.244670480278575e-04
3.200000000000001e+00  5.245997569290557e-04  1.613415080137210e-05  5.084656061276837e-04
3.210000000000001e+00  4.838645664837253e-04  -8.396905981015424e-06  4.922614724647407e-04
3.220000000000001e+00  4.439579564131562e-04  -3.194579577580246e-05  4.759037521889587e-04
3.230000000000001e+00  4.049540644589119e-04  -5.448559937712937e-05  4.594396638360412e-04
3.240000000000001e+00  3.669207474472053e-04  -7.599373291009266e-05  4.429144803572980e-04
3.250000000000001e+00  3.299196580521641e-04  -9.645182126492235e-05  4.263714793170864e-04
3.260000000000001e+00  2.940063382719426e-04  -1.158455637435136e-04  4.098519020154562e-04
3.270000000000001e+00  2.592303285583315e-04  -1.341645927142472e-04  3.933949212725787e-04
3.280000000000001e+00  2.256352915347016e-04  -1.514023260582432e-04  3.770376175929448e-04
3.290000000000001e+00  1.932591492351556e-04  -1.675558141744749e-04  3.608149634096305e-04
3.300000000000001e+00  1.621342327996370e-04  -1.826255822945412e-04  3.447598150941782e-04
3.310000000000001e+00  1.322874435649416e-04  -1.966154688386278e-04  3.289029124035694e-04
3.320000000000001e+00  1.037404245003443e-04  -2.095324605241052e-04  3.132728850244495e-04
3.330000000000001e+00  7.650974094825416e-05  -2.213865249161921e-04  2.978962658644463e-04
3.340000000000001e+00  5.060706964528547e-05  -2.321904410869801e-04  2.827975107322656e-04
3.350000000000001e+00  2.603939501671325e-05  -2.419596290248816e-04  2.679990240415949e-04
3.360000000000001e+00  2.809211757611806e-06  -2.507119784111053e-04  2.535211901687171e-04
3.370000000000001e+00  -1.908526726316537e-05  -2.584676773535759e-04  2.393824100904105e-04
3.380000000000001e+00  -3.964989871510188e-05  -2.652490416416856e-04  2.255991429265837e-04
3.390000000000001e+00  -5.889439304583450e-05  -2.710803450576251e-04  2.121859520117907e-04
3.400000000000001e+00  -7.683209613130031e-05  -2.759876512517295e-04  1.991555551204292e-04
3.410000000000001e+00  -9.347976918806069e-05  -2.799986476609225e-04  1.865188784728618e-04
3.420000000000001e+00  -1.088573677671398e-04  -2.831424819202004e-04  1.742851141530606e-04
3.430000000000001e+00  -1.229878206152440e-04  -2.854496011882080e-04  1.624617805729640e-04
3.440000000000001e+00  -1.358968091539602e-04  -2.869515947787768e-04  1.510547856248167e-04
3.450000000000001e+00  -1.476125482918748e-04  -2.876810404611768e-04  1.400684921693020e-04
3.460000000000001e+00  -1.581655692475591e-04  -2.876713547628667e-04  1.295057855153076e-04
3.470000000000001e+00  -1.675885050238819e-04  -2.869566475797458e-04  1.193681425558639e-04
3.480000000000001e+00  -1.759158791360971e-04  -2.855715813705342e-04  1.096557022344370e-04
3.490000000000001e+00  -1.831838981576771e-04  -2.835512351836762e-04  1.003673370259991e-04
3.500000000000001e+00  -1.894302486092089e-04  -2.809309737377416e-04  9.150072512853269e-05
3.510000000000001e+00  -1.946938986769467e-04  -2.777463217490505e-04  8.305242307210379e-05
3.520000000000001e+00  -1.990149052088314e-04  -2.740328436739138e-04  7.501793846508242e-05
3.530000000000001e+00  -2.024342263973220e-04  -2.698260290069901e-04  6.739180260966810e-05
3.540000000000001e+00  -2.049935405202066e-04  -2.651611832521839e-04  6.016764273197723e-05
3.550000000000001e+00  -2.067350710725686e-04  -2.600733246582282e-04  5.333825358565960e-05
3.560000000000001e+00  -2.077014185861594e-04  -2.545970867875519e-04  4.689566820139258e-05
3.570000000000001e+00  -2.079353993954244e-04  -2.487666269644177e-04  4.083122756899332e-05
3.580000000000001e+00  -2.074798915739170e-04  -2.426155406265878e-04  3.513564905267084e-05
3.590000000000001e+00  -2.063776882295245e-04  -2.361767815839158e-04  2.979909335439131e-05
3.600000000000001e+00  -2.046713583130259e-04  -2.294825881674782e-04  2.481122985445225e-05
3.610000000000001e+00  -2.024031150611886e-04  -2.225644152339105e-04  2.016130017272181e-05
3.620000000000001e+00  -1.996146921637540e-04  -2.154528719717926e-04  1.583817980803861e-05
3.630000000000001e+00  -1.963472277125788e-04  -2.081776654400647e-04  1.183043772748593e-05
3.640000000000001e+00  -1.926411559616460e-04  -2.007675497525243e-04  8.126393790878334e-06
3.650000000000001e+00  -1.885361068979901e-04  -1.932502808078140e-04  4.714173909823916e-06
3.660000000000001e+00  -1.840708135965812e-04  -1.856525764503531e-04  1.581762853771835e-06
3.670000000000001e+00  -1.792830273062567e-04  -1.780000819350273e-04  -1.282945371229371e-06
3.680000000000001e+00  -1.742094401892351e-04  -1.703173405567219e-04  -3.892099632513254e-06
3.690000000000001e+00  -1.688856156137647e-04  -1.626277692950021e-04  -6.257846318762566e-06
3.700000000000001e+00  -1.633459258776380e-04  -1.549536393146629e-04  -8.392286562975088e-06
3.710000000000001e+00  -1.576234972200203e-04  -1.473160611540764e-04  -1.030743606594386e-05
3.720000000000001e+00  -1.517501619602212e-04  -1.397349744255751e-04  -1.201518753464614e-05
3.730000000000001e+00  -1.457564175845085e-04  -1.322291418453140e-04  -1.352727573919455e-05
3.740000000000001e+00  -1.396713925861695e-04  -1.248161474043165e-04  -1.485524518185304e-05
3.750000000000001e+00  -1.335228188492805e-04  -1.175123984872842e-04  -1.601042036199631e-05
3.760000000000001e+00  -1.273370103535766e-04  -1.103331317419986e-04  -1.700387861157796e-05
3.770000000000001e+00  -1.211388479659588e-04  -1.032924224986418e-04  -1.784642546731702e-05
3.780000000000001e+00  -1.149517700738054e-04  -9.640319753638589e-05  -1.854857253741946e-05
3.790000000000001e+00  -1.087977688059715e-04  -8.967725099252372e-05  -1.912051781344777e-05
3.800000000000001e+00  -1.026973915800221e-04  -8.312526320938766e-05  -1.957212837063440e-05
3.810000000000001e+00  -9.666974770720499e-05  -7.675682231338021e-05  -1.991292539382478e-05
3.820000000000001e+00  -9.073251978196812e-05  -7.058044832180303e-05  -2.015207146016509e-05
3.830000000000001e+00  -8.490197957844460e-05  -6.460361957405350e-05  -2.029836000439110e-05
3.840000000000001e+00  -7.919300817369075e-05  -5.883280128590352e-05  -2.036020688778724e-05
3.850000000000001e+00  -7.361912001565699e-05  -5.327347602795478e-05  -2.034564398770221e-05
3.860000000000001e+00  -6.819249065333724e-05  -4.793017593262757e-05  -2.026231472070967e-05
3.870000000000001e+00  -6.292398784680080e-05  -4.280651643743312e-05  -2.011747140936768e-05
3.880000000000001e+00  -5.782320577646076e-05  -3.790523137654264e-05  -1.991797439991812e-05
3.890000000000001e+00  -5.289850207300158e-05  -3.322820923706482e-05  -1.967029283593675e-05
3.900000000000001e+00  -4.815703739283319e-05  -2.877653040148131e-05  -1.938050699135188e-05
3.910000000000001e+00  -4.360481726794863e-05  -2.455050520288761e-05  -1.905431206506102e-05
3.920000000000001e+00  -3.924673596384707e-05  -2.054971262543902e-05  -1.869702333840804e-05
3.930000000000001e+00  -3.508662208492047e-05  -1.677303948826326e-05  -1.831358259665721e-05
3.940000000000001e+00  -3.112728567280243e-05  -1.321871995736410e-05  -1.790856571543833e-05
3.950000000000001e+00  -2.737056655023509e-05  -9.884375236452930e-06  -1.748619131378216e-05
3.960000000000001e+00  -2.381738367033943e-05  -6.767053294298544e-06  -1.705033037604088e-05
3.970000000000001e+00  -2.046778523924206e-05  -3.863268492998764e-06  -1.660451674624330e-05
3.980000000000001e+00  -1.732099938843336e-05  -1.169040988514958e-06  -1.615195839991840e-05
3.990000000000001e+00  -1.437548518208690e-05  1.320064218124758e-06  -1.569554940021166e-05
4.000000000000001e+00  -1.162898375381505e-05  3.608898693463023e-06  -1.523788244727807e-05
4.010000000000001e+00  -9.078569376894674e-06  5.702692555331842e-06  -1.478126193222652e-05
4.020000000000001e+00  -6.720700281709616e-06  7.607017127874256e-06  -1.432771740958387e-05
4.030000000000001e+00  -4.551269044366213e-06  9.327748360622072e-06  -1.387901740498829e-05
4.040000000000001e+00  -2.565652380373976e-06  1.087103109755409e-05  -1.343668347792806e-05
4.050000000000001e+00  -7.587601878866776e-07  1.224324427467100e-05  -1.300200446255768e-05
4.060000000000001e+00  8.749163048648648e-07  1.345096711773906e-05  -1.257605081287420e-05
4.070000000000001e+00  2.341257422669604e-06  1.450094640487559e-05  -1.215968898220599e-05
4.080000000000001e+00  3.646469081355869e-06  1.540006485181692e-05  -1.175359577046105e-05
4.090000000000001e+00  4.797038094688936e-06  1.615531067102813e-05  -1.135827257633920e-05
4.100000000000001e+00  5.799688853771234e-06  1.677374834927601e-05  -1.097405949550477e-05
4.110000000000001e+00  6.661341472325998e-06  1.726249068187377e-05  -1.060114920954777e-05
4.120000000000001e+00  7.389071481206660e-06  1.762867209568236e-05  -1.023960061447570e-05
4.130000000000001e+00  7.990071145528823e-06  1.787942328683836e-05  -9.889352141309540e-06
4.140000000000001e+00  8.471612468109378e-06  1.802184719348960e-05  -9.550234725380224e-06
4.150000000000001e+00  8.841011933435775e-06  1.806299631813333e-05  -9.221984384697550e-06
4.160000000000001e+00  9.105597037121027e-06  1.800985140882913e-05  -8.904254371708106e-06
4.170000000000001e+00  9.272674636871514e-06  1.786930150344605e-05  -8.596626866574537e-06
4.180000000000001e+00  9.349501152289973e-06  1.764812533613130e-05  -8.298624183841326e-06
4.190000000000001e+00  9.343254632520681e-06  1.735297410058956e-05  -8.009719468068876e-06
4.200000000000001e+00  9.261008702656397e-06  1.699035556034200e-05  -7.729346857685608e-06
4.210000000000001e+00  9.109708392214822e-06  1.656661949195074e-05  -7.456911099735920e-06
4.220000000000001e+00  8.896147841588472e-06  1.608794444329897e-05  -7.191796601710503e-06
4.230000000000001e+00  8.626949875465015e-06  1.556032578539255e-05  -6.933375909927531e-06
4.240000000000001e+00  8.308547425560212e-06  1.498956503265810e-05  -6.681017607097891e-06
4.250000000000001e+00  7.947166778924074e-06  1.438126040374613e-05  -6.434093624822052e-06
4.260000000000001e+00  7.548812622041022e-06  1.374079859169677e-05  -6.191985969655751e-06
4.270000000000001e+00  7.119254845776553e-06  1.307334770995882e-05  -5.954092864182271e-06
4.280000000000001e+00  6.664017070985727e-06  1.238385137814334e-05  -5.719834307157608e-06
4.290000000000001e+00  6.188366850033116e-06  1.167702390935938e-05  -5.488657059326265e-06
4.300000000000001e+00  5.697307495236061e-06  1.095734655903728e-05  -5.260039063801221e-06
4.310000000000001e+00  5.195571481362685e-06  1.022906479344243e-05  -5.033493312079741e-06
4.320000000000001e+00  4.687615365834806e-06  9.496186534677080e-06  -4.808571168842274e-06
4.330000000000001e+00  4.177616167193187e-06  8.762481337701424e-06  -4.584865170508236e-06
4.340000000000001e+00  3.669469139706395e-06  8.031480453929521e-06  -4.362011314223126e-06
4.350000000000001e+00  3.166786879605798e-06  7.306477735126942e-06  -4.139690855521144e-06
4.360000000000001e+00  2.672899696452023e-06  6.590531330750892e-06  -3.917631634298869e-06
4.370000000000001e+00  2.190857181524943e-06  5.886466131448566e-06  -3.695608949923623e-06
4.380000000000001e+00  1.723430903819811e-06  5.196876911278137e-06  -3.473446007458326e-06
4.390000000000001e+00  1.273118163215215e-06  4.524132121045748e-06  -3.251013957830533e-06
4.400000000000001e+00  8.421467298406646e-07  3.870378285426676e-06  -3.028231555586012e-06
4.410000000000001e+00  4.324804981752022e-07  3.237544956682419e-06  -2.805064458507217e-06
4.420000000000001e+00  4.582598450698780e-08  2.627350178367334e-06  -2.581524193860346e-06
4.430000000000001e+00  -3.163604035195328e-07  2.041306412863948e-06  -2.357666816383481e-06
4.440000000000001e+00  -6.528643959497564e-07  1.480726887382578e-06  -2.133591283332334e-06
4.450000000000001e+00  -9.627052581983289e-07  9.467323138660428e-07  -1.909437572064372e-06
4.460000000000001e+00  -1.245126626299052e-06  4.402579392351896e-07  -1.685384565534241e-06
4.470000000000001e+00  -1.499586847617431e-06  -3.793911663106879e-08  -1.461647730986362e-06
4.480000000000001e+00  -1.725748893354815e-06  -4.872722765042462e-07  -1.238476616850569e-06
4.490000000000001e+00  -1.923469907727305e-06  -9.073177151701785e-07  -1.016152192557127e-06
4.500000000000001e+00  -2.092790456775308e-06  -1.297806401366539e-06  -7.949840554087687e-07
4.510000000000001e+00  -2.233923537989637e-06  -1.658616009726692e-06  -5.753075282629449e-07
4.520000000000001e+00  -2.347243409710263e-06  -1.989762738649065e-06  -3.574806710611975e-07
4.530000000000001e+00  -2.433274297146570e-06  -2.291393068623849e-06  -1.418812285227205e-07
4.540000000000001e+00  -2.492679029483024e-06  -2.563775493847143e-06  7.109646436411906e-08
4.550000000000001e+00  -2.526247660133274e-06  -2.807292258462028e-06  2.810445983287540e-07
4.560000000000001e+00  -2.534886119645888e-06  -3.022431127087990e-06  4.875450074421015e-07
4.570000000000001e+00  -2.519604948246270e-06  -3.209777217677117e-06  6.901722694308466e-07
4.580000000000001e+00  -2.481508152236925e-06  -3.370004923045456e-06  8.884967708085310e-07
4.590000000000001e+00  -2.421782225877471e-06  -3.503869945766187e-06  1.082087719888716e-06
4.600000000000001e+00  -2.341685377579422e-06  -3.612201469432740e-06  1.270516091853318e-06
4.610000000000001e+00  -2.242536996452823e-06  -3.695894487619267e-06  1.453357491166444e-06
4.620000000000001e+00  -2.125707392581981e-06  -3.755902310178203e-06  1.630194917596222e-06
4.630000000000001e+00  -1.992607841492578e-06  -3.793229264909475e-06  1.800621423416897e-06
4.640000000000001e+00  -1.844680960637151e-06  -3.808923610949405e-06  1.964242650312255e-06
4.650000000000001e+00  -1.683391442898738e-06  -3.804070678634356e-06  2.120679235735618e-06
4.660000000000001e+00  -1.510217169454102e-06  -3.779786249040249e-06  2.269569079586146e-06
4.670000000000001e+00  -1.326640721638959e-06  -3.737210184784739e-06  2.410569463145780e-06
4.680000000000001e+00  -1.134141308867805e-06  -3.677500322257397e-06  2.543359013389592e-06
4.690000000000001e+00  -9.341871270505918e-07  -3.601826633863790e-06  2.667639506813198e-06
4.700000000000001e+00  -7.282281595080183e-07  -3.511365667551856e-06  2.783137508043838e-06
4.710000000000001e+00  -5.176894298902746e-07  -3.407295269398231e-06  2.889605839507956e-06
4.720000000000001e+00  -3.039647143201701e-07  -3.290789593812503e-06  2.986824879492333e-06
4.730000000000001e+00  -8.841071766816582e-08  -3.163014404517745e-06  3.074603686849579e-06
4.740000000000001e+00  1.276582833269615e-07  -3.025122668353980e-06  3.152780951680942e-06
4.750000000000001e+00  3.429753294192842e-07  -2.878250442657509e-06  3.221225772076793e-06
4.760000000000001e+00  5.563252020433416e-07  -2.723513055993348e-06  3.279838258036690e-06
4.770000000000001e+00  7.665483835933462e-07  -2.562001580821431e-06  3.328549964414777e-06
4.780000000000001e+00  9.725445598224092e-07  -2.394779595771762e-06  3.367324155594172e-06
4.790000000000001e+00  1.173275671062637e-06  -2.222880234207259e-06  3.396155905269896e-06
4.800000000000001e+00  1.367768520571504e-06  -2.047303514962380e-06  3.415072035533884e-06
4.810000000000001e+00  1.555116949820890e-06  -1.869013950159230e-06  3.424130899980120e-06
4.820000000000001e+00  1.734483591782641e-06  -1.688938424443288e-06  3.423422016225929e-06
4.830000000000001e+00  1.905101214687702e-06  -1.507964339118435e-06  3.413065553806137e-06
4.840000000000001e+00  2.066273669734574e-06  -1.326938014118510e-06  3.393211683853084e-06
4.850000000000001e+00  2.217376457348982e-06  -1.146663340103515e-06  3.364039797452497e-06
4.860000000000001e+00  2.357856927479107e-06  -9.679006725143112e-07  3.325757599993418e-06
4.870000000000001e+00  2.487234130271169e-06  -7.913659588668142e-07  3.278600089137983e-06
4.880000000000001e+00  2.605098334147320e-06  -6.177300902349895e-07  3.222828424382310e-06
4.890000000000001e+00  2.711110228949792e-06  -4.476184674559453e-07  3.158728696405737e-06
4.900000000000001e+00  2.804999832313640e-06  -2.816107723105164e-07  3.086610604624157e-06
4.910000000000001e+00  2.886565117868889e-06  -1.202409336707459e-07  3.006806051539634e-06
4.920000000000001e+00  2.955670384154709e-06  3.600272158274227e-08  2.919667662571967e-06
4.930000000000001e+00  3.012244383402887e-06  1.866771432822418e-07  2.825567240120645e-06
4.940000000000001e+00  3.056278229431925e-06  3.313840687439146e-07  2.724894160688010e-06
4.950000000000001e+00  3.087823104015617e-06  4.697693802138805e-07  2.618053723801737e-06
4.960000000000001e+00  3.106987780988828e-06  6.015223195017511e-07  2.505465461487077e-06
4.970000000000001e+00  3.113935987295360e-06  7.263745703907120e-07  2.387561416904648e-06
4.980000000000001e+00  3.108883620000465e-06  8.440992193028192e-07  2.264784400697646e-06
4.990000000000001e+00  3.092095837999107e-06  9.545096046585605e-07  2.137586233340547e-06
5.000000000000001e+00  3.063884046893838e-06  1.057458065196682e-06  2.006425981697156e-06
5.010000000000001e+00  3.024602795099616e-06  1.152834597420509e-06  1.871768197679107e-06
5.020000000000001e+00  2.974646598770100e-06  1.240565432069854e-06  1.734081166700246e-06
5.030000000000001e+00  2.914446712775239e-06  1.320611539439868e-06  1.593835173335371e-06
5.040000000000001e+00  2.844467864238989e-06  1.392967072964639e-06  1.451500791274350e-06
5.050000000000001e+00  2.765204964723292e-06  1.457657760365842e-06  1.307547204357450e-06
5.060000000000001e+00  2.677179816452995e-06  1.514739251312812e-06  1.162440565140183e-06
5.070000000000001e+00  2.580937827314666e-06  1.564295430262836e-06  1.016642397051831e-06
5.080000000000001e+00  2.477044748703204e-06  1.606436702809795e-06  8.706080458934091e-07
5.090000000000001e+00  2.366083449558846e-06  1.641298263589409e-06  7.247851859694368e-07
5.100000000000001e+00  2.248650739198255e-06  1.669038353398030e-06  5.796123858002249e-07
5.110000000000001e+00  2.125354250782655e-06  1.689836512824964e-06  4.355177379576910e-07
5.120000000000001e+00  1.996809396517499e-06  1.703891839406186e-06  2.929175571113131e-07
5.130000000000001e+00  1.863636404849322e-06  1.711421254808162e-06  1.522151500411591e-07
5.140000000000001e+00  1.726457449169864e-06  1.712657788323289e-06  1.379966084657556e-08
5.150000000000001e+00  1.585893876738640e-06  1.707848882441566e-06  -1.219550057029262e-07
5.160000000000001e+00  1.442563545704014e-06  1.697254725992638e-06  -2.546911802886244e-07
5.170000000000001e+00  1.297078277351387e-06  1.681146619872945e-06  -3.840683425215582e-07
5.180000000000001e+00  1.150041429883051e-06  1.659805380068318e-06  -5.097639501852671e-07
5.190000000000001e+00  1.002045599266357e-06  1.633519782251057e-06  -6.314741829846999e-07
5.200000000000001e+00  8.536704519299795e-07  1.602585051872411e-06  -7.489145999424318e-07
5.210000000000001e+00  7.054806932961282e-07  1.567301403297550e-06  -8.618207100014219e-07
5.220000000000001e+00  5.580241754255457e-07  1.527972631163848e-06  -9.699484557383026e-07
5.230000000000001e+00  4.118301463261288e-07  1.484904756774632e-06  -1.073074610448503e-06
5.240000000000001e+00  2.674076427551520e-07  1.438404731985993e-06  -1.170997089230841e-06
5.250000000000001e+00  1.252440277010661e-07  1.388779202743691e-06  -1.263535175042625e-06
5.260000000000001e+00  -1.419632697564772e-08  1.336333333993812e-06  -1.350529660969459e-06
5.270000000000001e+00  -1.504732128255513e-07  1.281369697500232e-06  -1.431842910325783e-06
5.280000000000001e+00  -2.831716127784025e-07  1.224187223651795e-06  -1.507358836430198e-06
5.290000000000001e+00  -4.119025860425583e-07  1.165080218172810e-06  -1.576982804215369e-06
5.300000000000001e+00  -5.363040118290802e-07  1.104337444227880e-06  -1.640641456056960e-06
5.310000000000001e+00  -6.560411941946700e-07  1.042241270251726e-06  -1.698282464446395e-06
5.320000000000001e+00  -7.708073308857410e-07  9.790668835050992e-07  -1.749874214390840e-06
5.330000000000001e+00  -8.803238494268343e-07  9.150815691105440e-07  -1.795405418537378e-06
5.340000000000001e+00  -9.843406141803945e-07  8.505440541173064e-07  -1.834884668297701e-06
5.350000000000001e+00  -1.082636008457603e-06  7.857039158807315e-07  -1.868339924338335e-06
5.360000000000001e+00  -1.175016896090719e-06  7.208010538794086e-07  -1.895817949970127e-06
5.370000000000001e+00  -1.261318467279613e-06  6.560652238265487e-07  -1.917383691106162e-06
5.380000000000001e+00  -1.341403973699955e-06  5.917156328450138e-07  -1.933119606544969e-06
5.390000000000001e+00  -1.415164358202138e-06  5.279605942212947e-07  -1.943124952423433e-06
5.400000000000001e+00  -1.482517784618210e-06  4.649972401401012e-07  -1.947515024758311e-06
5.410000000000001e+00  -1.543409073377639e-06  4.030112906772650e-07  -1.946420364054904e-06
5.420000000000001e+00  -1.597809048814198e-06  3.421768771455137e-07  -1.939985925959712e-06
5.430000000000001e+00  -1.645713804155602e-06  2.826564178539552e-07  -1.928370222009557e-06
5.440000000000001e+00  -1.687143890296901e-06  2.246005441530376e-07  -1.911744434449938e-06
5.450000000000001e+00  -1.722143434537311e-06  1.681480746363685e-07  -1.890291509173679e-06
5.460000000000001e+00  -1.750779195470990e-06  1.134260352163258e-07  -1.864205230687315e-06
5.470000000000001e+00  -1.773139560286689e-06  6.054972280463954e-08  -1.833689283091328e-06
5.480000000000001e+00  -1.789333490677271e-06  9.622810203508823e-09  -1.798956300880779e-06
5.490000000000001e+00  -1.799489423544136e-06  -3.926251016436849e-08  -1.760226913379768e-06
5.500000000000001e+00  -1.803754132638452e-06  -8.602534612046381e-08  -1.717728786517988e-06
5.510000000000001e+00  -1.802291557159535e-06  -1.305958916354841e-07  -1.671695665524051e-06
5.520000000000001e+00  -1.795281603282764e-06  -1.729151812334441e-07  -1.622366422049320e-06
5.530000000000001e+00  -1.782918924405140e-06  -2.129348153130585e-07  -1.569984109092082e-06
5.540000000000001e+00  -1.765411685829566e-06  -2.506166588749723e-07  -1.514795026954594e-06
5.550000000000001e+00  -1.742980319382781e-06  -2.859325160254251e-07  -1.457047803357356e-06
5.560000000000001e+00  -1.715856273326083e-06  -3.188637826778106e-07  -1.396992490648273e-06
5.570000000000001e+00  -1.684280762739124e-06  -3.494010797917354e-07  -1.334879682947388e-06
5.580000000000001e+00  -1.648503525316519e-06  -3.775438694818131e-07  -1.270959655834706e-06
5.590000000000001e+00  -1.608781587350497e-06  -4.033000562380647e-07  -1.205481531112432e-06
5.600000000000001e+00  -1.565378044407180e-06  -4.266855754875718e-07  -1.138692468919608e-06
5.610000000000001e+00  -1.518560861010943e-06  -4.477239716331789e-07  -1.070836889377764e-06
5.620000000000001e+00  -1.468601693378640e-06  -4.664459676644405e-07  -1.002155725714199e-06
5.630000000000001e+00  -1.415774739020171e-06  -4.828890283451580e-07  -9.328857106750129e-07
5.640000000000001e+00  -1.360355616753871e-06  -4.970969189189722e-07  -8.632586978348993e-07
5.650000000000001e+00  -1.302620280453571e-06  -5.091192612040521e-07  -7.935010192495187e-07
5.660000000000001e+00  -1.242843969535503e-06  -5.190110888396243e-07  -7.238328806958785e-07
5.670000000000001e+00  -1.181300199002287e-06  -5.268324034044346e-07  -6.544677955978526e-07
5.680000000000001e+00  -1.118259791530791e-06  -5.326477329941868e-07  -5.856120585366037e-07
5.690000000000001e+00  -1.053989953879821e-06  -5.365256947996022e-07  -5.174642590802193e-07
5.700000000000001e+00  -9.887533995904874e-07  -5.385385631161878e-07  -4.502148364742997e-07
5.710000000000001e+00  -9.228075197444754e-07  -5.387618441189551e-07  -3.840456756255203e-07
5.720000000000001e+00  -8.564036032335486e-07  -5.372738586762531e-07  -3.191297445572955e-07
5.730000000000001e+00  -7.897861077909828e-07  -5.341553343487141e-07  -2.556307734422687e-07
5.740000000000001e+00  -7.231919827598500e-07  -5.294890076500064e-07  -1.937029751098436e-07
5.750000000000001e+00  -6.568500443511029e-07  -5.233592375597918e-07  -1.334908067913112e-07
5.760000000000001e+00  -5.909804038957449e-07  -5.158516311732866e-07  -7.512877272245823e-08
5.770000000000001e+00  -5.257939493784090e-07  -5.070526822924538e-07  -1.874126708595522e-08
5.780000000000001e+00  -4.614918803332678e-07  -4.970494236898416e-07  3.555754335657378e-08
5.790000000000001e+00  -3.982652959099309e-07  -4.859290936350569e-07  8.766379772512599e-08
5.800000000000001e+00  -3.362948358366776e-07  -4.737788173006600e-07  1.374839814639824e-07
5.810000000000001e+00  -2.757503736818554e-07  -4.606853034585172e-07  1.849349297766618e-07
5.820000000000001e+00  -2.167907617040023e-07  -4.467345568573633e-07  2.299437951533611e-07
5.830000000000001e+00  -1.595636264112695e-07  -4.320116066318980e-07  2.724479802206285e-07
5.840000000000001e+00  -1.042052137628836e-07  -4.166002509322267e-07  3.123950371693431e-07
5.850000000000001e+00  -5.084028279066213e-08  -4.005828179737424e-07  3.497425351830802e-07
5.860000000000001e+00  4.179537020035554e-10  -3.840399435732878e-07  3.844578972752914e-07
5.870000000000001e+00  4.946784285059107e-08  -3.670503652363450e-07  4.165182080869360e-07
5.880000000000001e+00  9.621926146161565e-08  -3.496907327251874e-07  4.459099941868031e-07
5.890000000000001e+00  1.405935434723058e-07  -3.320354350441312e-07  4.726289785164371e-07
5.900000000000001e+00  1.825233669631047e-07  -3.141564436844646e-07  4.966798106475693e-07
5.910000000000001e+00  2.219526026142430e-07  -2.961231719233450e-07  5.180757745375881e-07
5.920000000000001e+00  2.588361256009658e-07  -2.780023499357186e-07  5.368384755366845e-07
5.930000000000001e+00  2.931395929546796e-07  -2.598579154117780e-07  5.529975083664577e-07
5.940000000000001e+00  3.248391885153827e-07  -2.417509193531009e-07  5.665901078684835e-07
5.950000000000001e+00  3.539213375965777e-07  -2.237394466554016e-07  5.776607842519793e-07
5.960000000000001e+00  3.803823935788582e-07  -2.058785510753109e-07  5.862609446541690e-07
5.970000000000001e+00  4.042282986162929e-07  -1.882202041177114e-07  5.924485027340043e-07
5.980000000000001e+00  4.254742206930146e-07  -1.708132573827971e-07  5.962874780758117e-07
5.990000000000001e+00  4.441441692718639e-07  -1.537034178574970e-07  5.978475871293609e-07
6.000000000000001e+00  4.602705917528855e-07  -1.369332356252481e-07  5.972038273781337e-07
6.010000000000001e+00  4.738939529798275e-07  -1.205421034495209e-07  5.944360564293484e-07
6.020000000000001e+00  4.850622999912376e-07  -1.045662676609662e-07  5.896285676522038e-07
6.030000000000001e+00  4.938308141926168e-07  -8.903884978022333e-08  5.828696639728401e-07
6.040000000000001e+00  5.002613531060524e-07  -7.398987827235101e-08  5.742512313784035e-07
6.050000000000001e+00  5.044219837929969e-07  -5.944632983371349e-08  5.638683136267104e-07
6.060000000000001e+00  5.063865100170401e-07  -4.543217962593978e-08  5.518186896429798e-07
6.070000000000001e+00  5.062339951435763e-07  -3.196845981698004e-08  5.382024549605563e-07
6.080000000000001e+00  5.040482827351876e-07  -1.907332584771301e-08  5.231216085829006e-07
6.090000000000001e+00  4.999175167160226e-07  -6.762129795452427e-09  5.066796465114749e-07
6.100000000000001e+00  4.939336629245963e-07  4.952499760854762e-09  4.889811631637415e-07
6.110000000000001e+00  4.861920338058308e-07  1.606057197696876e-08  4.701314618288621e-07
6.120000000000001e+00  4.767908178912209e-07  2.655464267755998e-08  4.502361752136609e-07
6.130000000000001e+00  4.658306156717172e-07  3.642971856454433e-08  4.294008971071728e-07
6.140000000000001e+00  4.534139833466626e-07  4.568315727730425e-08  4.077308260693583e-07
6.150000000000001e+00  4.396449858893515e-07  5.431456386656732e-08  3.853304220227841e-07
6.160000000000001e+00  4.246287607382443e-07  6.232568422679265e-08  3.623030765114516e-07
6.170000000000001e+00  4.084710933572967e-07  6.972029600909392e-08  3.387507973482027e-07
6.180000000000001e+00  3.912780058319607e-07  7.650409755035189e-08  3.147739082816089e-07
6.190000000000001e+00  3.731553595297052e-07  8.268459529479179e-08  2.904707642349134e-07
6.200000000000001e+00  3.542084728189284e-07  8.827099019675041e-08  2.659374826221779e-07
6.210000000000001e+00  3.345417546957832e-07  9.327406356218452e-08  2.412676911335987e-07
6.220000000000001e+00  3.142583551145701e-07  9.770606276843452e-08  2.165522923461355e-07
6.230000000000001e+00  2.934598327018505e-07  1.015805872799372e-07  1.918792454219133e-07
6.240000000000001e+00  2.722458404652426e-07  1.049124753651118e-07  1.673333651001308e-07
6.250000000000001e+00  2.507138299734561e-07  1.077176918543397e-07  1.429961381191164e-07
6.260000000000001e+00  2.289587744774312e-07  1.100132173611394e-07  1.189455571162918e-07
6.270000000000001e+00  2.070729112607344e-07  1.118169392235110e-07  9.525597203722337e-08
6.280000000000001e+00  1.851455034909749e-07  1.131475445176931e-07  7.199795897328183e-08
6.290000000000001e+00  1.632626217423532e-07  1.140244154270949e-07  4.923820631525830e-08
6.300000000000001e+00  1.415069452525961e-07  1.144675272102108e-07  2.703941804238524e-08
6.310000000000001e+00  1.199575829645253e-07  1.144973490290790e-07  5.460233935446361e-09
6.320000000000001e+00  9.868991424222610e-08  1.141347478501165e-07  -1.544483360789042e-08
6.330000000000001e+00  7.777544917217896e-08  1.134008956159170e-07  -3.562544644373800e-08
6.340000000000001e+00  5.728170820894163e-08  1.123171798606492e-07  -5.503547165170757e-08
6.350000000000001e+00  3.727212092007853e-08  1.109051179280116e-07  -7.363299700793303e-08
6.360000000000001e+00  1.780594349673110e-08  1.091862749294843e-07  -9.138033143275323e-08
6.370000000000001e+00  -1.061805356940203e-09  1.071821855482829e-07  -1.082439909052231e-07
6.380000000000001e+00  -1.928039060138182e-08  1.049142797907609e-07  -1.241946703921427e-07
6.390000000000001e+00  -3.680338958604871e-08  1.024038127612617e-07  -1.392072023473104e-07
6.400000000000001e+00  -5.358870386481885e-08  9.967179851153625e-08  -1.532605023763551e-07
6.410000000000001e+00  -6.959855467805597e-08  9.673894801491314e-08  -1.663375026929691e-07
6.420000000000001e+00  -8.479946273349284e-08  9.362561127400625e-08  -1.784250740074991e-07
6.430000000000001e+00  -9.916221291426735e-08  9.035172358665175e-08  -1.895139365009191e-07
6.440000000000001e+00  -1.126618046254103e-07  8.693675594730760e-08  -1.995985605727179e-07
6.450000000000001e+00  -1.252773884817866e-07  8.339966956418834e-08  -2.086770580459750e-07
6.460000000000001e+00  -1.369921900726921e-07  7.975887445682975e-08  -2.167510645295219e-07
6.470000000000001e+00  -1.477934215649230e-07  7.603219208666019e-08  -2.238256136515832e-07
6.480000000000001e+00  -1.576721819162915e-07  7.223682195512622e-08  -2.299090038714177e-07
6.490000000000001e+00  -1.666233464971752e-07  6.838931208531809e-08  -2.350126585824933e-07
6.500000000000001e+00  -1.746454469001098e-07  6.450553332771545e-08  -2.391509802278253e-07
6.510000000000001e+00  -1.817405417587182e-07  6.060065737531506e-08  -2.423411991340333e-07
6.520000000000001e+00  -1.879140793783099e-07  5.668913838150117e-08  -2.446032177598110e-07
6.530000000000001e+00  -1.931747529803033e-07  5.278469809879863e-08  -2.459594510791020e-07
6.540000000000001e+00  -1.975343493767374e-07  4.890031437920921e-08  -2.464346637559466e-07
6.550000000000001e+00  -2.010075918567997e-07  4.504821295354176e-08  -2.460558048103414e-07
6.560000000000001e+00  -2.036119781070138e-07  4.123986231247000e-08  -2.448518404194838e-07
6.570000000000001e+00  -2.053676139051962e-07  3.748597160596899e-08  -2.428535855111652e-07
6.580000000000001e+00  -2.062970433861709e-07  3.379649137348427e-08  -2.400935347596552e-07
6.590000000000001e+00  -2.064250766161523e-07  3.018061699185427e-08  -2.366056936080065e-07
6.600000000000001e+00  -2.057786152085632e-07  2.664679467912367e-08  -2.324254098876869e-07
6.610000000000001e+00  -2.043864766951659e-07  2.320272991741680e-08  -2.275892066125827e-07
6.620000000000001e+00  -2.022792183489066e-07  1.985539813051227e-08  -2.221346164794188e-07
6.630000000000001e+00  -1.994889611066834e-07  1.661105748050322e-08  -2.161000185871866e-07
6.640000000000001e+00  -1.960492142594699e-07  1.347526361561665e-08  -2.095244778750866e-07
6.650000000000001e+00  -1.919947015022299e-07  1.045288623615378e-08  -2.024475877383836e-07
6.660000000000001e+00  -1.873611889386194e-07  7.548127313483115e-09  -1.949093162521026e-07
6.670000000000001e+00  -1.821853156021715e-07  4.764540821287965e-09  -1.869498564234594e-07
6.680000000000001e+00  -1.765044270175558e-07  2.105053826057296e-09  -1.786094808436131e-07
6.690000000000001e+00  -1.703564122925681e-07  -4.280111998472357e-10  -1.699284010927209e-07
6.700000000000001e+00  -1.637795452189588e-07  -2.832912994292465e-09  -1.609466322246663e-07
6.710000000000001e+00  -1.568123298095804e-07  -5.108467186853191e-09  -1.517038626227272e-07
6.720000000000001e+00  -1.494933506591003e-07  -7.254021170299246e-09  -1.422393294888010e-07
6.730000000000001e+00  -1.418611285266649e-07  -9.269428316114179e-09  -1.325917002105507e-07
6.740000000000001e+00  -1.339539814440289e-07  -1.115502164381863e-08  -1.227989598002103e-07
6.750000000000001e+00  -1.258098916726625e-07  -1.291158707547325e-08  -1.128983045971893e-07
6.760000000000001e+00  -1.174663787716394e-07  -1.454033639130982e-08  -1.029260423803296e-07
6.770000000000001e+00  -1.089603790073439e-07  -1.604288000585314e-08  -9.291749900149075e-08
6.780000000000001e+00  -1.003281313329184e-07  -1.742119966960739e-08  -8.290693166331101e-08
6.790000000000001e+00  -9.160507007470354e-08  -1.867762119791131e-08  -7.292744887679222e-08
6.800000000000001e+00  -8.282572450953838e-08  -1.981478733920995e-08  -6.301093717032843e-08
6.810000000000001e+00  -7.402362540979466e-08  -2.083563085774010e-08  -5.318799455205456e-08
6.820000000000001e+00  -6.523121865809901e-08  -2.174334793566915e-08  -4.348787072242986e-08
6.830000000000001e+00  -5.647978598242556e-08  -2.254137196617483e-08  -3.393841401625073e-08
6.840000000000001e+00  -4.779937282970923e-08  -2.323334781979292e-08  -2.456602500991631e-08
6.850000000000001e+00  -3.921872338595736e-08  -2.382310665654747e-08  -1.539561672940989e-08
6.860000000000001e+00  -3.076522270595911e-08  -2.431464134818701e-08  -6.450581357772104e-09
6.870000000000001e+00  -2.246484591167234e-08  -2.471208256952006e-08  2.247236657847714e-09
6.880000000000001e+00  -1.434211436730418e-08  -2.501967561767756e-08  1.067756125037338e-08
6.890000000000001e+00  -6.420058746239085e-09  -2.524175800712839e-08  1.882169926088930e-08
6.900000000000001e+00  1.279811133780491e-09  -2.538273788804845e-08  2.666254902182894e-08
6.910000000000001e+00  8.737529859577602e-09  -2.544707331721598e-08  3.418460317679358e-08
6.920000000000001e+00  1.593469349530179e-08  -2.543925243079315e-08  4.137394592609495e-08
6.930000000000001e+00  2.285447036810514e-08  -2.536377454133833e-08  4.821824490944347e-08
6.940000000000001e+00  2.948160577034524e-08  -2.522513216653684e-08  5.470673793688207e-08
6.950000000000001e+00  3.580242075398216e-08  -2.502779405071718e-08  6.083021480469934e-08
6.960000000000001e+00  4.180480527673646e-08  -2.477618914656786e-08  6.658099442330432e-08
6.970000000000001e+00  4.747820591169700e-08  -2.447469160143978e-08  7.195289751313679e-08
6.980000000000001e+00  5.281360837068145e-08  -2.412760673524585e-08  7.694121510592731e-08
6.990000000000001e+00  5.780351509496616e-08  -2.373915803138229e-08  8.154267312634845e-08
7.000000000000001e+00  6.244191818762719e-08  -2.331347511334969e-08  8.575539330097686e-08
7.010000000000001e+00  6.672426793686533e-08  -2.285458273112800e-08  8.957885066799334e-08
7.020000000000001e+00  7.064743723014769e-08  -2.236639072217849e-08  9.301382795232618e-08
7.030000000000001e+00  7.420968212478424e-08  -2.185268495415223e-08  9.606236707893647e-08
7.040000000000001e+00  7.741059886132336e-08  -2.131711922694651e-08  9.872771808826988e-08
7.050000000000001e+00  8.025107761461205e-08  -2.076320811519511e-08  1.010142857298072e-07
7.060000000000001e+00  8.273325326129773e-08  -2.019432073418784e-08  1.029275739954856e-07
7.070000000000001e+00  8.486045345702998e-08  -1.961367540309880e-08  1.044741288601288e-07
7.080000000000001e+00  8.663714430674826e-08  -1.902433518614293e-08  1.056614794928912e-07
7.090000000000001e+00  8.806887392147897e-08  -1.842920427339249e-08  1.064980781948715e-07
7.100000000000001e+00  8.916221412439661e-08  -1.783102519175774e-08  1.069932393161544e-07
7.110000000000001e+00  8.992470061335066e-08  -1.723237679137106e-08  1.071570774047217e-07
7.120000000000001e+00  9.036477182414255e-08  -1.663567299324818e-08  1.070004448173907e-07
7.130000000000001e+00  9.049170678449879e-08  -1.604316225779695e-08  1.065348690422957e-07
7.140000000000001e+00  9.031556220384707e-08  -1.545692774408335e-08  1.057724899479304e-07
7.150000000000001e+00  8.984710906745419e-08  -1.487888811645156e-08  1.047259971839058e-07
7.160000000000001e+00  8.909776896959368e-08  -1.431079897256128e-08  1.034085679421550e-07
7.170000000000001e+00  8.807955043790050e-08  -1.375425484555774e-08  1.018338052834582e-07
7.180000000000001e+00  8.680498545903598e-08  -1.321069175717043e-08  1.000156772162064e-07
7.190000000000001e+00  8.528706644860658e-08  -1.268139026947141e-08  9.796845671807800e-08
7.200000000000001e+00  8.353918386067455e-08  -1.216747900858505e-08  9.570666286925960e-08
7.210000000000001e+00  8.157506464136339e-08  -1.166993861577125e-08  9.324500325713464e-08
7.220000000000001e+00  7.940871171606008e-08  -1.118960609958928e-08  9.059831781564937e-08
7.230000000000001e+00  7.705434469477541e-08  -1.072717953866545e-08  8.778152423344086e-08
7.240000000000001e+00  7.452634195046133e-08  -1.028322310869759e-08  8.480956505915891e-08
7.250000000000001e+00  7.183918424764830e-08  -9.858172391296409e-09  8.169735663894471e-08
7.260000000000001e+00  6.900740004263266e-08  -9.452339938289982e-09  7.845973998092265e-08
7.270000000000001e+00  6.604551260534923e-08  -9.065921048916561e-09  7.511143365426580e-08
7.280000000000001e+00  6.296798908881380e-08  -8.698999725527717e-09  7.166698881434151e-08
7.290000000000001e+00  5.978919163467388e-08  -8.351554786307702e-09  6.814074642098159e-08
7.300000000000001e+00  5.652333064207504e-08  -8.023466088551051e-09  6.454679673062609e-08
7.310000000000001e+00  5.318442026705861e-08  -7.714520844908103e-09  6.089894111196671e-08
7.320000000000001e+00  4.978623623682603e-08  -7.424419996447104e-09  5.721065623327313e-08
7.330000000000001e+00  4.634227604919069e-08  -7.152784610069370e-09  5.349506065926006e-08
7.340000000000001e+00  4.286572159856174e-08  -6.899162289307748e-09  4.976488388786949e-08
7.350000000000001e+00  3.936940428436070e-08  -6.663033553477929e-09  4.603243783783863e-08
7.360000000000001e+00  3.586577262965595e-08  -6.443818172339053e-09  4.230959080199500e-08
7.370000000000001e+00  3.236686243453778e-08  -6.240881434178466e-09  3.860774386871624e-08
7.380000000000001e+00  2.888426947044823e-08  -6.053540317084145e-09  3.493780978753237e-08
7.390000000000001e+00  2.542912473315579e-08  -5.881069550964299e-09  3.131019428412009e-08
7.400000000000001e+00  2.201207223362836e-08  -5.722707549115633e-09  2.773477978274400e-08
7.410000000000001e+00  1.864324931692642e-08  -5.577662192697015e-09  2.422091150962343e-08
7.420000000000001e+00  1.533226949442798e-08  -5.445116444036799e-09  2.077738593846478e-08
7.430000000000001e+00  1.208820774102524e-08  -5.324233793052243e-09  1.741244153407749e-08
7.440000000000001e+00  8.919588232514155e-09  -5.214163500099722e-09  1.413375173261388e-08
7.450000000000001e+00  5.834374472923495e-09  -5.114045639954692e-09  1.094842011287819e-08
7.460000000000001e+00  2.839961751877817e-09  -5.023015934809999e-09  7.862977686687817e-09
7.470000000000001e+00  -5.682811426585612e-11  -4.940210351820288e-09  4.883382237554432e-09
7.480000000000001e+00  -2.849749840666648e-09  -4.864769484483415e-09  2.015019643816768e-09
7.490000000000001e+00  -5.533135582858811e-09  -4.795842680445198e-09  -7.372929024136131e-10
7.500000000000001e+00  -8.101893787445552e-09  -4.732591937805717e-09  -3.369301849639835e-09
7.510000000000001e+00  -1.055150606070737e-08  -4.674195544750976e-09  -5.877310515956390e-09
7.520000000000001e+00  -1.287802213163393e-08  -4.619851470089475e-09  -8.258170661544458e-09
7.530000000000001e+00  -1.507805301449745e-08  -4.568780505542389e-09  -1.050927250895506e-08
7.540000000000001e+00  -1.714876244156494e-08  -4.520229144861940e-09  -1.262853329670300e-08
7.550000000000001e+00  -1.908785668094226e-08  -4.473472221041570e-09  -1.461438445990069e-08
7.560000000000001e+00  -2.089357281341123e-08  -4.427815272583919e-09  -1.646575754082731e-08
7.570000000000001e+00  -2.256466558998830e-08  -4.382596681427118e-09  -1.818206890856118e-08
7.580000000000001e+00  -2.410039295170706e-08  -4.337189544225679e-09  -1.976320340748138e-08
7.590000000000001e+00  -2.550050032016782e-08  -4.291003309154581e-09  -2.120949701101324e-08
7.600000000000001e+00  -2.676520375621156e-08  -4.243485169858213e-09  -2.252171858635334e-08
7.610000000000001e+00  -2.789517209546996e-08  -4.194121224682040e-09  -2.370105087078792e-08
7.620000000000001e+00  -2.889150815099071e-08  -4.142437410023945e-09  -2.474907074096676e-08
7.630000000000001e+00  -2.975572909501511e-08  -4.088000208728739e-09  -2.566772888628637e-08
7.640000000000001e+00  -3.048974610909703e-08  -4.030417143002668e-09  -2.645932896609436e-08
7.650000000000001e+00  -3.109584341206296e-08  -3.969337063891804e-09  -2.712650634817115e-08
7.660000000000001e+00  -3.157665675418124e-08  -3.904450237777226e-09  -2.767220651640402e-08
7.670000000000001e+00  -3.193515147584261e-08  -3.835488243097045e-09  -2.809966323274556e-08
7.680000000000001e+00  -3.217460022983968e-08  -3.762223687015060e-09  -2.841237654282463e-08
7.690000000000001e+00  -3.229856044880942e-08  -3.684469746583610e-09  -2.861409070222581e-08
7.700000000000001e+00  -3.231085165147497e-08  -3.602079544711424e-09  -2.870877210676355e-08
7.710000000000001e+00  -3.221553267807831e-08  -3.514945382673863e-09  -2.870058729540445e-08
7.720000000000001e+00  -3.201687892685693e-08  -3.422997814556041e-09  -2.859388111230089e-08
7.730000000000001e+00  -3.171935968279700e-08  -3.326204596858005e-09  -2.839315508593899e-08
7.740000000000001e+00  -3.132761560708471e-08  -3.224569513322952e-09  -2.810304609376176e-08
7.750000000000001e+00  -3.084643646424801e-08  -3.118131082336185e-09  -2.772830538191182e-08
7.760000000000001e+00  -3.028073915626313e-08  -3.006961164563198e-09  -2.727377799169993e-08
7.770000000000001e+00  -2.963554612712264e-08  -2.891163473071544e-09  -2.674438265405110e-08
7.780000000000001e+00  -2.891596420377339e-08  -2.770872005561580e-09  -2.614509219821181e-08
7.790000000000001e+00  -2.812716392411495e-08  -2.646249393447671e-09  -2.548091453066728e-08
7.800000000000001e+00  -2.727435941739653e-08  -2.517485196238791e-09  -2.475687422115774e-08
7.810000000000001e+00  -2.636278887733016e-08  -2.384794138899018e-09  -2.397799473843114e-08
7.820000000000001e+00  -2.539769567746197e-08  -2.248414297967648e-09  -2.314928137949432e-08
7.830000000000001e+00  -2.438431017394770e-08  -2.108605261101297e-09  -2.227570491284640e-08
7.840000000000001e+00  -2.332783222841214e-08  -1.965646252574787e-09  -2.136218597583735e-08
7.850000000000001e+00  -2.223341449006490e-08  -1.819834244098123e-09  -2.041358024596678e-08
7.860000000000001e+00  -2.110614646297378e-08  -1.671482054197042e-09  -1.943466440877673e-08
7.870000000000001e+00  -1.995103939093808e-08  -1.520916446319005e-09  -1.843012294461908e-08
7.880000000000001e+00  -1.877301197360842e-08  -1.368476233093940e-09  -1.740453574051448e-08
7.890000000000001e+00  -1.757687694120069e-08  -1.214510392009696e-09  -1.636236654919099e-08
7.900000000000001e+00  -1.636732849576624e-08  -1.059376203819203e-09  -1.530795229194704e-08
7.910000000000001e+00  -1.514893063703017e-08  -9.034374171399648e-10  -1.424549321989021e-08
7.920000000000001e+00  -1.392610637310429e-08  -7.470624457286367e-10  -1.317904392737565e-08
7.930000000000001e+00  -1.270312782767778e-08  -5.906226048796444e-10  -1.211250522279814e-08
7.940000000000001e+00  -1.148410723830026e-08  -4.344903947652880e-10  -1.104961684353497e-08
7.950000000000001e+00  -1.027298884855227e-08  -2.790378316214843e-10  -9.993951016930785e-09
7.960000000000001e+00  -9.073541686093493e-09  -1.246348341353291e-10  -8.948906851958164e-09
7.970000000000001e+00  -7.889353219785291e-09  2.835233054062357e-11  -7.917705550325914e-09
7.980000000000001e+00  -6.723823882870010e-09  1.795625370005967e-10  -6.903386419870607e-09
7.990000000000001e+00  -5.580162451854918e-09  3.286412264530353e-10  -5.908803678307954e-09
8.000000000000002e+00  -4.461382261673208e-09  4.752417619226921e-10  -4.936624023595900e-09
8.010000000000002e+00  -3.370298243061502e-09  6.190267064006984e-10  -3.989324949462200e-09
8.020000000000001e+00  -2.309524753419273e-09  7.596690342367106e-10  -3.069193787655983e-09
8.030000000000001e+00  -1.281474190441125e-09  8.968532562025779e-10  -2.178327446643703e-09
8.040000000000003e+00  -2.883563521501204e-10  1.030276471295684e-09  -1.318632823445804e-09
8.050000000000002e+00  6.678214737088074e-10  1.159649334336164e-09  -4.918278606273567e-10
8.060000000000002e+00  1.585253726568336e-09  1.284696949311099e-09  3.005567772572368e-10
8.070000000000002e+00  2.462335118092998e-09  1.405159671157652e-09  1.057175446935347e-09
8.080000000000002e+00  3.297658540311457e-09  1.520793832413806e-09  1.776864707897651e-09
8.090000000000002e+00  4.090012366618992e-09  1.631372384139124e-09  2.458639982479868e-09
8.100000000000001e+00  4.838377182024274e-09  1.736685459906438e-09  3.101691722117836e-09
8.110000000000001e+00  5.541921966476483e-09  1.836540849454501e-09  3.705381117021982e-09
8.120000000000003e+00  6.199999775829886e-09  1.930764400522801e-09  4.269235375307084e-09
8.130000000000003e+00  6.812142948701971e-09  2.019200337432200e-09  4.792942611269771e-09
8.140000000000002e+00  7.378057874514714e-09  2.101711501659938e-09  5.276346372854776e-09
8.150000000000002e+00  7.897619360941445e-09  2.178179517541524e-09  5.719439843399920e-09
8.160000000000002e+00  8.370864629953023e-09  2.248504883341653e-09  6.122359746611370e-09
8.170000000000002e+00  8.797986982124496e-09  2.312606986421208e-09  6.485379995703287e-09
8.180000000000001e+00  9.179329164639982e-09  2.370424055082980e-09  6.808905109557002e-09
8.190000000000001e+00  9.515376471624536e-09  2.421913035250879e-09  7.093463436373657e-09
8.200000000000001e+00  9.806749618585060e-09  2.467049407775887e-09  7.339700210809173e-09
8.210000000000003e+00  1.005419741761280e-08  2.505826938941303e-09  7.548370478671495e-09
8.220000000000002e+00  1.025858929187268e-08  2.538257375109496e-09  7.720331916763181e-09
8.230000000000002e+00  1.042090765876584e-08  2.564370078289222e-09  7.856537580476620e-09
8.240000000000002e+00  1.054224021131943e-08  2.584211605406048e-09  7.958028605913377e-09
8.250000000000002e+00  1.062377213681235e-08  2.597845247130789e-09  8.025926889681557e-09
8.260000000000002e+00  1.066677829141325e-08  2.605350507155925e-09  8.061427784257329e-09
8.270000000000001e+00  1.067261536594410e-08  2.606822544425067e-09  8.065792821519029e-09
8.280000000000001e+00  1.064271407225385e-08  2.602371574259731e-09  8.040342497994115e-09
8.290000000000003e+00  1.057857136982752e-08  2.592122230958121e-09  7.986449138869403e-09
8.300000000000002e+00  1.048174276587175e-08  2.576212896835712e-09  7.905529869036039e-09
8.310000000000002e+00  1.035383470545988e-08  2.554795000524200e-09  7.799039704935684e-09
8.320000000000002e+00  1.019649708261967e-08  2.528032289593783e-09  7.668464793025889e-09
8.330000000000002e+00  1.001141588529409e-08  2.496100076292151e-09  7.515315809001938e-09
8.340000000000002e+00  9.800306002880155e-09  2.459184466352153e-09  7.341121536528003e-09
8.350000000000001e+00  9.564904209238677e-09  2.417481568617200e-09  7.147422640621477e-09
8.360000000000001e+00  9.306962341248949e-09  2.371196691086171e-09  6.935765650162778e-09
8.370000000000003e+00  9.028240689705547e-09  2.320543525207814e-09  6.707697164497733e-09
8.380000000000003e+00  8.730501615263041e-09  2.265743326033608e-09  6.464758289229434e-09
8.390000000000002e+00  8.415503405863536e-09  2.207024083232306e-09  6.208479322631230e-09
8.400000000000002e+00  8.084994384203207e-09  2.144619692653284e-09  5.940374691549923e-09
8.410000000000002e+00  7.740707281317050e-09  2.078769131193947e-09  5.661938150123102e-09
8.420000000000002e+00  7.384353877107154e-09  2.009715629882593e-09  5.374638247224562e-09
8.430000000000001e+00  7.017619928221886e-09  1.937705860662750e-09  5.079914067559136e-09
8.440000000000001e+00  6.642160377032554e-09  1.862989127014363e-09  4.779171250018191e-09
8.450000000000001e+00  6.259594857246645e-09  1.785816568852692e-09  4.473778288393953e-09
8.460000000000003e+00  5.871503495618122e-09  1.706440381525616e-09  4.165063114092506e-09
8.470000000000002e+00  5.479423010662621e-09  1.625113044619569e-09  3.854309966043052e-09
8.480000000000002e+00  5.084843124394430e-09  1.542086586502342e-09  3.542756537892088e-09
8.490000000000002e+00  4.689203261736729e-09  1.457611844456459e-09  3.231591417280270e-09
8.500000000000002e+00  4.293889563915743e-09  1.371937767165174e-09  2.921951796750569e-09
8.510000000000002e+00  3.900232201043127e-09  1.285310731015115e-09  2.614921470028012e-09
8.520000000000001e+00  3.509502979995331e-09  1.197973883678201e-09  2.311529096317130e-09
8.530000000000001e+00  3.122913253921333e-09  1.110166515986431e-09  2.012746737934902e-09
8.540000000000003e+00  2.741612117650480e-09  1.022123459501484e-09  1.719488658148996e-09
8.550000000000002e+00  2.366684894260851e-09  9.340745150981119e-10  1.432610379162739e-09
8.560000000000002e+00  1.999151898971140e-09  8.462439105361915e-10  1.152907988434949e-09
8.570000000000002e+00  1.639967479735595e-09  7.588497894056737e-10  8.811176903299213e-10
8.580000000000002e+00  1.290019322706834e-09  6.721037327997326e-10  6.179155899071017e-10
8.590000000000002e+00  9.501280164917072e-10  5.862103123346675e-10  3.639177041570397e-10
8.600000000000001e+00  6.210468684589614e-10  5.013666761065581e-10  1.196801923524033e-10
8.610000000000001e+00  3.034619592783066e-10  4.177621694741829e-10  -1.143002101958763e-10
8.620000000000003e+00  -2.007568462408565e-12  3.355779875154851e-10  -3.375855559778937e-10
8.630000000000003e+00  -2.948090022929253e-10  2.549868633791513e-10  -5.497958656720766e-10
8.640000000000002e+00  -5.744553399846441e-10  1.761527883991307e-10  -7.506081283837748e-10
8.650000000000002e+00  -8.405243692654707e-10  9.923076741802243e-11  -9.397551366834931e-10
8.660000000000002e+00  -1.092657559550822e-09  2.436660794580197e-11  -1.117024167496624e-09
8.670000000000002e+00  -1.330558775448830e-09  -4.830326074384786e-11  -1.282255514704982e-09
8.680000000000001e+00  -1.553992821610913e-09  -1.186519294162623e-10  -1.435340892194651e-09
8.690000000000001e+00  -1.762783836229299e-09  -1.865621230462596e-10  -1.576221713183039e-09
8.700000000000003e+00  -1.956813544245749e-09  -2.519262887544119e-10  -1.704887255491337e-09
8.710000000000003e+00  -2.136019364718898e-09  -3.146466303063089e-10  -1.821372734412589e-09
8.720000000000002e+00  -2.300392418516819e-09  -3.746351424086648e-10  -1.925757276108155e-09
8.730000000000002e+00  -2.449975415215757e-09  -4.318135945934053e-10  -2.018161820622351e-09
8.740000000000002e+00  -2.584860446664007e-09  -4.861134913887330e-10  -2.098746955275274e-09
8.750000000000002e+00  -2.705186696914645e-09  -5.374760079697907e-10  -2.167710688944855e-09
8.760000000000002e+00  -2.811138076999565e-09  -5.858518951944719e-10  -2.225286181805093e-09
8.770000000000001e+00  -2.902940799453233e-09  -6.312013591489774e-10  -2.271739440304255e-09
8.780000000000001e+00  -2.980860901136024e-09  -6.734939201224016e-10  -2.307366981013622e-09
8.790000000000003e+00  -3.045201723243211e-09  -7.127082418429583e-10  -2.332493481400252e-09
8.800000000000002e+00  -3.096301363078263e-09  -7.488319429467111e-10  -2.347469420131552e-09
8.810000000000002e+00  -3.134530106202237e-09  -7.818613859430957e-10  -2.352668720259141e-09
8.820000000000002e+00  -3.160287847956504e-09  -8.118014468695299e-10  -2.348486401086974e-09
8.830000000000002e+00  -3.174001511285226e-09  -8.386652634907308e-10  -2.335336247794495e-09
8.840000000000002e+00  -3.176122477564384e-09  -8.624739710966288e-10  -2.313648506467756e-09
8.850000000000001e+00  -3.167124031528797e-09  -8.832564188649148e-10  -2.283867612663882e-09
8.860000000000001e+00  -3.147498829244409e-09  -9.010488699513954e-10  -2.246449959293014e-09
8.870000000000003e+00  -3.117756406122796e-09  -9.158946954872176e-10  -2.201861710635578e-09
8.880000000000003e+00  -3.078420717392803e-09  -9.278440482611009e-10  -2.150576669131702e-09
8.890000000000002e+00  -3.030027730834615e-09  -9.369535289407838e-10  -2.093074201893831e-09
8.900000000000002e+00  -2.973123072569459e-09  -9.432858453363411e-10  -2.029837227233118e-09
8.910000000000002e+00  -2.908259733010510e-09  -9.469094600026361e-10  -1.961350273007874e-09
8.920000000000002e+00  -2.835995838262919e-09  -9.478982330830458e-10  -1.888097605179873e-09
8.930000000000001e+00  -2.756892492975772e-09  -9.463310587598399e-10  -1.810561434215932e-09
8.940000000000001e+00  -2.671511699248867e-09  -9.422914981487904e-10  -1.729220201100076e-09
8.950000000000003e+00  -2.580414354886985e-09  -9.358674082163935e-10  -1.644546946670591e-09
8.960000000000003e+00  -2.484158336335969e-09  -9.271505702784870e-10  -1.557007766057482e-09
8.970000000000002e+00  -2.383296668360399e-09  -9.162363159117194e-10  -1.467060352448680e-09
8.980000000000002e+00  -2.278375785095565e-09  -9.032231555150675e-10  -1.375152629580498e-09
8.990000000000002e+00  -2.169933882902168e-09  -8.882124073519301e-10  -1.281721475550238e-09
9.000000000000002e+00  -2.058499368436731e-09  -8.713078290700017e-10  -1.187191539366730e-09
9.010000000000002e+00  -1.944589402191098e-09  -8.526152510888578e-10  -1.091974151102240e-09
9.020000000000001e+00  -1.828708544297964e-09  -8.322422212486050e-10  -9.964663230493593e-10
9.030000000000001e+00  -1.711347492293628e-09  -8.102976459113184e-10  -9.010498463823094e-10
9.040000000000003e+00  -1.592981923987266e-09  -7.868914439365914e-10  -8.060904800506747e-10
9.050000000000002e+00  -1.474071437171473e-09  -7.621342072191476e-10  -7.119372299523251e-10
9.060000000000002e+00  -1.355058587639144e-09  -7.361368650776605e-10  -6.189217225614840e-10
9.070000000000002e+00  -1.236368028296267e-09  -7.090103637019127e-10  -5.273576645943544e-10
9.080000000000002e+00  -1.118405742659551e-09  -6.808653495816320e-10  -4.375403930779186e-10
9.090000000000002e+00  -1.001558381373928e-09  -6.518118694224693e-10  -3.497465119514587e-10
9.100000000000001e+00  -8.861926813487167e-10  -6.219590707707064e-10  -2.642336105780103e-10
9.110000000000001e+00  -7.726549926138507e-10  -5.914149255386716e-10  -1.812400670751791e-10
9.120000000000003e+00  -6.612708867293093e-10  -5.602859588283620e-10  -1.009849279009473e-10
9.130000000000003e+00  -5.523448562408643e-10  -5.286769894714945e-10  -2.366786676936982e-11
9.140000000000002e+00  -4.461601028133705e-10  -4.966908868544104e-10  5.053078404103986e-11
9.150000000000002e+00  -3.429784060984335e-10  -4.644283386519520e-10  1.214499325535185e-10
9.160000000000002e+00  -2.430400754087367e-10  -4.319876305705363e-10  1.889475551617996e-10
9.170000000000002e+00  -1.465639776162833e-10  -3.994644434309356e-10  2.529004658146523e-10
9.180000000000001e+00  -5.374764133753969e-11  -3.669516604803429e-10  3.132040191428032e-10
9.190000000000001e+00  3.523256971354171e-11  -3.345391893612599e-10  3.697717590748017e-10
9.200000000000003e+00  1.202212138154671e-10  -3.023138000206109e-10  4.225350138360780e-10
9.210000000000003e+00  2.010834658255969e-10  -2.703589744636054e-10  4.714424402892023e-10
9.220000000000002e+00  2.777047498984032e-10  -2.387547707292750e-10  5.164595206276783e-10
9.230000000000002e+00  3.499903159046579e-10  -2.075777037297905e-10  5.575680196344485e-10
9.240000000000002e+00  4.178647654454382e-10  -1.769006328600915e-10  5.947653983055297e-10
9.250000000000002e+00  4.812715212389261e-10  -1.467926764164028e-10  6.280641976553288e-10
9.260000000000002e+00  5.401722615061064e-10  -1.173191245309787e-10  6.574913860370852e-10
9.270000000000001e+00  5.945463048269845e-10  -8.854137637803806e-11  6.830876812050225e-10
9.280000000000001e+00  6.443899602412427e-10  -6.051688593730418e-11  7.049068461785469e-10
9.290000000000003e+00  6.897158442117668e-10  -3.329912327793674e-11  7.230149674897036e-10
9.300000000000002e+00  7.305521660523061e-10  -6.937546595687870e-12  7.374897126479940e-10
9.310000000000002e+00  7.669419881282047e-10  1.852241279589470e-11  7.484195753323100e-10
9.320000000000002e+00  7.989424625724227e-10  4.303935245083264e-11  7.559031101215900e-10
9.330000000000002e+00  8.266240493251767e-10  6.657588920927376e-11  7.600481601159029e-10
9.340000000000002e+00  8.500697190221140e-10  8.909863997401632e-11  7.609710790480977e-10
9.350000000000001e+00  8.693741433556203e-10  1.105781886290735e-10  7.587959547265468e-10
9.360000000000001e+00  8.846428773825076e-10  1.309890454034333e-10  7.536538319790744e-10
9.370000000000003e+00  8.959915351969358e-10  1.503095939279271e-10  7.456819412690087e-10
9.380000000000003e+00  9.035449646302514e-10  1.685220295075436e-10  7.350229351227078e-10
9.390000000000002e+00  9.074364231036324e-10  1.856122896193197e-10  7.218241334843127e-10
9.400000000000002e+00  9.078067534382995e-10  2.015699716228351e-10  7.062367818154643e-10
9.410000000000002e+00  9.048035722956253e-10  2.163882483897788e-10  6.884153239058466e-10
9.420000000000002e+00  8.985804614197329e-10  2.300637706124390e-10  6.685166908072939e-10
9.430000000000001e+00  8.892961748761976e-10  2.425965658638783e-10  6.466996090123192e-10
9.440000000000001e+00  8.771138581873449e-10  2.539899297984090e-10  6.231239283889358e-10
9.450000000000003e+00  8.622002837576920e-10  2.642503095142635e-10  5.979499742434284e-10
9.460000000000003e+00  8.447251045619063e-10  2.733871852326072e-10  5.713379193292991e-10
9.470000000000002e+00  8.248601284383749e-10  2.814129429262216e-10  5.434471855121533e-10
9.480000000000002e+00  8.027786140650384e-10  2.883427462054574e-10  5.144358678595810e-10
9.490000000000002e+00  7.786545896939318e-10  2.941944000210664e-10  4.844601896728654e-10
9.500000000000002e+00  7.526621988346081e-10  2.989882168469659e-10  4.536739819876422e-10
9.510000000000002e+00  7.249750683376042e-10  3.027468714036308e-10  4.222281969339735e-10
9.520000000000001e+00  6.957657099493743e-10  3.054952635884039e-10  3.902704463609703e-10
9.530000000000001e+00  6.652049442100887e-10  3.072603691292551e-10  3.579445750808336e-10
9.540000000000003e+00  6.334613580799424e-10  3.080710966993384e-10  3.253902613806041e-10
9.550000000000002e+00  6.007007908782462e-10  3.079581398555124e-10  2.927426510227338e-10
9.560000000000002e+00  5.670858506375787e-10  3.069538283355577e-10  2.601320223020210e-10
9.570000000000002e+00  5.327754640578029e-10  3.050919826037542e-10  2.276834814540487e-10
9.580000000000002e+00  4.979244546967192e-10  3.024077660512971e-10  1.955166886454220e-10
9.590000000000002e+00  4.626831560195926e-10  2.989375373471620e-10  1.637456186724306e-10
9.600000000000001e+00  4.271970546199486e-10  2.947187074675501e-10  1.324783471523985e-10
9.610000000000001e+00  3.916064660299794e-10  2.897895950589978e-10  1.018168709709815e-10
9.620000000000003e+00  3.560462417877025e-10  2.841892839709260e-10  7.185695781677646e-11
9.630000000000003e+00  3.206455088451577e-10  2.779574865523578e-10  4.268802229279991e-11
9.640000000000002e+00  2.855274397700000e-10  2.711344048046733e-10  1.439303496532662e-11
9.650000000000002e+00  2.508090532242234e-10  2.637605981888638e-10  -1.295154496464040e-11
9.660000000000002e+00  2.166010460974377e-10  2.558768536179820e-10  -3.927580752054430e-11
9.670000000000002e+00  1.830076524876337e-10  2.475240567662136e-10  -6.451640427857992e-11
9.680000000000001e+00  1.501265356533349e-10  2.387430722481941e-10  -8.861653659485920e-11
9.690000000000001e+00  1.180487037252542e-10  2.295746217638813e-10  -1.115259180386271e-10
9.700000000000003e+00  8.685845701465655e-11  2.200591734494239e-10  -1.332007164347674e-10
9.710000000000003e+00  5.663335689725846e-11  2.102368272022671e-10  -1.536034703050087e-10
9.720000000000002e+00  2.744422492991423e-11  2.001472129890074e-10  -1.727029880590932e-10
9.730000000000002e+00  -6.448366372155429e-13  1.898293895895788e-10  -1.904742262267944e-10
9.740000000000002e+00  -2.757640072793911e-11  1.793217479588278e-10  -2.068981486867669e-10
9.750000000000002e+00  -5.329964790952497e-11  1.686619214885787e-10  -2.219615693981037e-10
9.760000000000002e+00  -7.777027871102027e-11  1.578867012950432e-10  -2.356569800060635e-10
9.770000000000001e+00  -1.009504053039215e-10  1.470319564493147e-10  -2.479823617532362e-10
9.780000000000001e+00  -1.228084265436000e-10  1.361325567190157e-10  -2.589409832626157e-10
9.790000000000003e+00  -1.433188812035237e-10  1.252223081832919e-10  -2.685411893868155e-10
9.800000000000002e+00  -1.624622902286251e-10  1.143338845645646e-10  -2.767961747931898e-10
9.810000000000002e+00  -1.802249795942864e-10  1.034987727401979e-10  -2.837237523344843e-10
9.820000000000002e+00  -1.965988919097909e-10  9.274721735720118e-11  -2.893461092669921e-10
9.830000000000002e+00  -2.115813844103225e-10  8.210817465981574e-11  -2.936895590701383e-10
9.840000000000002e+00  -2.251750160583684e-10  7.160926967613580e-11  -2.967842857345042e-10
9.850000000000001e+00  -2.373873239780426e-10  6.127676031130142e-11  -2.986640842893440e-10
9.860000000000001e+00  -2.482305911416202e-10  5.113550577214796e-11  -2.993660969137682e-10
9.870000000000003e+00  -2.577216076982337e-10  4.120893884715996e-11  -2.989305465453936e-10
9.880000000000003e+00  -2.658814233310383e-10  3.151904679491711e-11  -2.974004701259554e-10
9.890000000000002e+00  -2.727350964273987e-10  2.208635382141050e-11  -2.948214502488092e-10
9.900000000000002e+00  -2.783114376734859e-10  1.292991021773236e-11  -2.912413478912182e-10
9.910000000000002e+00  -2.826427511248182e-10  4.067286145776249e-12  -2.867100372705944e-10
9.920000000000002e+00  -2.857645734429818e-10  -4.485431665464690e-12  -2.812791417775171e-10
9.930000000000001e+00  -2.877154110641114e-10  -1.271363537877312e-11  -2.750017756853383e-10
9.940000000000001e+00  -2.885364779431064e-10  -2.060419036654847e-11  -2.679322875765580e-10
9.950000000000003e+00  -2.882714348415060e-10  -2.814542462759678e-11  -2.601260102139092e-10
9.960000000000003e+00  -2.869661281545673e-10  -3.532711193428930e-11  -2.516390162202780e-10
9.970000000000002e+00  -2.846683353647861e-10  -4.214045562592393e-11  -2.425278797388621e-10
9.980000000000002e+00  -2.814275092612429e-10  -4.857806425536951e-11  -2.328494450058734e-10
9.990000000000002e+00  -2.772945294949664e-10  -5.463392579952577e-11  -2.226606036954406e-10
