103.35  180.764  720.674  970.135  3.55204  0.00117474  0.0352938  0  0.00168741  0  0  0  486.023  782.5  763  980  
103.27  180.764  726.739  978.959  3.52356  0.00132782  0.0352938  0  0.00167825  0  0  0  486.023  782.5  763  980  
103.27  180.764  713.571  961.182  3.52356  0.00132782  0.0352938  0  0.00169078  0  0  0  486.023  782.5  763  980  
103.536  181.274  721.298  969.16  3.52463  0.00106085  0.034747  0  0.00168888  0  0  0  486.023  782.5  763  980  
104.026  183.373  738.137  990.598  3.40562  0.00278165  0.0373205  0  0.00167913  0  0  0  485.28  782.5  763  980  
105.117  186.22  741.399  996.675  3.25068  0.00504242  0.0407197  0  0.00166745  0  0  0  485.28  782.5  763  980  
104.817  185.492  708.639  950.858  3.28243  0.00451052  0.03986  0  0.00170796  0  0  0  485.28  782.5  763  980  
104.817  185.492  675.814  903.728  3.28243  0.00451052  0.03986  0  0.00175793  0  0  0  485.28  782.5  763  980  
104.817  185.492  673.109  899.831  3.28243  0.00451052  0.03986  0  0.00176229  0  0  0  485.28  782.5  763  980  
104.94  185.179  659.677  877.256  3.29221  0.00445083  0.03986  0  0.00179169  0  0  0  485.897  782.5  763  980  
104.95  185.179  659.761  877.391  3.28811  0.00447281  0.03986  0  0.00179146  0  0  0  485.949  782.5  763  980  
104.958  185.185  648.367  860.88  3.29198  0.00444873  0.03986  0  0.00181138  0  0  0  485.949  782.5  763  980  
104.868  184.976  627.925  827.728  3.30075  0.00439228  0.03986  0  0.00187632  0  0  0  485.949  782.5  763  980  
104.868  184.976  632.124  830.464  3.30075  0.00439228  0.03986  0  0.00187458  0  0  0  485.949  782.5  763  980  
104.78  184.734  633.087  831.984  3.31674  0.0043009  0.03986  0  0.0018749  0  0  0  485.949  782.5  763  980  
103.848  182.273  626.824  825.399  3.45473  0.002318  0.0368901  0  0.0018698  0  0  0  485.949  782.5  763  980  
103.707  181.679  624.575  822.646  3.51935  0.0016504  0.0361243  0  0.00187021  0  0  0  485.949  782.5  763  980  
103.23  180.623  612.364  806.528  3.54079  0.00161377  0.0361243  0  0.00188878  0  0  0  485.949  782.5  763  980  
103.795  181.874  608.492  796.926  3.5155  0.00165686  0.0361243  0  0.00190851  0  0  0  485.949  782.5  763  980  
103.795  181.874  609.5  794.113  3.5155  0.00165686  0.0361243  0  0.00193818  0  0  0  485.949  782.5  763  980  
103.795  181.874  608.389  792.485  3.5155  0.00165686  0.0361243  0  0.00194068  0  0  0  485.949  782.5  763  980  
103.707  181.598  610.182  795.575  3.52095  0.00164771  0.0361243  0  0.00193492  0  0  0  486.035  782.5  763  980  
103.629  181.425  624.512  816.67  3.52699  0.00161252  0.0361243  0  0.00190529  0  0  0  486.035  782.5  763  980  
103.544  181.425  629.934  826.126  3.52699  0.00161252  0.0361243  0  0.00189097  0  0  0  485.835  782.5  763  980  
103.619  181.867  616.337  816.965  3.50204  0.00197561  0.0366705  0  0.00184244  0  0  0  485.61  782.5  763  980  
103.526  181.625  598.987  791.775  3.51565  0.00177749  0.0363724  0  0.00187519  0  0  0  485.61  782.5  763  980  
103.621  182.069  607.513  803.578  3.50694  0.00179191  0.0363724  0  0.00186072  0  0  0  485.364  782.5  763  980  
103.625  182.067  628.077  831.73  3.50768  0.00178914  0.0363724  0  0.00183449  0  0  0  485.364  782.5  763  980  
103.625  182.067  628.077  831.73  3.50768  0.00178914  0.0363724  0  0.00183449  0  0  0  485.364  782.5  763  980  
103.742  182.369  639.781  848.476  3.49086  0.00203479  0.0367427  0  0.0018149  0  0  0  485.364  782.5  763  980  
103.41  181.635  668.505  891.516  3.50516  0.0020115  0.0367427  0  0.00176086  0  0  0  485.364  782.5  763  980  
104.224  183.405  638.877  845.148  3.48098  0.00185992  0.0364197  0  0.0018227  0  0  0  485.354  782.5  763  980  
103.857  182.595  638.611  846.187  3.49612  0.00183584  0.0364197  0  0.0018182  0  0  0  485.354  782.5  763  980  
104.125  183.359  662.982  869.696  3.44502  0.00249675  0.0373432  0  0.00184764  0  0  0  485.354  782.5  763  980  
104.718  184.74  665.953  875.699  3.38513  0.00284757  0.0373432  0  0.00182603  0  0  0  485.354  782.5  763  980  
104.159  183.503  671.196  885.609  3.40763  0.00281486  0.0373432  0  0.00180912  0  0  0  485.354  782.5  763  980  
104.159  183.503  666.891  879.372  3.40763  0.00281486  0.0373432  0  0.0018169  0  0  0  485.354  782.5  763  980  
104.365  184.04  662.248  870.666  3.37772  0.00324899  0.0379934  0  0.0018317  0  0  0  485.354  782.5  763  980  
104.413  184.147  640.723  839.212  3.37579  0.00325172  0.0379934  0  0.00187395  0  0  0  485.354  782.5  763  980  
103.651  182.075  626.537  820.71  3.50443  0.00149868  0.0354704  0  0.00188777  0  0  0  485.354  782.5  763  980  
104.019  183.051  624.899  817.333  3.44554  0.00237695  0.0367889  0  0.00189879  0  0  0  485.354  782.5  763  980  
104.571  184.225  590.462  767.088  3.42357  0.00241083  0.0367889  0  0.00194669  0  0  0  485.402  782.5  763  980  
104.451  183.914  589.667  766.215  3.44049  0.0021637  0.0364173  0  0.00194621  0  0  0  485.402  782.5  763  980  
104.454  183.912  590.049  767.561  3.44122  0.00216097  0.0364173  0  0.00193921  0  0  0  485.402  782.5  763  980  
103.552  181.859  597.26  781.415  3.49492  0.00180009  0.0359555  0  0.00190955  0  0  0  485.402  782.5  763  980  
104.559  184.044  564.153  729.232  3.45262  0.0018689  0.0359555  0  0.00200161  0  0  0  485.448  782.5  763  980  
104.516  184.044  560.3  721.436  3.45262  0.0018689  0.0359555  0  0.00201665  0  0  0  485.349  782.5  763  980  
104.516  184.044  585.996  759.305  3.45262  0.0018689  0.0359555  0  0.0019534  0  0  0  485.349  782.5  763  980  
104.793  184.758  562.089  723.444  3.41423  0.00243105  0.0368022  0  0.00201748  0  0  0  485.349  782.5  763  980  
104.722  184.758  603.488  780.625  3.41423  0.00243105  0.0368022  0  0.00192675  0  0  0  485.183  782.5  763  980  
