-16.2535  1.30974  0.601303  207.712  34.6836  82.3931  340.59  0.0372214  485.044  
-16.2513  1.30974  0.601303  207.712  34.6836  82.3931  313.077  0.0372214  485.044  
-16.2513  1.30945  0.600685  207.712  34.6836  82.3931  320.143  0.0372214  484.712  
-16.2494  1.30945  0.600685  207.712  34.6836  82.3931  285.375  0.0370983  484.712  
-16.2494  1.30945  0.597396  208.811  34.6836  82.3931  284.332  0.0370983  485.078  
-16.2494  1.30945  0.597396  208.811  34.9683  82.3931  256.23  0.0372764  485.078  
-16.2517  1.30945  0.597396  208.827  34.9683  82.3931  241.57  0.0375139  485.078  
-16.2517  1.30945  0.597396  208.827  34.9683  77.4313  241.57  0.0386484  485.078  
-16.2529  1.30945  0.597396  208.827  34.9683  77.4313  230.522  0.0386484  485.078  
-16.2529  1.30945  0.597396  208.827  34.8338  77.4313  232.758  0.0387027  484.893  
-16.2529  1.30945  0.597396  208.827  34.8338  77.4313  242.291  0.0387027  484.813  
-16.2529  1.30945  0.597396  208.875  34.8432  77.4313  258.532  0.0400584  484.813  
-16.2538  1.30945  0.598735  208.582  34.8432  81.073  211.044  0.0381299  484.813  
-16.2538  1.30945  0.597439  208.582  34.8432  81.073  186.259  0.0382016  484.813  
-16.2538  1.30945  0.597439  208.582  34.88  81.073  175.793  0.0382016  484.813  
-16.2522  1.30945  0.598081  208.582  34.88  81.073  156.487  0.0381737  484.952  
-16.2474  1.30863  0.598081  208.582  34.88  81.073  131.551  0.0386057  484.746  
-16.2474  1.30845  0.598081  208.582  34.6072  81.073  206.227  0.0386057  484.746  
-16.2474  1.30845  0.598018  208.582  34.6072  80.2157  206.227  0.0386057  484.746  
-16.2474  1.30817  0.598018  209.537  34.6072  80.2157  165.91  0.0386057  484.746  
-16.2469  1.30817  0.598329  209.537  34.6072  80.2157  158.963  0.0386057  484.746  
-16.2469  1.30817  0.594608  209.907  34.8425  80.2157  170.976  0.0386057  484.746  
-16.2469  1.30817  0.594608  209.907  35.2457  80.2157  153.717  0.0386057  485.359  
-16.2469  1.30817  0.594608  209.907  35.2457  80.2157  138.458  0.0386057  485.359  
-16.2469  1.30817  0.595151  209.907  35.2457  80.2157  162.389  0.0386057  485.359  
-16.2404  1.30817  0.595151  209.907  35.2076  80.2157  163.654  0.0386057  485.359  
-16.2404  1.30817  0.595151  209.907  35.1992  78.9119  163.654  0.0386057  485.582  
-16.2404  1.30817  0.596241  209.907  35.1992  79.6904  170.381  0.039057  485.582  
-16.2404  1.30817  0.596241  209.907  35.044  79.6904  157.089  0.0387607  485.582  
-16.2399  1.30817  0.595203  210.857  35.044  79.6904  202.255  0.0401291  485.582  
-16.235  1.30758  0.59549  210.857  35.044  79.6904  208.946  0.0403303  485.582  
-16.239  1.30758  0.595663  210.857  34.8597  79.6904  208.946  0.0403303  485.582  
-16.239  1.30758  0.595663  210.857  34.8406  79.6904  241.916  0.0397846  485.582  
-16.239  1.30874  0.595663  211.078  34.397  75.8573  216.649  0.0418969  485.566  
-16.239  1.30874  0.595793  211.078  34.397  75.8573  237.866  0.0424072  485.263  
-16.239  1.30874  0.595845  211.078  34.397  75.8573  236.462  0.0433824  485.263  
-16.239  1.30938  0.59604  211.078  34.397  75.8573  206.409  0.0443853  485.263  
-16.239  1.30915  0.59604  211.762  34.397  77.7907  209.118  0.0443853  485.263  
-16.239  1.30915  0.596948  211.762  34.397  76.363  207.297  0.0443853  485.263  
-16.2399  1.30915  0.596513  211.675  34.397  76.363  225.519  0.0447802  485.263  
-16.2378  1.30915  0.595371  211.637  34.4507  76.363  225.519  0.0450062  485.263  
-16.2387  1.30915  0.595371  211.637  34.4507  76.363  233.428  0.0450062  485.263  
-16.2387  1.30914  0.595485  211.882  34.5261  76.363  233.428  0.0450062  485.263  
-16.2387  1.30914  0.595485  212.03  34.5261  76.363  278.195  0.0450062  485.263  
-16.2426  1.30914  0.595485  212.03  34.5261  76.363  278.195  0.0454486  485.263  
-16.2426  1.30914  0.595565  212.03  34.5261  76.363  246.569  0.0454486  485.263  
-16.2426  1.30914  0.595565  212.03  34.5261  76.363  238.517  0.0449764  485.263  
-16.2426  1.30914  0.595565  212.03  34.5261  76.363  242.53  0.0449764  485.263  
-16.2426  1.30914  0.595565  212.03  34.5261  76.363  218.889  0.0449764  485.263  
-16.2426  1.30914  0.595535  212.03  34.2457  76.363  211.937  0.0449764  485.263  
-16.2361  1.30914  0.595535  212.03  34.2457  76.363  211.937  0.0465725  485.263  
-16.233  1.30914  0.595535  212.03  34.2457  76.363  211.937  0.0456236  485.263  
-16.234  1.30914  0.595535  212.03  34.2457  76.363  257.636  0.0456236  485.263  
-16.2341  1.30914  0.596347  211.319  34.2457  76.363  235.938  0.0447205  485.263  
-16.2367  1.30886  0.596347  211.319  34.2457  76.363  258.223  0.0436422  485.263  
-16.232  1.30886  0.595104  211.44  34.1353  76.363  253.184  0.0436422  485.263  
-16.232  1.30886  0.596352  210.424  34.1353  75.2923  258.046  0.0436422  485.082  
-16.232  1.30886  0.596352  210.424  34.1353  75.2923  258.046  0.0436422  485.082  
-16.2312  1.30886  0.596352  210.424  34.1353  75.2923  229.015  0.0436422  485.082  
-16.2312  1.30886  0.596352  210.424  34.1353  75.2923  243.665  0.0436422  485.082  
-16.2312  1.30879  0.596352  210.424  34.1353  75.2923  233.734  0.0436422  485.082  
-16.2312  1.30879  0.596352  210.424  34.1353  75.2923  205.264  0.0437561  485.082  
-16.2312  1.30879  0.596352  210.424  34.1353  76.0129  234.078  0.0437369  485.026  
-16.228  1.30879  0.596352  210.424  34.1353  76.0129  215.248  0.0435121  485.026  
-16.2349  1.30948  0.595519  210.878  34.1353  76.0129  196.033  0.0435121  485.026  
-16.2398  1.30948  0.595519  211.353  34.1353  76.5739  196.033  0.0431864  485.31  
-16.2396  1.30948  0.595519  211.353  34.1353  72.2244  167.931  0.0431864  485.31  
-16.2396  1.30948  0.595519  211.353  34.1353  74.7475  229.493  0.0433179  485.31  
-16.2396  1.30948  0.595727  211.353  34.1353  74.7475  300.921  0.0433179  485.31  
-16.2396  1.30948  0.594999  211.353  34.1353  74.7475  282.915  0.043721  485.31  
-16.2396  1.30995  0.594999  211.353  34.1353  74.7475  234.649  0.043721  485.31  
-16.2396  1.30995  0.594999  211.353  34.1353  76.3122  245.803  0.0420269  485.31  
-16.2396  1.30995  0.59341  211.353  34.1353  76.3122  245.803  0.0420269  485.31  
-16.2396  1.30995  0.59341  211.353  34.1353  76.3122  257.17  0.0420269  485.31  
-16.2367  1.30995  0.59341  211.353  34.1353  76.3122  257.17  0.0420269  485.31  
-16.2362  1.30995  0.59341  211.353  34.1353  76.3122  257.17  0.0413366  485.31  
-16.2369  1.31011  0.59341  211.353  34.1353  76.3122  251.406  0.0413366  485.31  
-16.2369  1.30997  0.59339  211.353  34.1353  76.3122  326.064  0.0419436  485.242  
-16.2369  1.30997  0.59339  211.353  34.0288  77.5766  376.318  0.0419436  485.242  
-16.2369  1.30997  0.59339  211.353  34.0288  80.2694  421.311  0.0419436  485.006  
-16.2369  1.30997  0.59339  211.353  34.0288  80.7189  402.944  0.0412169  485.449  
-16.2369  1.30997  0.59339  211.353  34.0288  81.3454  426.794  0.0398224  485.449  
-16.2369  1.30997  0.59339  211.543  34.0288  81.3454  443.758  0.0397234  485.449  
-16.2369  1.31072  0.592986  211.543  34.0288  82.2515  441.537  0.0397234  485.52  
-16.2434  1.31072  0.592986  211.543  34.0288  82.2515  436.732  0.0397234  485.639  
-16.2434  1.31072  0.592986  211.543  34.0288  81.6757  462.074  0.0395448  485.533  
-16.2434  1.31072  0.592986  211.822  34.0288  80.8286  378.187  0.0395448  485.533  
-16.2434  1.31072  0.592986  211.822  34.0288  80.8286  367.63  0.0395448  485.767  
-16.2434  1.31056  0.592986  211.822  34.0288  74.4206  342.355  0.0407293  485.767  
-16.2434  1.31056  0.592986  211.822  34.0288  74.4206  342.355  0.0407293  485.767  
-16.2434  1.31066  0.592986  211.822  34.0288  74.4206  339.679  0.041036  485.767  
-16.2434  1.31066  0.592986  211.977  34.0288  71.759  339.679  0.041036  485.619  
-16.2516  1.31066  0.59234  211.831  34.0288  71.759  341.572  0.041036  485.38  
-16.2516  1.31066  0.592643  211.831  34.0288  71.759  320.577  0.0405344  485.38  
-16.2516  1.30982  0.592643  211.831  34.0288  71.759  320.577  0.0405344  485.38  
-16.2516  1.30966  0.592643  211.831  34.0449  71.7588  308.707  0.0404209  485.38  
-16.2516  1.30966  0.592643  211.831  34.0449  70.2086  328.094  0.0404209  485.38  
-16.2516  1.30966  0.593029  211.831  34.0449  73.4367  313.644  0.03928  485.38  
-16.2516  1.30966  0.593029  211.831  33.8209  73.4367  320.753  0.03928  485.38  
-16.2516  1.30966  0.593029  211.897  34.0285  73.4367  320.753  0.0407483  485.38  
-16.2464  1.30966  0.593029  211.725  34.4263  73.4367  302.982  0.0408062  485.507  
-16.244  1.30966  0.593029  211.725  34.4263  73.4367  295.847  0.0408062  485.507  
-16.244  1.30966  0.593029  211.729  34.4263  73.4367  283.607  0.0406575  485.507  
-16.2462  1.30966  0.593029  211.729  34.4263  73.2741  227.095  0.0406575  485.507  
-16.2497  1.30966  0.593029  211.729  34.2224  73.2741  242.149  0.0396306  485.507  
-16.2497  1.30829  0.594435  212.599  34.2224  73.2741  204.561  0.0397051  485.575  
-16.2497  1.30829  0.594435  212.599  34.2224  73.2741  204.561  0.0402  485.575  
-16.2497  1.30829  0.592817  212.599  34.4863  76.6279  204.561  0.0402  485.575  
-16.2438  1.30829  0.592817  212.599  34.4863  76.6279  192.927  0.0402  485.575  
-16.231  1.30829  0.592817  211.302  34.4863  76.6279  192.927  0.0402  485.575  
-16.231  1.30829  0.592817  211.302  34.4722  76.6279  192.927  0.0402  485.575  
-16.231  1.30829  0.592817  211.302  34.4722  76.6279  192.927  0.0402  485.575  
-16.231  1.30829  0.592817  211.302  34.4722  76.6279  192.927  0.0402  485.575  
-16.231  1.30829  0.592817  211.388  34.4722  76.6279  192.927  0.0402  485.575  
-16.231  1.30829  0.592817  211.388  34.4722  76.6279  192.927  0.0402  485.575  
-16.231  1.30829  0.592817  211.388  34.4722  76.6279  192.927  0.0402  485.575  
