-16.2532  1.31077  0.601181  207.139  34.911  79.6403  395.943  0.0368022  485.183  
-16.25  1.30992  0.599201  207.139  34.911  79.6403  395.943  0.0355902  485.215  
-16.2535  1.30974  0.601303  207.712  34.6836  82.3931  344.916  0.0360663  485.044  
-16.2513  1.30945  0.600685  207.712  34.6836  82.3931  320.143  0.0372214  484.712 
-16.2494  1.30945  0.597396  208.811  34.9683  82.3931  256.23  0.0372764  485.078  
-16.2517  1.30945  0.597396  208.827  34.9683  77.4313  241.57  0.0386484  485.078  
-16.2538  1.30945  0.598735  208.582  34.8432  81.073  211.044  0.0381299  484.813 
-16.2474  1.30863  0.598081  208.582  34.88  81.073  131.551  0.0386057  484.746 
-16.2474  1.30845  0.598081  208.582  34.6072  81.073  206.227  0.0386057  484.746  
-16.2469  1.30817  0.598329  209.537  34.6072  80.2157  158.963  0.0386057  484.746 
-16.2404  1.30817  0.595151  209.907  35.1992  78.9119  163.654  0.0386057  485.582 
-16.2399  1.30817  0.595203  210.857  35.044  79.6904  202.255  0.0401291  485.582
-16.239  1.30758  0.595663  210.857  34.8597  79.6904  208.946  0.0403303  485.582
-16.239  1.30758  0.595663  210.857  34.8406  79.6904  241.916  0.0397846  485.582
-16.239  1.30874  0.595663  211.078  34.397  75.8573  216.649  0.0418969  485.566 
-16.239  1.30938  0.59604  211.078  34.397  75.8573  206.409  0.0443853  485.263
-16.239  1.30915  0.596948  211.762  34.397  76.363  207.297  0.0443853  485.263
-16.2387  1.30914  0.595485  212.03  34.5261  76.363  278.195  0.0450062  485.263
-16.2361  1.30914  0.595535  212.03  34.2457  76.363  211.937  0.0465725  485.263
-16.2367  1.30886  0.596347  211.319  34.2457  76.363  258.223  0.0436422  485.263
-16.2312  1.30886  0.596352  210.424  34.1353  75.2923  229.015  0.0436422  485.082
-16.2312  1.30879  0.596352  210.424  34.1353  76.0129  234.078  0.0437369  485.026
-16.2396  1.30948  0.595519  211.353  34.1353  72.2244  167.931  0.0431864  485.31
-16.2396  1.30948  0.595727  211.353  34.1353  74.7475  300.921  0.0433179  485.31
-16.2396  1.30995  0.59341  211.353  34.1353  76.3122  245.803  0.0420269  485.31
-16.2369  1.30997  0.59339  211.353  34.0288  77.5766  376.318  0.0419436  485.242
-16.2369  1.30997  0.59339  211.543  34.0288  81.3454  443.758  0.0397234  485.449
-16.2434  1.31072  0.592986  211.543  34.0288  82.2515  436.732  0.0397234  485.639 
-16.2434  1.31072  0.592986  211.543  34.0288  81.6757  462.074  0.0395448  485.533
-16.2434  1.31056  0.592986  211.822  34.0288  74.4206  342.355  0.0407293  485.767
-16.2434  1.31066  0.592986  211.977  34.0288  71.759  339.679  0.041036  485.619
-16.2516  1.30966  0.592643  211.831  34.0449  70.2086  328.094  0.0404209  485.38 
-16.2464  1.30966  0.593029  211.725  34.4263  73.4367  302.982  0.0408062  485.507
-16.244  1.30966  0.593029  211.729  34.4263  73.4367  283.607  0.0406575  485.507
-16.2438  1.30829  0.592817  212.599  34.4863  76.6279  192.927  0.0402  485.575
-16.231  1.30829  0.592817  211.388  34.4722  76.6279  192.927  0.0402  485.575