110.873  192.761  614.227  804.347  3.24047  -0.00131783  0.0279299  0  0.00170216  0  0  0  491.626  782.5  763  980  
101.488  172.905  506.37  644.823  3.57138  -0.00116027  0.0290086  0  0.00194586  0  0  0  491.42  782.5  763  980  
103.428  176.325  434.708  544.061  3.73788  -0.00610207  0.0214746  0  0.00211774  0  0  0  491.39  782.5  763  980  
102.234  172.727  279.821  278.787  3.99848  -0.0085994  0.0180038  0  0.00385147  0  0  0  491.318  782.5  763  980  
99.1808  167.018  498.049  655.135  3.96285  -0.00561761  0.0230946  0  0.00190056  0  0  0  491.367  782.5  763  980  
105.189  179.507  601.404  800.803  3.65995  -0.00568759  0.021477  0  0.00162397  0  0  0  491.826  782.5  763  980  
102.738  176.513  471.921  578.085  3.48242  -0.00169989  0.0278768  0  0.00234553  0  0  0  490.758  782.5  763  980  
103.949  178.837  364.174  430.44  3.57444  -0.00459166  0.0231461  0  0.00261532  0  0  0  490.419  782.5  763  980  
101.442  171.482  196.025  178.112  3.8064  -0.00524134  0.0224571  0  0.00392142  0  0  0  491.844  782.5  763  980  
107.492  185.557  617.329  773.106  3.29344  -0.000927543  0.0282146  0  0.00197243  0  0  0  491.823  782.5  763  980  
105.172  180.534  605.757  771.042  3.48155  -0.0030859  0.0252773  0  0.00195306  0  0  0  491.546  782.5  763  980  
107.329  184.431  312.986  352.486  3.53366  -0.00465378  0.0232316  0  0.00271842  0  0  0  491.685  782.5  763  980  
111.215  193.13  411.975  523.225  3.31539  -0.00362681  0.0238807  0  0.00202596  0  0  0  491.588  782.5  763  980  
107.265  183.947  583.182  782.288  3.57563  -0.00532716  0.0223114  0  0.00162729  0  0  0  491.945  782.5  763  980  
108.855  188.429  480.39  614.419  3.37911  -0.00243497  0.0269341  0  0.0021395  0  0  0  491.36  782.5  763  980  
107.134  184.172  413.458  515.699  3.54744  -0.00498063  0.0231633  0  0.00227123  0  0  0  491.766  782.5  763  980  
101.862  172.497  352.057  430.435  3.59916  -0.00166162  0.0281145  0  0.00240892  0  0  0  492.682  782.5  763  980  
108.264  187.874  614.249  834.368  3.25693  -0.00126072  0.0276323  0  0.00155618  0  0  0  491.266  782.5  763  980  
107.613  186.417  615.173  760.703  3.35635  -0.00325404  0.0242077  0  0.00195931  0  0  0  490.942  782.5  763  980  
110.524  192.692  671.351  864.633  3.27352  -0.0020052  0.0269889  0  0.00173471  0  0  0  490.829  782.5  763  980  
103.373  177.03  329.46  377.287  3.55488  -0.00277937  0.0265321  0  0.00280775  0  0  0  491.236  782.5  763  980  
103.25  176.178  722.632  972.48  3.66081  -0.00347103  0.0256857  0  0.00157616  0  0  0  491.066  782.5  763  980  
108.386  188.126  466.355  598.771  3.28244  -0.00209699  0.0262799  0  0.00194025  0  0  0  491.236  782.5  763  980  
103.922  177.406  595.596  797.993  3.63785  -0.0039974  0.0246957  0  0.00171082  0  0  0  491.469  782.5  763  980  
101.361  170.46  768.293  1029.79  3.93456  -0.00718594  0.0201041  0  0.00155616  0  0  0  492.545  782.5  763  980  
105.317  181.579  663.294  889.062  3.28661  -0.000657467  0.0282573  0  0.00162715  0  0  0  491.698  782.5  763  980  
106.14  182.586  529.878  687.325  3.23826  0.00107171  0.0314788  0  0.00186829  0  0  0  492.507  782.5  763  980  
101.5  173.817  536.56  720.002  3.60188  -0.00309492  0.0257766  0  0.00176846  0  0  0  490.505  782.5  763  980  
108.37  187.523  500.279  624.813  3.33247  -0.00200207  0.0266681  0  0.00206779  0  0  0  491.342  782.5  763  980  
108.44  187.56  447.258  565.641  3.41639  -0.00327121  0.0249766  0  0.00200889  0  0  0  491.016  782.5  763  980  
105.926  181.724  490.466  648.749  3.61157  -0.00601945  0.0208065  0  0.00184543  0  0  0  491.242  782.5  763  980  
102.234  173.66  513.34  667.825  3.67355  -0.00285028  0.0268747  0  0.00188795  0  0  0  491.797  782.5  763  980  
100.372  168.809  713.514  970.466  3.88631  -0.00495961  0.0235007  0  0.00155404  0  0  0  492.15  782.5  763  980  
97.6775  164.414  613.001  861.926  3.9288  -0.00325849  0.0266643  0  0.00146965  0  0  0  490.803  782.5  763  980  
100.896  172.359  472.077  587.559  3.62919  -0.00233852  0.0270029  0  0.00232163  0  0  0  490.363  782.5  763  980  
105.529  180.562  499.688  649.596  3.70422  -0.00713414  0.0194222  0  0.00191492  0  0  0  491.302  782.5  763  980  
111.157  193.955  378.333  455.846  3.14192  0.000423454  0.0306448  0  0.00236118  0  0  0  491.394  782.5  763  980  
101.869  173.44  383.025  451.588  3.75903  -0.00566465  0.0220558  0  0.00267381  0  0  0  491.052  782.5  763  980  
104.616  180.736  532.442  697.972  3.26851  0.00222607  0.0338648  0  0.001898  0  0  0  490.733  782.5  763  980  
105.182  180.242  360.772  365.773  3.59444  -0.00389669  0.0247418  0  0.0038242  0  0  0  491.172  782.5  763  980  
106.32  182.045  508.749  658.651  3.55992  -0.00474902  0.0228145  0  0.00198921  0  0  0  491.959  782.5  763  980  
105.212  180.653  370.594  471.521  3.36925  -0.00117051  0.0280709  0  0.00210487  0  0  0  492.046  782.5  763  980  
108.283  186.532  336.103  387.954  3.42269  -0.00370608  0.0238788  0  0.00258775  0  0  0  491.801  782.5  763  980  
106.169  184.403  422.598  507.238  3.25119  -0.000245542  0.0289806  0  0.00246387  0  0  0  490.32  782.5  763  980  
108.542  188.542  380.287  465.356  3.21712  -0.000418221  0.0291981  0  0.0022802  0  0  0  491.39  782.5  763  980  
106.728  184.624  387.979  465.157  3.32146  -0.000861285  0.0287112  0  0.0025074  0  0  0  491.077  782.5  763  980  
102.164  174.064  470.915  614.927  3.79643  -0.00599251  0.0216117  0  0.00191711  0  0  0  490.588  782.5  763  980  
102.335  173.501  324.208  399.011  3.83634  -0.00695207  0.0202631  0  0.00228542  0  0  0  491.778  782.5  763  980  
105.052  182.295  113.344  23.2985  3.26328  -0.000137785  0.0292458  0  0.00936001  0  0  0  490.332  782.5  763  980  
101.334  172.283  233.296  206.549  3.71635  -0.0044196  0.0237343  0  0.00467375  0  0  0  491.262  782.5  763  980  
113.558  199.63  421.011  510.832  2.93319  0.00271754  0.0337496  0  0.00242076  0  0  0  491.621  782.5  763  980  
103.769  177.517  423.949  574.808  3.42975  -0.00114598  0.0279813  0  0.00169948  0  0  0  491.918  782.5  763  980  
105.891  181.51  391.527  448.816  3.53781  -0.00447219  0.0235895  0  0.00275648  0  0  0  492.055  782.5  763  980  
105.517  180.616  600.517  799.956  3.55491  -0.00358618  0.0251614  0  0.00166753  0  0  0  491.831  782.5  763  980  
107.278  185.715  642.034  843.664  3.28237  3.40772e-05  0.0303828  0  0.00175589  0  0  0  491.204  782.5  763  980  
107.319  184.761  247.553  248.341  3.60048  -0.00636666  0.0203258  0  0.00342328  0  0  0  490.892  782.5  763  980  
110.622  192.424  621.832  802.165  3.17722  -0.000635699  0.0284845  0  0.00181454  0  0  0  491.702  782.5  763  980  
104.574  178.695  750.227  1037.28  3.49648  -0.0023153  0.0266202  0  0.0014296  0  0  0  492.137  782.5  763  980  
110.213  191.049  592.265  770.261  3.23636  0.000247831  0.0310267  0  0.00185941  0  0  0  491.969  782.5  763  980  
104.806  179.139  196.699  179.999  3.6817  -0.00612363  0.0211087  0  0.00375662  0  0  0  491.447  782.5  763  980  
104.138  180.531  313.854  344.552  3.37404  -3.97193e-05  0.0305294  0  0.00311487  0  0  0  489.512  782.5  763  980  
105.757  181.844  205.015  184.233  3.53885  -0.00425053  0.0236409  0  0.00434441  0  0  0  491.037  782.5  763  980  
108.863  188.534  604.324  784.685  3.30376  -0.00186855  0.0271147  0  0.00178812  0  0  0  491.708  782.5  763  980  
100.022  168.922  445.1  585.838  3.82071  -0.00379028  0.0255818  0  0.0019257  0  0  0  491.596  782.5  763  980  
105.806  180.607  415.846  486.46  3.60693  -0.00529878  0.0220229  0  0.00262054  0  0  0  492.29  782.5  763  980  
113.408  199.08  457.012  586.788  3.08453  0.000514649  0.0308789  0  0.00201417  0  0  0  491.087  782.5  763  980  
101.787  172.291  438.462  558.553  3.90439  -0.00714381  0.0202065  0  0.00216546  0  0  0  491.425  782.5  763  980  
107.486  185.056  388.695  448.297  3.54361  -0.00586539  0.0209548  0  0.00267532  0  0  0  491.394  782.5  763  980  
102.256  173.764  485.487  632.582  3.74451  -0.00549067  0.0220492  0  0.00197636  0  0  0  491.549  782.5  763  980  
100.866  172.03  461.329  560.733  3.71578  -0.00431629  0.0241079  0  0.00241196  0  0  0  490.553  782.5  763  980  
101.053  171.079  443.486  581.365  3.90065  -0.00651989  0.0210476  0  0.00193706  0  0  0  491.09  782.5  763  980  
98.6064  166.077  282.007  321.846  3.90015  -0.00552383  0.0224404  0  0.00286121  0  0  0  491.618  782.5  763  980  
105.022  180.698  418.111  521.67  3.37488  -0.000576181  0.029502  0  0.00227961  0  0  0  491.508  782.5  763  980  
103.615  177.082  614.929  829.41  3.63107  -0.00322806  0.0260854  0  0.0016548  0  0  0  491.055  782.5  763  980  
107.136  185.344  553.578  725.867  3.36122  -0.00232367  0.026702  0  0.00185619  0  0  0  491.349  782.5  763  980  
102.24  173.515  553.387  715.455  3.65526  -0.00364269  0.0247786  0  0.00187823  0  0  0  492.158  782.5  763  980  
106.857  185.525  407.336  515.908  3.16486  0.00116547  0.0314676  0  0.00210928  0  0  0  491.281  782.5  763  980  
104.142  177.94  555.859  741.033  3.41211  -0.000540348  0.0292889  0  0.00173423  0  0  0  492.421  782.5  763  980  
101.127  172.624  593.108  749.061  3.79812  -0.00656676  0.0200719  0  0.001977  0  0  0  489.969  782.5  763  980  
106.499  183.986  322.589  356.972  3.34786  -0.00104244  0.0286702  0  0.00295466  0  0  0  491.205  782.5  763  980  
107.24  185.923  475.712  607.318  3.42833  -0.00274875  0.0262657  0  0.00207035  0  0  0  490.211  782.5  763  980  
101.448  173.098  329.712  396.989  3.49223  -0.000195094  0.0295274  0  0.00246092  0  0  0  491.171  782.5  763  980  
105.996  183.638  453.846  579.443  3.263  5.14827e-07  0.0297011  0  0.0021032  0  0  0  490.867  782.5  763  980  
104.519  178.767  438.811  542.43  3.58672  -0.00428064  0.0234943  0  0.00217589  0  0  0  491.483  782.5  763  980  
103.805  177.876  182.945  180.563  3.759  -0.00727844  0.0194571  0  0.00329156  0  0  0  490.297  782.5  763  980  
104.794  178.828  257.44  230.304  3.49411  -0.00131039  0.0287275  0  0.00503541  0  0  0  492.336  782.5  763  980  
108.184  187.342  444.795  563.046  3.36273  -0.00242892  0.0265078  0  0.00209531  0  0  0  491.195  782.5  763  980  
105.099  180.327  535.223  704.764  3.55094  -0.00411494  0.024019  0  0.00180157  0  0  0  491.357  782.5  763  980  
105.556  180.506  237.41  243.111  3.5215  -0.00334023  0.0253372  0  0.00346311  0  0  0  492.3  782.5  763  980  
104.876  181.455  148.546  88.9057  3.29389  9.16163e-05  0.0298246  0  0.00602182  0  0  0  490.569  782.5  763  980  
102.404  173.583  436.759  543.689  3.7558  -0.00547462  0.0222087  0  0.0022313  0  0  0  492.038  782.5  763  980  
106.193  182.881  471.255  607.91  3.47406  -0.00298523  0.0258969  0  0.00194884  0  0  0  491.184  782.5  763  980  
99.9985  170.53  192.264  188.709  3.62114  -0.000708151  0.0298924  0  0.00268083  0  0  0  490.277  782.5  763  980  
105.4  179.873  307.091  337.418  3.61858  -0.0062886  0.019999  0  0.00297759  0  0  0  492.346  782.5  763  980  
102.297  174.331  529.947  703.576  3.71387  -0.0045664  0.0237045  0  0.0018236  0  0  0  490.989  782.5  763  980  
107.379  184.615  303.503  342.07  3.50939  -0.0048672  0.0224414  0  0.0030413  0  0  0  491.694  782.5  763  980  
108.287  187.647  363.474  413.205  3.3386  -0.00275136  0.025289  0  0.00295585  0  0  0  491.101  782.5  763  980  
104.173  176.886  725.12  970.949  3.57834  -0.00311657  0.025832  0  0.00163506  0  0  0  493.101  782.5  763  980  
103.644  175.51  597.122  807.992  3.94485  -0.00872051  0.0178628  0  0.00162844  0  0  0  491.632  782.5  763  980  
106.988  184.541  327.293  372.197  3.40703  -0.0022964  0.0267376  0  0.00289844  0  0  0  491.379  782.5  763  980  