4.68759e-01 1.76950e+01
5.73783e-01 1.76019e+01
6.96873e-01 1.76449e+01
8.37533e-01 1.77705e+01
9.94326e-01 1.79329e+01
1.16925e+00 1.81247e+01
1.35234e+00 1.82905e+01
1.54791e+00 1.84479e+01
1.74216e+00 1.85550e+01
1.92879e+00 1.86002e+01
2.11392e+00 1.86310e+01
2.28113e+00 1.86016e+01
2.43394e+00 1.85363e+01
2.57071e+00 1.84428e+01
2.68909e+00 1.83214e+01
2.79033e+00 1.81802e+01
2.87734e+00 1.80276e+01
2.95344e+00 1.78780e+01
3.01518e+00 1.77151e+01
3.06611e+00 1.75478e+01
3.10554e+00 1.73725e+01
3.13594e+00 1.72033e+01
3.15939e+00 1.70335e+01
3.17578e+00 1.68633e+01
3.18626e+00 1.66985e+01
3.19210e+00 1.65363e+01
3.19337e+00 1.63743e+01
3.19211e+00 1.62182e+01
3.18646e+00 1.60644e+01
3.17780e+00 1.59172e+01
