# nb        en       pr      r (km)    M          h        f
0.112352  106.794  1.95408  17.4853  0.25912  0.0303402  206.067
0.114911  109.273  2.07445  17.2192  0.269867  0.031434  215.19
0.117509  111.791  2.19875  16.9835  0.280686  0.0325373  224.045
0.120145  114.35  2.32818  16.7721  0.291657  0.0336595  232.715
0.122821  116.95  2.46329  16.5816  0.302805  0.034804  241.218
0.125536  119.592  2.60452  16.4085  0.314146  0.0359731  249.591
0.128291  122.275  2.7523  16.2511  0.325691  0.0371686  257.837
0.131086  125  2.90704  16.107  0.337452  0.0383922  265.982
0.133921  127.768  3.06919  15.975  0.349439  0.0396455  274.026
0.136797  130.58  3.23918  15.8533  0.361664  0.0409301  281.994
0.139713  133.435  3.4175  15.7411  0.374138  0.0422477  289.888
0.142671  136.334  3.60465  15.6374  0.386873  0.0435999  297.717
0.14567  139.278  3.80116  15.5411  0.399882  0.0449886  305.498
0.148711  142.267  4.00763  15.4517  0.41318  0.0464157  313.237
0.151794  145.301  4.22467  15.3681  0.426782  0.0478832  320.952
0.15492  148.382  4.45297  15.2904  0.440704  0.0493932  328.633
0.158087  151.51  4.69326  15.2175  0.454966  0.0509483  336.312
0.161298  154.685  4.94633  15.1495  0.469586  0.0525508  343.974
0.164552  157.908  5.21305  15.0855  0.484586  0.0542035  351.653
0.16785  161.179  5.49436  15.0255  0.49999  0.0559094  359.339
0.171191  164.5  5.79128  14.9688  0.515822  0.0576717  367.059
0.174576  167.871  6.10493  14.9156  0.532108  0.0594938  374.804
0.178006  171.292  6.43653  14.8657  0.54888  0.0613794  382.583
0.18148  174.764  6.7874  14.8185  0.566166  0.0633326  390.421
0.184999  178.288  7.15899  14.7742  0.584002  0.0653575  398.308
0.188564  181.865  7.55286  14.7322  0.602422  0.0674589  406.269
0.192173  185.495  7.97073  14.6927  0.621463  0.0696415  414.308
0.195829  189.179  8.41445  14.6555  0.641167  0.0719108  422.428
0.199531  192.919  8.88605  14.6206  0.661573  0.0742722  430.633
0.203279  196.714  9.3877  14.5878  0.682725  0.0767318  438.938
0.207073  200.566  9.92177  14.5571  0.704667  0.0792957  447.348
0.210915  204.477  10.4908  14.5285  0.727445  0.0819705  455.866
0.214804  208.446  11.0975  14.5016  0.751105  0.0847631  464.508
0.21874  212.475  11.7449  14.4768  0.775692  0.0876805  473.263
0.222724  216.565  12.436  14.4538  0.801249  0.0907302  482.147
0.226757  220.717  13.1742  14.4328  0.82782  0.0939195  491.144
0.230837  224.933  13.9629  14.4133  0.855442  0.0972559  500.285
0.234966  229.214  14.8059  14.3959  0.884152  0.100747  509.534
0.239145  233.561  15.7071  14.3802  0.913979  0.104401  518.903
0.243372  237.976  16.6704  14.3663  0.944943  0.108224  528.385
0.247649  242.46  17.7  14.3542  0.97706  0.112224  537.969
0.251976  247.015  18.8001  14.3436  1.01033  0.116407  547.661
0.256353  251.642  19.9751  14.3344  1.04476  0.120779  557.446
0.26078  256.344  21.2292  14.3271  1.08031  0.125346  567.291
0.265258  261.122  22.567  14.3209  1.11697  0.130113  577.209
0.269787  265.977  23.9926  14.3161  1.15468  0.135083  587.162
0.274367  270.913  25.5104  14.3126  1.19338  0.14026  597.144
0.278999  275.93  27.1244  14.3099  1.23301  0.145644  607.147
0.283683  281.032  28.8388  14.3082  1.27348  0.151238  617.144
0.288419  286.22  30.6573  14.307  1.31469  0.157041  627.128
0.293207  291.496  32.5836  14.3064  1.35653  0.163052  637.069
0.298048  296.863  34.6212  14.3064  1.3989  0.169268  646.941
0.302941  302.324  36.7732  14.3064  1.44166  0.175687  656.754
0.307889  307.88  39.0427  14.3064  1.48468  0.182303  666.482
0.312889  313.533  41.4324  14.3064  1.52785  0.189112  676.102
0.317944  319.288  43.9448  14.3061  1.57103  0.196109  685.609
0.323052  325.145  46.5823  14.3052  1.61408  0.203286  695.005
0.328216  331.108  49.3469  14.3037  1.65689  0.210637  704.27
0.333433  337.179  52.2405  14.3017  1.69933  0.218154  713.388
0.338706  343.361  55.265  14.2987  1.74129  0.22583  722.366
0.344034  349.656  58.422  14.2946  1.78267  0.233657  731.216
0.349418  356.068  61.7128  14.2899  1.82337  0.241627  739.882
0.354858  362.598  65.1389  14.2837  1.8633  0.249731  748.427
0.360354  369.25  68.7016  14.2766  1.90239  0.257962  756.799
0.365906  376.026  72.4021  14.2683  1.94056  0.266312  765.018
0.371515  382.929  76.2415  14.2588  1.97775  0.274773  773.084
0.377181  389.962  80.221  14.2482  2.01393  0.283337  780.995
0.382904  397.127  84.3417  14.2361  2.04904  0.291997  788.78
0.388685  404.428  88.6047  14.2231  2.08306  0.300746  796.391
0.394524  411.868  93.0111  14.2086  2.11596  0.309578  803.882
0.400421  419.448  97.562  14.1933  2.14773  0.318485  811.208
0.406376  427.172  102.259  14.1764  2.17835  0.327462  818.426
0.412391  435.043  107.102  14.1587  2.20782  0.336502  825.491
0.418464  443.063  112.093  14.1398  2.23614  0.3456  832.434
0.424597  451.237  117.234  14.1197  2.26332  0.35475  839.265
0.430789  459.565  122.525  14.0991  2.28936  0.363948  845.937
0.437041  468.053  127.969  14.0769  2.31428  0.373189  852.537
0.443353  476.701  133.565  14.0542  2.3381  0.382468  858.994
0.449726  485.514  139.316  14.0303  2.36084  0.391781  865.368
0.45616  494.495  145.223  14.0058  2.38251  0.401124  871.614
0.462655  503.646  151.288  13.9804  2.40314  0.410494  877.767
0.469211  512.971  157.512  13.9544  2.42275  0.419886  883.805
0.475828  522.472  163.897  13.9275  2.44138  0.429298  889.765
0.482508  532.153  170.444  13.8997  2.45904  0.438726  895.654
0.48925  542.016  177.156  13.8717  2.47577  0.448167  901.422
0.496054  552.066  184.033  13.843  2.49158  0.457619  907.106
0.502921  562.304  191.079  13.8138  2.50652  0.46708  912.71
0.509852  572.735  198.293  13.784  2.5206  0.476546  918.243
0.516845  583.362  205.679  13.7535  2.53386  0.486015  923.711
0.523903  594.187  213.239  13.7228  2.54632  0.495486  929.089
0.531024  605.214  220.974  13.6918  2.55801  0.504955  934.385
0.538209  616.447  228.886  13.6602  2.56895  0.514423  939.633
0.545459  627.888  236.977  13.6283  2.57918  0.523886  944.808
0.552774  639.542  245.25  13.5964  2.58872  0.533342  949.886
0.560154  651.41  253.706  13.5639  2.59759  0.542791  954.933
0.567599  663.498  262.348  13.5312  2.60582  0.552231  959.922
0.57511  675.808  271.177  13.4984  2.61343  0.561661  964.827
0.582687  688.343  280.197  13.4653  2.62045  0.571078  969.684
0.590331  701.108  289.408  13.4322  2.6269  0.580483  974.465
0.59804  714.105  298.814  13.3989  2.6328  0.589873  979.206
0.605817  727.338  308.417  13.3652  2.63818  0.599248  983.911
0.613661  740.812  318.219  13.3315  2.64304  0.608607  988.551
0.621572  754.529  328.222  13.2979  2.64743  0.617948  993.13
0.629551  768.493  338.428  13.2642  2.65135  0.627271  997.651
0.637598  782.707  348.841  13.2305  2.65482  0.636574  1002.12
0.645713  797.176  359.462  13.1966  2.65786  0.645858  1006.56
0.653897  811.904  370.293  13.1629  2.66049  0.65512  1010.93
0.662149  826.893  381.338  13.1289  2.66273  0.664361  1015.28
0.670471  842.148  392.598  13.0953  2.66459  0.67358  1019.55
0.678862  857.673  404.076  13.0613  2.66608  0.682776  1023.82
0.687323  873.471  415.775  13.0276  2.66724  0.691948  1028.01
0.695854  889.546  427.697  12.994  2.66806  0.701096  1032.17
0.704455  905.903  439.844  12.9606  2.66856  0.71022  1036.26
0.713127  922.544  452.219  12.9269  2.66876  0.719318  1040.35
0.721869  939.475  464.824  12.8936  2.66867  0.72839  1044.37
0.730683  956.699  477.663  12.8602  2.6683  0.737435  1048.37
0.739568  974.22  490.737  12.8271  2.66767  0.746454  1052.3
0.748525  992.043  504.048  12.794  2.66678  0.755446  1056.21
0.757554  1010.17  517.601  12.7613  2.66565  0.76441  1060.05
0.766656  1028.61  531.396  12.7285  2.66429  0.773346  1063.88
0.77583  1047.36  545.437  12.696  2.66271  0.782253  1067.65
0.785077  1066.43  559.726  12.6635  2.66092  0.791131  1071.4
0.794397  1085.82  574.266  12.6313  2.65892  0.799981  1075.1
0.80379  1105.53  589.06  12.5991  2.65674  0.8088  1078.77
0.813257  1125.58  604.109  12.5672  2.65437  0.81759  1082.4
0.822799  1145.96  619.416  12.5353  2.65183  0.82635  1086.02
0.832414  1166.69  634.985  12.504  2.64913  0.83508  1089.54
0.842104  1187.75  650.817  12.4727  2.64626  0.843778  1093.05
0.85187  1209.16  666.915  12.4414  2.64325  0.852446  1096.56
0.86171  1230.93  683.282  12.4107  2.6401  0.861082  1099.97
0.871626  1253.05  699.92  12.38  2.63681  0.869688  1103.38
0.881618  1275.54  716.832  12.3493  2.63339  0.878261  1106.78
0.891685  1298.39  734.021  12.3192  2.62985  0.886803  1110.1
0.901829  1321.61  751.488  12.289  2.62619  0.895312  1113.41
0.91205  1345.2  769.237  12.2592  2.62243  0.903789  1116.67
0.922348  1369.18  787.27  12.2297  2.61857  0.912234  1119.89
0.932723  1393.54  805.589  12.2004  2.6146  0.920647  1123.07
0.943175  1418.28  824.198  12.1712  2.61055  0.929026  1126.24
0.953705  1443.42  843.099  12.1425  2.60641  0.937373  1129.34
0.964313  1468.96  862.293  12.1139  2.60218  0.945686  1132.43
