4.28608e+14 8.29097e-01 8.65739e-01 1.77563e+01 4.49837e-01 4.49929e-01 8.32247e-02 4.91505e-01 9.60252e-01 0.00000e+00 0.00000e+00 1.23316e-01 4.48557e-01 -1.97005e-01 2.56536e-01 4.49193e-01 5.87305e-01 4.49929e-01 4.49929e-01 3.50733e+00
4.49865e+14 9.32879e-01 9.81060e-01 1.56114e+01 4.49906e-01 5.81648e-01 7.78946e-02 5.78221e-01 1.12950e+00 0.00000e+00 0.00000e+00 1.39861e-01 4.38443e-01 -1.51625e-01 2.81163e-01 3.85944e-01 6.86133e-01 5.81648e-01 5.81648e-01 3.60576e+00
4.72175e+14 1.04290e+00 1.10499e+00 1.51068e+01 4.49885e-01 6.45389e-01 7.29860e-02 6.73516e-01 1.31571e+00 0.00000e+00 1.65326e-01 1.57827e-01 4.57454e-01 -1.32797e-01 3.06809e-01 3.67300e-01 7.23535e-01 6.45389e-01 6.45389e-01 3.82986e+00
4.95593e+14 1.16013e+00 1.23910e+00 1.48437e+01 4.49847e-01 6.97747e-01 6.85720e-02 7.81184e-01 1.52617e+00 0.00000e+00 1.26881e+00 1.77558e-01 4.83382e-01 -1.17057e-01 3.33819e-01 3.54907e-01 7.50195e-01 6.97747e-01 6.97747e-01 4.09067e+00
5.20171e+14 1.28196e+00 1.38081e+00 1.46817e+01 4.49876e-01 7.43355e-01 6.44960e-02 8.97443e-01 1.75318e+00 0.00000e+00 2.24989e+00 1.98857e-01 5.13705e-01 -1.02257e-01 3.61612e-01 3.45059e-01 7.72266e-01 7.43355e-01 7.43355e-01 4.36867e+00
5.45969e+14 1.40473e+00 1.52574e+00 1.45762e+01 4.49910e-01 7.83351e-01 6.08066e-02 1.01717e+00 1.98691e+00 0.00000e+00 3.18746e+00 2.21209e-01 5.46887e-01 -8.79451e-02 3.89497e-01 3.36715e-01 7.90723e-01 7.83351e-01 7.83351e-01 4.65493e+00
5.73046e+14 1.53306e+00 1.68086e+00 1.45178e+01 4.49846e-01 8.22256e-01 5.74941e-02 1.15488e+00 2.25625e+00 0.00000e+00 4.34769e+00 2.45850e-01 5.84960e-01 -7.32162e-02 4.18786e-01 3.29240e-01 8.05078e-01 8.22256e-01 8.22256e-01 4.98510e+00
6.01465e+14 1.65512e+00 1.83052e+00 1.44573e+01 4.49873e-01 8.55903e-01 5.44105e-02 1.28302e+00 2.50645e+00 0.00000e+00 5.30827e+00 2.70566e-01 6.23349e-01 -5.85857e-02 4.46699e-01 3.22071e-01 8.19287e-01 8.55903e-01 8.55903e-01 5.29367e+00
6.31295e+14 1.77526e+00 1.98124e+00 1.44116e+01 4.49874e-01 8.88316e-01 5.15950e-02 1.41580e+00 2.76581e+00 0.00000e+00 6.33539e+00 2.96461e-01 6.64355e-01 -4.36550e-02 4.74482e-01 3.15276e-01 8.31299e-01 8.88316e-01 8.88316e-01 5.62625e+00
6.62603e+14 1.88797e+00 2.12487e+00 1.43651e+01 4.49885e-01 9.17359e-01 4.91045e-02 1.54181e+00 3.01192e+00 -2.99669e+04 7.29084e+00 3.22326e-01 7.05616e-01 -2.88366e-02 5.01117e-01 3.08791e-01 8.41553e-01 1.68276e+00 -1.06904e-02 8.20257e+01
6.95465e+14 1.99181e+00 2.25949e+00 1.43065e+01 4.49905e-01 9.44149e-01 4.67529e-02 1.65484e+00 3.23257e+00 -2.92963e+04 8.15734e+00 3.47889e-01 7.46343e-01 -1.40206e-02 5.26142e-01 3.02398e-01 8.52246e-01 1.66490e+00 -1.13464e-02 8.33469e+01
7.29956e+14 2.09078e+00 2.39124e+00 1.42614e+01 4.49855e-01 9.71045e-01 4.46542e-02 1.77101e+00 3.45989e+00 -2.86671e+04 9.06413e+00 3.74066e-01 7.88895e-01 8.65628e-04 5.50758e-01 2.96404e-01 8.59668e-01 1.64610e+00 -1.19958e-02 8.45139e+01
7.66158e+14 2.18081e+00 2.51362e+00 1.42043e+01 4.49910e-01 9.95433e-01 4.27196e-02 1.87635e+00 3.66523e+00 -2.80490e+04 9.89267e+00 3.99806e-01 8.30792e-01 1.56456e-02 5.73906e-01 2.90491e-01 8.67188e-01 1.62964e+00 -1.26444e-02 8.54212e+01
8.04155e+14 2.26035e+00 2.62306e+00 1.41389e+01 4.49840e-01 1.01779e+00 4.09654e-02 1.96633e+00 3.84159e+00 -2.74625e+04 1.06215e+01 4.24358e-01 8.70546e-01 3.00360e-02 5.95374e-01 2.84860e-01 8.73535e-01 1.61550e+00 -1.32733e-02 8.60916e+01
8.44036e+14 2.33095e+00 2.72195e+00 1.40652e+01 4.49834e-01 1.03910e+00 3.93248e-02 2.04295e+00 3.99134e+00 -2.68981e+04 1.12724e+01 4.48023e-01 9.08801e-01 4.40813e-02 6.15321e-01 2.79419e-01 8.79736e-01 1.60344e+00 -1.38912e-02 8.65607e+01
8.85896e+14 2.39294e+00 2.81026e+00 1.39855e+01 4.49851e-01 1.05938e+00 3.77987e-02 2.10688e+00 4.11609e+00 -2.63590e+04 1.18482e+01 4.70684e-01 9.45325e-01 5.77314e-02 6.33848e-01 2.74204e-01 8.85791e-01 1.59325e+00 -1.44948e-02 8.68575e+01
9.29831e+14 2.44672e+00 2.88787e+00 1.39014e+01 4.49846e-01 1.07849e+00 3.63915e-02 2.15862e+00 4.21720e+00 4.16909e+00 1.23573e+01 4.92156e-01 9.79743e-01 7.08980e-02 6.51042e-01 2.69255e-01 8.91064e-01 1.04430e+00 1.02424e+00 7.64842e+00
9.75946e+14 2.49323e+00 2.95612e+00 1.38128e+01 4.49853e-01 1.09687e+00 3.50692e-02 2.19930e+00 4.29661e+00 4.56708e+00 1.28016e+01 5.12561e-01 1.01224e+00 8.36452e-02 6.67018e-01 2.64519e-01 8.96240e-01 1.05566e+00 1.04108e+00 7.79714e+00
1.02435e+15 2.53319e+00 3.01563e+00 1.37231e+01 4.49883e-01 1.11463e+00 3.38469e-02 2.23099e+00 4.35825e+00 4.93488e+00 1.31949e+01 5.31874e-01 1.04289e+00 9.58756e-02 6.81922e-01 2.60044e-01 9.00830e-01 1.06603e+00 1.05769e+00 7.92694e+00
1.07515e+15 2.56768e+00 3.06815e+00 1.36340e+01 4.49904e-01 1.13212e+00 3.27021e-02 2.25596e+00 4.40680e+00 5.27867e+00 1.35467e+01 5.50278e-01 1.07205e+00 1.07682e-01 6.95921e-01 2.55807e-01 9.05273e-01 1.07553e+00 1.07401e+00 8.04100e+00
1.12847e+15 2.59654e+00 3.11263e+00 1.35458e+01 4.49881e-01 1.14886e+00 3.16535e-02 2.27402e+00 4.44231e+00 5.59430e+00 1.38535e+01 5.67506e-01 1.09916e+00 1.18953e-01 7.09038e-01 2.51841e-01 9.08350e-01 1.08425e+00 1.08989e+00 8.13898e+00
1.18444e+15 2.62014e+00 3.14931e+00 1.34538e+01 4.49860e-01 1.16466e+00 3.06617e-02 2.28309e+00 4.46025e+00 5.87265e+00 1.41102e+01 5.83492e-01 1.12387e+00 1.29718e-01 7.21195e-01 2.48056e-01 9.11377e-01 1.09267e+00 1.10568e+00 8.22035e+00
1.24318e+15 2.63913e+00 3.17927e+00 1.33601e+01 4.49868e-01 1.17998e+00 2.97260e-02 2.28514e+00 4.46417e+00 6.12233e+00 1.43257e+01 5.98375e-01 1.14654e+00 1.39987e-01 7.32522e-01 2.44452e-01 9.14233e-01 1.10078e+00 1.12124e+00 8.28735e+00
1.30483e+15 2.65422e+00 3.20343e+00 1.32657e+01 4.49869e-01 1.19486e+00 2.88372e-02 2.28124e+00 4.45655e+00 6.34524e+00 1.45033e+01 6.12207e-01 1.16726e+00 1.49784e-01 7.43107e-01 2.41030e-01 9.16943e-01 1.10861e+00 1.13654e+00 8.34206e+00
1.36954e+15 2.66557e+00 3.22205e+00 1.31705e+01 4.49896e-01 1.20940e+00 2.79944e-02 2.27201e+00 4.43823e+00 6.54364e+00 1.46471e+01 6.25043e-01 1.18612e+00 1.59128e-01 7.53013e-01 2.37764e-01 9.19507e-01 1.11629e+00 1.15164e+00 8.38536e+00
1.43747e+15 2.67385e+00 3.23597e+00 1.30754e+01 4.49864e-01 1.22356e+00 2.71847e-02 2.25802e+00 4.41123e+00 6.72143e+00 1.47616e+01 6.36902e-01 1.20310e+00 1.68065e-01 7.62299e-01 2.34659e-01 9.21924e-01 1.12379e+00 1.16642e+00 8.41878e+00
1.50876e+15 2.67901e+00 3.24507e+00 1.29802e+01 4.49913e-01 1.23740e+00 2.64234e-02 2.24007e+00 4.37567e+00 6.87836e+00 1.48494e+01 6.47814e-01 1.21840e+00 1.76500e-01 7.71003e-01 2.31703e-01 9.24316e-01 1.13120e+00 1.18092e+00 8.44263e+00
1.58358e+15 2.68178e+00 3.25031e+00 1.28861e+01 4.49858e-01 1.25088e+00 2.56903e-02 2.21865e+00 4.33436e+00 7.01737e+00 1.49135e+01 6.57797e-01 1.23187e+00 1.84560e-01 7.79200e-01 2.28904e-01 9.26538e-01 1.13846e+00 1.19506e+00 8.45888e+00
1.66212e+15 2.68230e+00 3.25196e+00 1.27929e+01 4.49874e-01 1.26402e+00 2.50000e-02 2.19482e+00 4.28766e+00 7.13915e+00 1.49574e+01 6.66935e-01 1.24389e+00 1.92134e-01 7.86924e-01 2.26245e-01 9.28467e-01 1.14564e+00 1.20886e+00 8.46786e+00
1.74455e+15 2.68057e+00 3.24994e+00 1.27004e+01 4.49861e-01 1.27688e+00 2.43389e-02 2.16808e+00 4.23555e+00 7.24565e+00 1.49809e+01 6.75209e-01 1.25428e+00 1.99318e-01 7.94194e-01 2.23715e-01 9.30298e-01 1.15278e+00 1.22233e+00 8.47001e+00
