0.52632  2.337398432  13.46462328
0.521843  2.340612556  13.5146793
0.517348  2.343887235  13.56561319
0.512835  2.347147771  13.61762102
0.508305  2.35033531  13.67082922
0.503757  2.353483914  13.72530706
0.499192  2.356564731  13.78102551
0.494609  2.359633957  13.83812283
0.490008  2.362626857  13.89660303
0.48539  2.365365962  13.95641754
0.480754  2.367896689  14.01770947
0.476101  2.370294705  14.08029748
0.47143  2.372739133  14.14453766
0.466743  2.375214964  14.21055024
0.462038  2.377717217  14.27852688
0.457316  2.37986793  14.34845201
0.452577  2.388007841  14.41472321
0.447821  2.389477074  14.48839213
0.443049  2.390761629  14.56429605
0.43826  2.397418763  14.62910725
0.433455  2.39924966  14.70908033
0.428634  2.407227441  14.78254341
0.423798  2.409250586  14.86774549
0.418945  2.413732535  14.94258791
0.414077  2.416031618  15.03382948
0.409195  2.417560391  15.12887491
0.404297  2.416615711  15.21151088
0.399385  2.418878513  15.31369906
0.394459  2.421432997  15.40729562
0.389519  2.420764157  15.51787855
0.384566  2.41500993  15.62305161
0.3796  2.413444234  15.7417442
0.374622  2.417619398  15.8607792
0.369632  2.41801066  15.99305803
0.364631  2.417920053  16.13240392
0.359618  2.414558763  16.28291264
0.354596  2.406190018  16.44321853
0.349564  2.406307783  16.61553485
0.344522  2.403720458  16.8050027
0.339473  2.395679163  17.01704481
0.334416  2.385250063  17.25000687
0.329353  2.302650977  17.21299208
0.324284  2.277538573  17.27279675
0.319209  2.350797014  17.47933302
0.314131  2.321427703  17.51236391
0.30905  2.264075124  17.48170202
0.303966  2.282483674  17.58098004
0.298882  2.292618462  17.65369276
0.293798  2.255920925  17.66482669
0.288715  2.252895478  17.73028267
0.283634  2.236454611  17.7680036
0.278558  2.219893037  17.80858423
0.273486  2.201052583  17.8480708
0.268422  2.180786685  17.88681761
0.263365  2.162187909  17.92749286
0.258318  2.140611874  17.96550515
0.253282  2.110087475  17.98809766
0.248259  2.090193157  18.02312841
0.24325  2.058859289  18.04231124
0.238258  2.032949359  18.07592177
0.233284  2.007992529  18.10018045
0.228329  1.983412003  18.1309297
0.223397  1.958597115  18.15931554
0.218488  1.933484495  18.19452484
0.213605  1.904694176  18.23425562
0.20875  1.878276817  18.26279191
0.203925  1.849854924  18.29115841
0.199132  1.819772794  18.31660719
0.194373  1.788874746  18.34113595
0.189651  1.757184764  18.36362062
0.184967  1.725622416  18.38819435
0.180324  1.69201713  18.40733989
0.175724  1.657616693  18.4031827
0.17117  1.622442305  18.43887915
0.166663  1.584785737  18.29336696
0.162206  1.544291278  18.12188669
0.157801  1.488825427  18.40616131
0.15345  1.452602132  18.41042764
0.149156  1.41692185  18.41486772
0.144919  1.380541761  18.41469191
0.140743  1.345451166  18.4101327
0.136629  1.30653731  18.40352642
0.13258  1.268489058  18.40644795
0.128596  1.229169251  18.3975242
0.12468  1.184038143  18.08081026
0.120832  1.136441001  17.82577425
0.117056  1.083739055  18.3294211
0.113351  1.048141739  18.30598397
0.10972  1.013315839  18.27549808
0.106162  0.9760207086  18.25715369
0.10268  0.9382934847  18.24905909
0.0992746  0.8910910051  17.7915358
0.0959455  0.839022259  18.21625431
0.0926938  0.8053227161  18.18718298
0.0895198  0.7713594962  18.1601575
0.0864239  0.7381456476  18.13145959
0.0834062  0.6942584648  18.07890171
0.0804668  0.6493757627  18.18806678
0.0776055  0.6194568252  18.1730751
0.0748221  0.5903787898  18.14347597
0.0721162  0.5531776863  17.67333605
0.0694874  0.5141214673  18.30853745
0.0669352  0.4868176141  18.33530443
