0.144666  2.4562e+14  1.88817  19.5153  0.147799  0.0277812  131.989
0.149734  2.54352e+14  2.15668  17.7584  0.163137  0.0296686  159.748
0.15492  2.63302e+14  2.4566  16.4726  0.180356  0.0317017  188.014
0.160223  2.72476e+14  2.7906  15.5157  0.199462  0.033886  216.291
0.165647  2.81878e+14  3.16158  14.7952  0.22046  0.0362269  244.204
0.171191  2.91514e+14  3.57263  14.2476  0.243355  0.0387301  271.502
0.176858  3.01387e+14  4.02702  13.8297  0.268149  0.0414013  298.012
0.182648  3.11504e+14  4.52827  13.5102  0.294838  0.0442462  323.643
0.188564  3.2187e+14  5.08012  13.2666  0.323414  0.0472706  348.344
0.194605  3.3249e+14  5.68649  13.082  0.35386  0.0504801  372.111
0.200775  3.43371e+14  6.35155  12.9438  0.386151  0.0538803  394.961
0.207073  3.54518e+14  7.07966  12.8422  0.420249  0.0574765  416.929
0.213502  3.65938e+14  7.87536  12.7701  0.456104  0.0612735  438.033
0.220063  3.77637e+14  8.74337  12.7214  0.493653  0.0652758  458.328
0.226757  3.89623e+14  9.68855  12.6913  0.532819  0.0694874  477.859
0.233585  4.01902e+14  10.7159  12.6759  0.573509  0.0739115  496.671
0.240548  4.14482e+14  11.8305  12.6724  0.615616  0.0785506  514.796
0.247649  4.27371e+14  13.0374  12.6777  0.659016  0.0834062  532.299
0.254888  4.40577e+14  14.3418  12.6898  0.703574  0.0884791  549.212
0.262267  4.54107e+14  15.7488  12.7072  0.74914  0.093769  565.553
0.269787  4.6797e+14  17.2636  12.7282  0.795553  0.0992746  581.369
0.27745  4.82176e+14  18.891  12.7512  0.842644  0.104993  596.708
0.285256  4.96733e+14  20.6359  12.7757  0.890236  0.110922  611.563
0.293207  5.11649e+14  22.503  12.8005  0.938147  0.117056  625.98
0.301304  5.26936e+14  24.4968  12.8247  0.986195  0.123389  639.992
0.309549  5.42602e+14  26.6215  12.8481  1.0342  0.129916  653.599
0.317944  5.58656e+14  28.8813  12.8699  1.08198  0.136629  666.825
0.326489  5.75111e+14  31.2798  12.8897  1.12936  0.14352  679.702
0.335185  5.91974e+14  33.8207  12.9071  1.17619  0.150581  692.246
0.344034  6.09257e+14  36.5072  12.9222  1.22231  0.157801  704.453
0.353038  6.26971e+14  39.3422  12.9343  1.26757  0.165172  716.372
0.362198  6.45126e+14  42.3287  12.9438  1.31186  0.172683  727.98
0.371515  6.63732e+14  45.4691  12.9503  1.35505  0.180324  739.311
0.38099  6.82801e+14  48.7656  12.9538  1.39705  0.188085  750.373
0.390625  7.02344e+14  52.2205  12.9547  1.43778  0.195955  761.153
0.400421  7.22372e+14  55.8354  12.9523  1.47715  0.203925  771.716
0.410379  7.42895e+14  59.6123  12.9473  1.51513  0.211983  782.027
0.420502  7.63926e+14  63.5526  12.9393  1.55165  0.220121  792.13
0.430789  7.85475e+14  67.6577  12.929  1.5867  0.228329  801.987
0.441243  8.07554e+14  71.9289  12.916  1.62026  0.236598  811.646
0.451864  8.30174e+14  76.3675  12.9006  1.65231  0.244918  821.099
0.462655  8.53346e+14  80.9745  12.8829  1.68286  0.253282  830.364
0.473616  8.77083e+14  85.751  12.8631  1.71191  0.261682  839.435
0.484748  9.01396e+14  90.698  12.8413  1.73949  0.270109  848.33
0.496054  9.26295e+14  95.8165  12.8174  1.76561  0.278558  857.07
0.507535  9.51794e+14  101.107  12.792  1.79031  0.287021  865.615
0.519191  9.77903e+14  106.572  12.7648  1.81361  0.295492  874.013
0.531024  1.00463e+15  112.21  12.7362  1.83556  0.303966  882.254
0.543035  1.032e+15  118.024  12.706  1.85618  0.312438  890.354
0.555227  1.06001e+15  124.014  12.6747  1.87554  0.320901  898.3
0.567599  1.08868e+15  130.181  12.6422  1.89365  0.329353  906.11
0.580154  1.11802e+15  136.527  12.6089  1.91058  0.337788  913.766
0.592893  1.14804e+15  143.051  12.5743  1.92636  0.346204  921.317
0.605817  1.17875e+15  149.756  12.5389  1.94104  0.354596  928.744
0.618927  1.21017e+15  156.642  12.5028  1.95466  0.362961  936.029
0.632226  1.2423e+15  163.71  12.4662  1.96727  0.371297  943.185
0.645713  1.27517e+15  170.962  12.4287  1.97892  0.3796  950.257
0.659391  1.30878e+15  178.399  12.3909  1.98964  0.38787  957.191
0.67326  1.34314e+15  186.023  12.3525  1.99947  0.396103  964.031
0.687323  1.37826e+15  193.833  12.3135  2.00847  0.404297  970.788
0.70158  1.41416e+15  201.832  12.2746  2.01666  0.412451  977.404
0.716033  1.45086e+15  210.022  12.2353  2.02408  0.420564  983.921
0.730683  1.48836e+15  218.403  12.1957  2.03078  0.428634  990.348
0.745532  1.52667e+15  226.976  12.1558  2.03679  0.43666  996.696
0.76058  1.56581e+15  235.745  12.116  2.04214  0.444642  1002.93
0.77583  1.60579e+15  244.709  12.0761  2.04687  0.452577  1009.07
0.791282  1.64662e+15  253.872  12.0359  2.05101  0.460466  1015.15
0.806938  1.68832e+15  263.233  11.9961  2.05458  0.468307  1021.1
0.822799  1.73089e+15  272.795  11.9559  2.05762  0.476101  1027.01
0.838866  1.77436e+15  282.561  11.916  2.06016  0.483846  1032.81
0.855141  1.81873e+15  292.53  11.8762  2.06222  0.491543  1038.53
0.871626  1.86401e+15  302.706  11.8366  2.06383  0.499192  1044.15
0.888321  1.91023e+15  313.089  11.797  2.06501  0.506791  1049.71
0.905228  1.95738e+15  323.683  11.7574  2.06579  0.514341  1055.21
0.922348  2.0055e+15  334.488  11.7185  2.06618  0.521843  1060.58
0.939682  2.05458e+15  345.507  11.6792  2.06621  0.529295  1065.95
0.957232  2.10464e+15  356.742  11.6405  2.0659  0.536698  1071.18
