4.45637e+14 8.91565e-01 9.33135e-01 1.77142e+01 4.49860e-01 4.68702e-01 8.43386e-02 5.63517e-01 1.10089e+00 0.00000e+00 0.00000e+00 1.30654e-01 4.59826e-01 -1.92732e-01 2.69598e-01 4.45312e-01 6.02344e-01 4.68702e-01 4.68702e-01 3.66257e+00
4.69752e+14 9.72425e-01 1.02348e+00 1.60477e+01 4.49899e-01 5.69342e-01 7.89420e-02 6.27713e-01 1.22619e+00 0.00000e+00 0.00000e+00 1.43815e-01 4.52376e-01 -1.57203e-01 2.89554e-01 3.96151e-01 6.78516e-01 5.69342e-01 5.69342e-01 3.73527e+00
4.95173e+14 1.05566e+00 1.11755e+00 1.54845e+01 4.49901e-01 6.25448e-01 7.40673e-02 6.95627e-01 1.35885e+00 0.00000e+00 5.36113e-02 1.57730e-01 4.64227e-01 -1.39730e-01 3.10067e-01 3.77085e-01 7.13477e-01 6.25448e-01 6.25448e-01 3.89041e+00
5.21968e+14 1.13892e+00 1.21270e+00 1.51355e+01 4.49835e-01 6.70789e-01 6.95744e-02 7.63164e-01 1.49100e+00 0.00000e+00 8.09899e-01 1.72082e-01 4.80250e-01 -1.25543e-01 3.30593e-01 3.63888e-01 7.39844e-01 6.70789e-01 6.70789e-01 4.05819e+00
5.50214e+14 1.22435e+00 1.31169e+00 1.48942e+01 4.49881e-01 7.11369e-01 6.56388e-02 8.37094e-01 1.63527e+00 0.00000e+00 1.61438e+00 1.87365e-01 4.99682e-01 -1.12710e-01 3.51869e-01 3.53489e-01 7.59863e-01 7.11369e-01 7.11369e-01 4.24499e+00
5.79989e+14 1.30743e+00 1.40904e+00 1.47048e+01 4.49895e-01 7.47431e-01 6.19729e-02 9.07420e-01 1.77260e+00 0.00000e+00 2.29713e+00 2.02813e-01 5.20237e-01 -1.00648e-01 3.72732e-01 3.44630e-01 7.77539e-01 7.47431e-01 7.47431e-01 4.42902e+00
6.11374e+14 1.38814e+00 1.50478e+00 1.45468e+01 4.49848e-01 7.80470e-01 5.85935e-02 9.75189e-01 1.90518e+00 0.00000e+00 2.94009e+00 2.18478e-01 5.41657e-01 -8.89550e-02 3.93299e-01 3.36728e-01 7.92969e-01 7.80470e-01 7.80470e-01 4.61218e+00
6.44458e+14 1.46768e+00 1.60061e+00 1.44161e+01 4.49829e-01 8.12052e-01 5.55527e-02 1.04487e+00 2.04141e+00 0.00000e+00 3.64120e+00 2.34673e-01 5.64513e-01 -7.74496e-02 4.13970e-01 3.29565e-01 8.05957e-01 8.12052e-01 8.12052e-01 4.80608e+00
6.79333e+14 1.54340e+00 1.69299e+00 1.42955e+01 4.49886e-01 8.41238e-01 5.27696e-02 1.11049e+00 2.16932e+00 0.00000e+00 4.28039e+00 2.50884e-01 5.87649e-01 -6.61510e-02 4.34126e-01 3.22847e-01 8.17383e-01 8.41238e-01 8.41238e-01 4.99279e+00
7.16094e+14 1.61378e+00 1.77982e+00 1.41782e+01 4.49889e-01 8.68468e-01 5.01685e-02 1.16846e+00 2.28255e+00 0.00000e+00 4.85616e+00 2.66795e-01 6.10311e-01 -5.50253e-02 4.53418e-01 3.16472e-01 8.28223e-01 8.68468e-01 8.68468e-01 5.17025e+00
7.54845e+14 1.68026e+00 1.86304e+00 1.40684e+01 4.49840e-01 8.94722e-01 4.77689e-02 1.22304e+00 2.38943e+00 0.00000e+00 5.42950e+00 2.82688e-01 6.33097e-01 -4.39848e-02 4.72232e-01 3.10436e-01 8.37891e-01 8.94722e-01 8.94722e-01 5.34919e+00
7.95693e+14 1.74195e+00 1.94122e+00 1.39623e+01 4.49877e-01 9.19516e-01 4.55964e-02 1.27295e+00 2.48675e+00 0.00000e+00 5.97238e+00 2.98333e-01 6.55643e-01 -3.31842e-02 4.90415e-01 3.04704e-01 8.46045e-01 9.19516e-01 9.19516e-01 5.52229e+00
8.38751e+14 1.79824e+00 2.01345e+00 1.38541e+01 4.49892e-01 9.43166e-01 4.35495e-02 1.31546e+00 2.56970e+00 -2.90423e+04 6.46674e+00 3.13557e-01 6.77423e-01 -2.25250e-02 5.07725e-01 2.99159e-01 8.54102e-01 1.74650e+00 -1.09379e-02 7.87986e+01
8.84139e+14 1.84924e+00 2.07961e+00 1.37462e+01 4.49892e-01 9.65738e-01 4.16569e-02 1.35157e+00 2.64023e+00 -2.84980e+04 6.91983e+00 3.28293e-01 6.98392e-01 -1.20940e-02 5.24249e-01 2.93853e-01 8.61377e-01 1.74407e+00 -1.14032e-02 7.91804e+01
9.31984e+14 1.89528e+00 2.14010e+00 1.36378e+01 4.49888e-01 9.87522e-01 3.98876e-02 1.38160e+00 2.69892e+00 -2.79755e+04 7.33825e+00 3.42559e-01 7.18560e-01 -1.86573e-03 5.40004e-01 2.88749e-01 8.68115e-01 1.74240e+00 -1.18612e-02 7.94451e+01
9.82417e+14 1.93684e+00 2.19544e+00 1.35320e+01 4.49907e-01 1.00870e+00 3.82636e-02 1.40749e+00 2.74940e+00 -2.74790e+04 7.73281e+00 3.56391e-01 7.38108e-01 8.09886e-03 5.55138e-01 2.83892e-01 8.74023e-01 1.74111e+00 -1.23090e-02 7.96182e+01
1.03558e+15 1.97435e+00 2.24621e+00 1.34294e+01 4.49881e-01 1.02945e+00 3.67657e-02 1.43030e+00 2.79411e+00 -2.70067e+04 8.11171e+00 3.69836e-01 7.57085e-01 1.78685e-02 5.69745e-01 2.79263e-01 8.78613e-01 1.74012e+00 -1.27473e-02 7.97136e+01
1.09162e+15 2.00690e+00 2.29070e+00 1.33223e+01 4.49871e-01 1.04906e+00 3.53459e-02 1.44582e+00 2.82448e+00 -2.65493e+04 8.43724e+00 3.82545e-01 7.74682e-01 2.73556e-02 5.83469e-01 2.74768e-01 8.83325e-01 1.74048e+00 -1.31777e-02 7.97050e+01
1.15069e+15 2.03495e+00 2.32944e+00 1.32131e+01 4.49909e-01 1.06800e+00 3.40092e-02 1.45534e+00 2.84285e+00 -2.61093e+04 8.71815e+00 3.94570e-01 7.91080e-01 3.65229e-02 5.96410e-01 2.70432e-01 8.87988e-01 1.74191e+00 -1.35988e-02 7.96114e+01
1.21296e+15 2.05893e+00 2.36295e+00 1.31032e+01 4.49878e-01 1.08640e+00 3.27402e-02 1.45959e+00 2.85134e+00 -2.56879e+04 8.96414e+00 4.05917e-01 8.06232e-01 4.54264e-02 6.08651e-01 2.66270e-01 8.92505e-01 1.74421e+00 -1.40094e-02 7.94481e+01
1.27860e+15 2.07916e+00 2.39149e+00 1.29939e+01 4.49853e-01 1.10424e+00 3.15518e-02 1.45954e+00 2.85140e+00 -2.52863e+04 9.17917e+00 4.16587e-01 8.20240e-01 5.39868e-02 6.20253e-01 2.62294e-01 8.96533e-01 1.74725e+00 -1.44076e-02 7.92273e+01
1.34779e+15 2.09592e+00 2.41542e+00 1.28846e+01 4.49835e-01 1.12162e+00 3.04304e-02 1.45549e+00 2.84360e+00 2.93292e+00 9.36313e+00 4.26609e-01 8.33131e-01 6.22312e-02 6.31245e-01 2.58479e-01 9.00342e-01 1.10063e+00 1.07160e+00 6.62594e+00
1.42072e+15 2.10955e+00 2.43515e+00 1.27759e+01 4.49894e-01 1.13854e+00 2.93813e-02 1.44825e+00 2.82908e+00 3.13885e+00 9.52131e+00 4.36010e-01 8.45031e-01 7.01058e-02 6.41678e-01 2.54826e-01 9.03906e-01 1.11408e+00 1.08606e+00 6.67407e+00
1.49760e+15 2.12021e+00 2.45083e+00 1.26677e+01 4.49831e-01 1.15505e+00 2.83742e-02 1.43747e+00 2.80841e+00 3.32837e+00 9.65396e+00 4.44755e-01 8.55700e-01 7.77396e-02 6.51571e-01 2.51324e-01 9.07275e-01 1.12707e+00 1.10039e+00 6.71350e+00
1.57865e+15 2.12826e+00 2.46288e+00 1.25604e+01 4.49843e-01 1.17115e+00 2.74301e-02 1.42427e+00 2.78255e+00 3.50181e+00 9.76485e+00 4.52899e-01 8.65425e-01 8.50026e-02 6.60971e-01 2.47973e-01 9.10498e-01 1.13961e+00 1.11452e+00 6.74477e+00
1.66407e+15 2.13383e+00 2.47140e+00 1.24547e+01 4.49854e-01 1.18682e+00 2.65416e-02 1.40883e+00 2.75232e+00 3.65974e+00 9.85500e+00 4.60413e-01 8.74112e-01 9.19178e-02 6.69916e-01 2.44778e-01 9.13428e-01 1.15173e+00 1.12842e+00 6.76860e+00
1.75412e+15 2.13712e+00 2.47661e+00 1.23504e+01 4.49866e-01 1.20210e+00 2.57029e-02 1.39140e+00 2.71820e+00 3.80218e+00 9.92485e+00 4.67319e-01 8.81793e-01 9.84976e-02 6.78428e-01 2.41727e-01 9.15942e-01 1.16350e+00 1.14210e+00 6.78554e+00
1.84905e+15 2.13853e+00 2.47916e+00 1.22474e+01 4.49841e-01 1.21705e+00 2.48996e-02 1.37222e+00 2.68088e+00 3.93118e+00 9.97709e+00 4.73671e-01 8.88529e-01 1.04796e-01 6.86539e-01 2.38805e-01 9.18311e-01 1.17497e+00 1.15559e+00 6.79644e+00
1.94911e+15 2.13799e+00 2.47892e+00 1.21453e+01 4.49857e-01 1.23171e+00 2.41386e-02 1.35154e+00 2.64038e+00 4.04690e+00 1.00131e+01 4.79484e-01 8.94400e-01 1.10775e-01 6.94263e-01 2.35997e-01 9.20532e-01 1.18621e+00 1.16889e+00 6.80127e+00
2.05458e+15 2.13599e+00 2.47656e+00 1.20448e+01 4.49911e-01 1.24603e+00 2.34163e-02 1.32994e+00 2.59788e+00 4.15040e+00 1.00355e+01 4.84803e-01 8.99518e-01 1.16430e-01 7.01645e-01 2.33309e-01 9.22607e-01 1.19720e+00 1.18196e+00 6.80113e+00
