5.80282e-01 1.81268e+01
6.81211e-01 1.80973e+01
7.92775e-01 1.81259e+01
9.13272e-01 1.81870e+01
1.03822e+00 1.82522e+01
1.16986e+00 1.83227e+01
1.30123e+00 1.83691e+01
1.43042e+00 1.83889e+01
1.55918e+00 1.83938e+01
1.67982e+00 1.83627e+01
1.79429e+00 1.83097e+01
1.89895e+00 1.82288e+01
1.99565e+00 1.81313e+01
2.08438e+00 1.80197e+01
2.16159e+00 1.78879e+01
2.22918e+00 1.77429e+01
2.28788e+00 1.75889e+01
2.33873e+00 1.74299e+01
2.38160e+00 1.72668e+01
2.41722e+00 1.71011e+01
2.44601e+00 1.69315e+01
2.46855e+00 1.67617e+01
2.48614e+00 1.65925e+01
2.49874e+00 1.64236e+01
2.50678e+00 1.62568e+01
2.51131e+00 1.60928e+01
2.51203e+00 1.59316e+01
2.51009e+00 1.57727e+01
2.50508e+00 1.56174e+01
2.49784e+00 1.54657e+01