0.9  1.725885738829351e-05 
0.9036036036036036  2.0570870735163454e-05 
0.9072072072072073  2.4464222984066817e-05 
0.9108108108108108  2.9030331985718082e-05 
0.9144144144144144  3.437305569626131e-05 
0.9180180180180181  4.061005831435623e-05 
0.9216216216216216  4.787427520664725e-05 
0.9252252252252252  5.631547598056079e-05 
0.9288288288288289  6.610192362284935e-05 
0.9324324324324325  7.742212598418473e-05 
0.936036036036036  9.048667405176772e-05 
0.9396396396396397  0.000105530159414106 
0.9432432432432433  0.0001228131610894002 
0.9468468468468468  0.00014262428947023578 
0.9504504504504505  0.00016528227254607725 
0.9540540540540541  0.00019113806682020766 
0.9576576576576576  0.0002205769724634378 
0.9612612612612613  0.00025402072927311893 
0.9648648648648649  0.00029192956696885594 
0.9684684684684685  0.0003348041802977804 
0.9720720720720721  0.0003831875963906858 
0.9756756756756757  0.00043766689885992743 
0.9792792792792793  0.000498874770320792 
0.982882882882883  0.0005674908124153941 
0.9864864864864865  0.0006442426000923268 
0.9900900900900901  0.0007299064249206949 
0.9936936936936938  0.0008253076806710933 
0.9972972972972973  0.0009313208433586987 
1.000900900900901  0.0010488689974952525 
1.0045045045045045  0.0011789228605174722 
1.0081081081081082  0.0013224992583276234 
1.0117117117117118  0.0014806590066713328 
1.0153153153153154  0.001654504155756872 
1.018918918918919  0.0018451745591490376 
1.0225225225225225  0.0020538437326004075 
1.026126126126126  0.0022817139741503753 
1.0297297297297296  0.00253001072355221 
1.0333333333333334  0.0027999761468866136 
1.036936936936937  0.0030928619410743245 
1.0405405405405406  0.0034099213628779254 
1.0441441441441441  0.003752400497824927 
1.0477477477477477  0.004121528796213129 
1.0513513513513515  0.0045185089158645015 
1.054954954954955  0.004944505924443559 
1.0585585585585586  0.005400635927790151 
1.0621621621621622  0.005887954204643971 
1.0657657657657658  0.0064074429421500205 
1.0693693693693693  0.006959998680388034 
1.072972972972973  0.007546419587608075 
1.0765765765765767  0.008167392700599626 
1.0801801801801802  0.008823481276378506 
1.0837837837837838  0.009515112411846128 
1.0873873873873874  0.010242565096946666 
1.090990990990991  0.011005958873824166 
1.0945945945945947  0.011805243279262696 
1.0981981981981983  0.012640188250007388 
1.1018018018018019  0.013510375670163728 
1.1054054054054054  0.01441519223653513 
1.109009009009009  0.01535382381132228 
1.1126126126126126  0.01632525142194113 
1.1162162162162161  0.017328249054761557 
1.11981981981982  0.018361383373326753 
1.1234234234234235  0.0194230154721552 
1.127027027027027  0.020511304754703277 
1.1306306306306306  0.02162421499869942 
1.1342342342342342  0.022759522644156423 
1.137837837837838  0.023914827309306472 
1.1414414414414416  0.0250875645079382 
1.1450450450450451  0.026275020508666667 
1.1486486486486487  0.027474349243118062 
1.1522522522522523  0.02868259113648749 
1.1558558558558558  0.029896693701096717 
1.1594594594594594  0.031113533702121325 
1.163063063063063  0.032329940675267815 
1.1666666666666667  0.03354272154953184 
1.1702702702702703  0.0347486861049078 
1.1738738738738739  0.03594467297564889 
1.1774774774774774  0.0371275758949074 
1.1810810810810812  0.03829436986678724 
1.1846846846846848  0.039442136947330945 
1.1882882882882884  0.04056809131699835 
1.191891891891892  0.04166960333385658 
1.1954954954954955  0.04274422226899098 
1.199099099099099  0.04378969744338163 
1.2027027027027026  0.044803997508394956 
1.2063063063063062  0.04578532763967653 
1.20990990990991  0.04673214444606213 
1.2135135135135136  0.047643168430477924 
1.2171171171171171  0.04851739387794231 
1.2207207207207207  0.04935409608586259 
1.2243243243243245  0.05015283589297811 
1.227927927927928  0.05091346150460154 
1.2315315315315316  0.051636107652362276 
1.2351351351351352  0.05232119216553819 
1.2387387387387387  0.05296941006744576 
1.2423423423423423  0.05358172534345824 
1.2459459459459459  0.05415936055635065 
1.2495495495495494  0.05470378450926957 
1.2531531531531532  0.05521669817624548 
1.2567567567567568  0.05570001913450825 
1.2603603603603604  0.05615586474179451 
1.263963963963964  0.05658653430533759 
1.2675675675675677  0.05699449048747305 
1.2711711711711713  0.057382340186079336 
1.2747747747747749  0.05775281511681723 
1.2783783783783784  0.05810875230891041 
1.281981981981982  0.05845307470766102 
1.2855855855855856  0.05878877205573677 
1.2891891891891891  0.05911888220231138 
1.2927927927927927  0.059446472965160084 
1.2963963963963965  0.05977462464665256 
1.3  0.06010641328101894 
1.3036036036036036  0.060444894668018646 
1.3072072072072072  0.06079308922792896 
1.310810810810811  0.06115396769510905 
1.3144144144144145  0.06153043765282128 
1.318018018018018  0.061925330900803335 
1.3216216216216217  0.06234139163954289 
1.3252252252252252  0.06278126545137937 
1.3288288288288288  0.06324748905840477 
1.3324324324324324  0.06374248084048025 
1.336036036036036  0.06426853210322465 
1.3396396396396397  0.06482779909515403 
1.3432432432432433  0.06542229578473394 
1.3468468468468469  0.06605388742136806 
1.3504504504504504  0.06672428491861859 
1.3540540540540542  0.06743504011252512 
1.3576576576576578  0.06818754196207077 
1.3612612612612613  0.06898301377185698 
1.364864864864865  0.06982251152825912 
1.3684684684684685  0.07070692344901378 
1.372072072072072  0.0716369708518038 
1.3756756756756756  0.07261321044938736 
1.3792792792792792  0.07363603817679072 
1.382882882882883  0.07470569464968238 
1.3864864864864865  0.07582227234214334 
1.39009009009009  0.07698572455651428 
1.3936936936936937  0.07819587623796119 
1.3972972972972975  0.07945243666200505 
1.400900900900901  0.08075501399490369 
1.4045045045045046  0.0821031316948705 
1.4081081081081082  0.08349624668726596 
1.4117117117117117  0.08493376920984394 
1.4153153153153153  0.08641508418557887 
1.4189189189189189  0.08793957394155065 
1.4225225225225224  0.08950664205360197 
1.426126126126126  0.09111573805917716 
1.4297297297297298  0.09276638274572416 
1.4333333333333333  0.09445819369045 
1.436936936936937  0.09619091069993173 
1.4405405405405407  0.09796442077610129 
1.4441441441441443  0.09977878221922779 
1.4477477477477478  0.10163424746952522 
1.4513513513513514  0.10353128428748133 
1.454954954954955  0.10547059487947094 
1.4585585585585585  0.10745313258993984 
1.462162162162162  0.10948011580463489 
1.4657657657657657  0.11155303874087845 
1.4693693693693692  0.11367367884056374 
1.472972972972973  0.11584410052888633 
1.4765765765765766  0.11806665515619921 
1.4801801801801802  0.12034397700092334 
1.483783783783784  0.12267897527717095 
1.4873873873873875  0.12507482216043558 
1.490990990990991  0.12753493691707185 
1.4945945945945946  0.13006296629685224 
1.4981981981981982  0.13266276142120317 
1.5018018018018018  0.13533835147113477 
1.5054054054054054  0.1380939145468675 
1.509009009009009  0.14093374613416423 
1.5126126126126125  0.1438622256688702 
1.5162162162162163  0.1468837817398225 
1.5198198198198198  0.1500028565098016 
1.5234234234234234  0.15322386996355275 
1.5270270270270272  0.15655118461015258 
1.5306306306306308  0.15998907127358183 
1.5342342342342343  0.16354167659983707 
1.537837837837838  0.16721299289111974 
1.5414414414414415  0.1710068308477846 
1.545045045045045  0.17492679575713407 
1.5486486486486486  0.17897626761555177 
1.5522522522522522  0.18315838560767486 
1.5558558558558557  0.18747603729456017 
1.5594594594594595  0.19193185278336317 
1.563063063063063  0.1965282040654299 
1.5666666666666667  0.2012672096195359 
1.5702702702702704  0.20615074428399371 
1.573873873873874  0.21118045430731766 
1.5774774774774776  0.21635777739370954 
1.5810810810810811  0.22168396746880703 
1.5846846846846847  0.2271601238042348 
1.5882882882882883  0.23278722405847357 
1.5918918918918918  0.23856616071748604 
1.5954954954954954  0.2444977803528532 
1.599099099099099  0.2505829250589296 
1.6027027027027028  0.25682247538446223 
1.6063063063063063  0.26321739403898853 
1.60990990990991  0.2697687696305229 
1.6135135135135137  0.2764778596786674 
1.6171171171171173  0.2833461321464999 
1.6207207207207208  0.2903753047450501 
1.6243243243243244  0.2975673812855641 
1.627927927927928  0.3049246843865313 
1.6315315315315315  0.3124498838839988 
1.635135135135135  0.32014602034403206 
1.6387387387387387  0.32801652313480356 
1.6423423423423422  0.33606522258138766 
1.645945945945946  0.344296355798179 
1.6495495495495496  0.3527145658709309 
1.6531531531531531  0.361324894141589 
1.656756756756757  0.3701327654335033 
1.6603603603603605  0.37914396614128265 
1.663963963963964  0.38836461519736737 
1.6675675675675676  0.39780112801559087 
1.6711711711711712  0.4074601735995559 
1.6747747747747748  0.4173486250896643 
1.6783783783783783  0.4274735041061493 
1.681981981981982  0.43784191932572714 
1.6855855855855855  0.4484609998054641 
1.6891891891891893  0.45933782363829817 
1.6927927927927928  0.47047934258953567 
1.6963963963963964  0.4818923034215814 
1.7000000000000002  0.49358316666433655 
1.7036036036036037  0.505558023630306 
1.7072072072072073  0.517822512505642 
1.7108108108108109  0.530381734370327 
1.7144144144144144  0.543240170011981 
1.718018018018018  0.5564015983977341 
1.7216216216216216  0.5698690176567824 
1.7252252252252251  0.5836445694025864 
1.7288288288288287  0.5977294671880806 
1.7324324324324325  0.6121239298399747 
1.736036036036036  0.6268271203597914 
1.7396396396396396  0.6418370910100363 
1.7432432432432434  0.6571507351259452 
1.746846846846847  0.6727637461060542 
1.7504504504504506  0.6886705839419437 
1.7540540540540541  0.7048644495490972 
1.7576576576576577  0.7213372670599074 
1.7612612612612613  0.7380796741378232 
1.7648648648648648  0.7550810202714026 
1.7684684684684684  0.7723293729102149 
1.772072072072072  0.7898115312140662 
1.7756756756756757  0.8075130471042057 
1.7792792792792793  0.8254182532331935 
1.7828828828828829  0.8435102974291574 
1.7864864864864867  0.8617711831232341 
1.7900900900900902  0.8801818152358298 
1.7936936936936938  0.8987220509796752 
1.7972972972972974  0.9173707550343035 
1.800900900900901  0.9361058585590305 
1.8045045045045045  0.9549044215367722 
1.808108108108108  0.9737426979798679 
1.8117117117117116  0.992596203578224 
1.8153153153153152  1.011439785428007 
1.818918918918919  1.0302476935434053 
1.8225225225225226  1.048993653921592 
1.8261261261261261  1.0676509429990688 
1.82972972972973  1.0861924634032587 
1.8333333333333335  1.1045908209636446 
1.836936936936937  1.122818402998557 
1.8405405405405406  1.1408474579354368 
1.8441441441441442  1.1586501763506871 
1.8477477477477477  1.1761987735294777 
1.8513513513513513  1.193465573643947 
1.8549549549549549  1.2104230956303823 
1.8585585585585584  1.2270441408114432 
1.8621621621621622  1.243301882259548 
1.8657657657657658  1.259169955832889 
1.8693693693693694  1.2746225527386268 
1.8729729729729732  1.2896345133902662 
1.8765765765765767  1.3041814222313513 
1.8801801801801803  1.318239703098576 
1.8837837837837839  1.3317867145972455 
1.8873873873873874  1.344800844864473 
1.890990990990991  1.3572616050043376 
1.8945945945945946  1.3691497203974865 
1.8981981981981981  1.3804472190184214 
1.9018018018018017  1.3911375158408006 
1.9054054054054053  1.401205492375346 
1.9090090090090088  1.410637570369703 
1.9126126126126128  1.4194217787052463 
1.9162162162162164  1.4275478125533065 
1.91981981981982  1.43500708390282 
1.9234234234234235  1.4417927626417588 
1.927027027027027  1.447899807465373 
1.9306306306306307  1.4533249859929613 
1.9342342342342342  1.4580668835989714 
1.9378378378378378  1.4621259006021812 
1.9414414414414414  1.4655042376034404 
1.945045045045045  1.46820586891716 
1.9486486486486485  1.4702365041983503 
1.952252252252252  1.4716035385239516 
1.955855855855856  1.4723159913409831 
1.9594594594594597  1.4723844348396604 
1.9630630630630632  1.471820912447098 
1.9666666666666668  1.4706388482610278 
1.9702702702702704  1.4688529483533777 
1.973873873873874  1.4664790949667976 
1.9774774774774775  1.463534234703961 
1.981081081081081  1.4600362618670515 
1.9846846846846846  1.456003898144503 
1.9882882882882882  1.4514565698625919 
1.9918918918918918  1.4464142840226764 
1.9954954954954953  1.4408975043300694 
1.9990990990990993  1.4349270283903766 
2.002702702702703  1.4285238672037432 
2.0063063063063065  1.4217091280293799 
2.00990990990991  1.4145039016227419 
2.0135135135135136  1.4069291547680485 
2.017117117117117  1.399005628941512 
2.0207207207207207  1.3907537458460786 
2.0243243243243243  1.3821935204600513 
2.027927927927928  1.3733444821393301 
2.0315315315315314  1.3642256042091576 
2.035135135135135  1.3548552423761482 
2.0387387387387386  1.3452510821869823 
2.0423423423423426  1.3354300956569818 
2.045945945945946  1.325408507090748 
2.0495495495495497  1.3152017680192916 
2.0531531531531533  1.3048245410835468 
2.056756756756757  1.2942906926046205 
2.0603603603603604  1.2836132934955298 
2.063963963963964  1.2728046280902745 
2.0675675675675675  1.2618762103920602 
2.071171171171171  1.2508388071758672 
2.0747747747747747  1.2397024673210526 
2.0783783783783782  1.2284765566972204 
2.081981981981982  1.2171697978836993 
2.085585585585586  1.2057903139676198 
2.0891891891891894  1.1943456756407815 
2.092792792792793  1.1828429507993277 
2.0963963963963965  1.171288755845256 
2.1  1.159689307893532 
2.1036036036036037  1.1480504771040039 
2.1072072072072072  1.1363778383829692 
2.110810810810811  1.1246767217353928 
2.1144144144144144  1.1129522605945108 
2.118018018018018  1.1012094375101396 
2.1216216216216215  1.0894531266406293 
2.125225225225225  1.0776881325636862 
2.128828828828829  1.0659192249978697 
2.1324324324324326  1.0541511691085694 
2.136036036036036  1.042388751156608 
2.1396396396396398  1.0306367993347385 
2.1432432432432433  1.0189001997240232 
2.146846846846847  1.0071839073875601 
2.1504504504504505  0.9954929527014931 
2.154054054054054  0.9838324431008255 
2.1576576576576576  0.9722075604894582 
2.161261261261261  0.9606235546279632 
2.1648648648648647  0.9490857328685066 
2.1684684684684683  0.9375994466525548 
2.1720720720720723  0.9261700752230173 
2.175675675675676  0.9148030070284893 
2.1792792792792794  0.9035036193111866 
2.182882882882883  0.8922772563750916 
2.1864864864864866  0.881129207023527 
2.19009009009009  0.8700646816397469 
2.1936936936936937  0.8590887893583222 
2.1972972972972973  0.8482065157418955 
2.200900900900901  0.8374227013371041 
2.2045045045045044  0.826742021437622 
2.208108108108108  0.8161689673315342 
2.2117117117117115  0.8057078292569474 
2.2153153153153156  0.7953626812348271 
2.218918918918919  0.7851373678930006 
2.2225225225225227  0.7750354933418868 
2.2261261261261263  0.765060412110996 
2.22972972972973  0.7552152221083317 
2.2333333333333334  0.7455027595217893 
2.236936936936937  0.7359255955447964 
2.2405405405405405  0.7264860347773512 
2.244144144144144  0.7171861151295402 
2.2477477477477477  0.7080276090371839 
2.2513513513513512  0.6990120257889846 
2.254954954954955  0.6901406147613119 
2.258558558558559  0.6814143693598718 
2.2621621621621624  0.6728340314769375 
2.265765765765766  0.6644000962880589 
2.2693693693693695  0.6561128172318683 
2.272972972972973  0.6479722110408721 
2.2765765765765766  0.6399780627183186 
2.28018018018018  0.6321299303858872 
2.2837837837837838  0.6244271499579964 
2.2873873873873873  0.6168688396298336 
2.290990990990991  0.6094539041973408 
2.2945945945945945  0.6021810392567881 
2.298198198198198  0.5950487353590341 
2.301801801801802  0.5880552822179798 
2.3054054054054056  0.581198773093459 
2.309009009009009  0.5744771094855327 
2.3126126126126128  0.5678880062890576 
2.3162162162162163  0.5614289975644486 
2.31981981981982  0.5550974430824128 
2.3234234234234235  0.5488905357968159 
2.327027027027027  0.54280531039119 
2.3306306306306306  0.5368386530303841 
2.334234234234234  0.5309873124300444 
2.3378378378378377  0.5252479123331566 
2.3414414414414413  0.5196169654555614 
2.3450450450450453  0.5140908889312116 
2.348648648648649  0.5086660212542665 
2.3522522522522524  0.5033386406790042 
2.355855855855856  0.4981049850013698 
2.3594594594594596  0.49296127260810446 
2.363063063063063  0.4879037246419972 
2.3666666666666667  0.48292858809575184 
2.3702702702702703  0.4780321596129511 
2.373873873873874  0.473210809743767 
2.3774774774774774  0.46846100737609625 
2.381081081081081  0.46377934404046517 
2.3846846846846845  0.45916255777006737 
2.3882882882882885  0.4546075561863294 
2.391891891891892  0.45011143847571555 
2.3954954954954957  0.445671515925571 
2.3990990990990992  0.44128533069587333 
2.402702702702703  0.43695067251947134 
2.4063063063063064  0.4326655930461564 
2.40990990990991  0.42842841757479483 
2.4135135135135135  0.42423775395266 
2.417117117117117  0.42009249846125074 
2.4207207207207206  0.41599183855237776 
2.424324324324324  0.4119352523463825 
2.4279279279279278  0.4079225048548112 
2.431531531531532  0.4039536409418356 
2.4351351351351354  0.4000289750906981 
2.438738738738739  0.39614907809274796 
2.4423423423423425  0.39231476082566563 
2.445945945945946  0.38852705533347914 
2.4495495495495496  0.38478719346288703 
2.453153153153153  0.38109658334716734 
2.4567567567567568  0.37745678406023775 
2.4603603603603603  0.37386947878818555 
2.463963963963964  0.37033644688392536 
2.4675675675675675  0.3668595351818267 
2.471171171171171  0.3634406289536741 
2.474774774774775  0.36008162288488565 
2.4783783783783786  0.3567843924411449 
2.481981981981982  0.3535507659808437 
2.4855855855855857  0.3503824979484429 
2.4891891891891893  0.3472812434590881 
2.492792792792793  0.34424853455584353 
2.4963963963963964  0.3412857583890545 
2.5  0.3383941375329023 
2.5036036036036036  0.33557471261849364 
2.507207207207207  0.33282832742620677 
2.5108108108108107  0.3301556165433804 
2.5144144144144143  0.32755699565745816 
2.5180180180180183  0.32503265451969293 
2.521621621621622  0.32258255258129676 
2.5252252252252254  0.3202064172723722 
2.528828828828829  0.31790374486480766 
2.5324324324324325  0.31567380383332305 
2.536036036036036  0.31351564060432124 
2.5396396396396397  0.31142808756019946 
2.5432432432432432  0.309409773146968 
2.546846846846847  0.30745913391583674 
2.5504504504504504  0.30557442831428283 
2.554054054054054  0.303753752029353 
2.5576576576576575  0.30199505467519755 
2.5612612612612615  0.30029615760827644 
2.564864864864865  0.29865477264712453 
2.5684684684684687  0.2970685214690806 
2.5720720720720722  0.29553495545405223 
2.575675675675676  0.29405157574511587 
2.5792792792792794  0.2926158532977575 
2.582882882882883  0.2912252486937325 
2.5864864864864865  0.28987723150207834 
2.59009009009009  0.28856929897860706 
2.5936936936936936  0.28729899390639707 
2.597297297297297  0.2860639213931918 
2.6009009009009008  0.2848617644572017 
2.6045045045045048  0.2836902982504215 
2.6081081081081083  0.28254740278793417 
2.611711711711712  0.28143107407265816 
2.6153153153153155  0.2803394335270786 
2.618918918918919  0.2792707356666015 
2.6225225225225226  0.2782233739725897 
2.626126126126126  0.27719588494675274 
2.6297297297297297  0.2761869503517599 
2.6333333333333333  0.27519539766546236 
2.636936936936937  0.2742201987974728 
2.6405405405405404  0.27326046713685703 
2.644144144144144  0.27231545301785126 
2.647747747747748  0.2713845377069457 
2.6513513513513516  0.2704672260288327 
2.654954954954955  0.2695631377607759 
2.6585585585585587  0.26867199793491003 
2.6621621621621623  0.2677936261956341 
2.665765765765766  0.26692792536498156 
2.6693693693693694  0.26607486937255165 
2.672972972972973  0.2652344907086696 
2.6765765765765765  0.2644068675597395 
2.68018018018018  0.2635921107838168 
2.6837837837837837  0.2627903508821712 
2.6873873873873872  0.262001725119204 
2.6909909909909913  0.26122636493876983 
2.694594594594595  0.2604643838195607 
2.6981981981981984  0.25971586570605537 
2.701801801801802  0.2589808541442618 
2.7054054054054055  0.2582593422433435 
2.709009009009009  0.25755126357491187 
2.7126126126126127  0.2568564841112925 
2.7162162162162162  0.25617479529231907 
2.71981981981982  0.25550590829704417 
2.7234234234234234  0.2548494495821571 
2.727027027027027  0.2542049577328814 
2.7306306306306305  0.2535718816546189 
2.7342342342342345  0.2529495801148884 
2.737837837837838  0.25233732262525005 
2.7414414414414416  0.25173429163224614 
2.745045045045045  0.25113958596527114 
2.7486486486486488  0.2505522254681959 
2.7522522522522523  0.24997115672091286 
2.755855855855856  0.24939525973744872 
2.7594594594594595  0.24882335550936613 
2.763063063063063  0.24825421424752986 
2.7666666666666666  0.24768656416247434 
2.77027027027027  0.24711910061415632 
2.7738738738738737  0.24655049545624322 
2.7774774774774773  0.24597940639867827 
2.7810810810810813  0.24540448621524102 
2.784684684684685  0.24482439163046393 
2.7882882882882885  0.24423779173231205 
2.791891891891892  0.24364337577351897 
2.7954954954954956  0.24303986024477672 
2.799099099099099  0.24242599512687388 
2.8027027027027027  0.24180056925543336 
2.8063063063063063  0.24116241476050362 
2.80990990990991  0.24051041057300027 
2.8135135135135134  0.2398434850198289 
2.817117117117117  0.23916061755862694 
2.8207207207207206  0.23846083973027365 
2.8243243243243246  0.23774323543187553 
2.827927927927928  0.2370069406338113 
2.8315315315315317  0.23625114268099678 
2.8351351351351353  0.23547507933010206 
2.838738738738739  0.23467803768063136 
2.8423423423423424  0.2338593531583057 
2.845945945945946  0.2330184087039657 
2.8495495495495495  0.2321546343104563 
2.853153153153153  0.2312675070339542 
2.8567567567567567  0.23035655158552887 
2.8603603603603602  0.22942134158404884 
2.863963963963964  0.22846150152372482 
2.867567567567568  0.2274767094795752 
2.8711711711711714  0.22646670054288734 
2.874774774774775  0.22543127094743634 
2.8783783783783785  0.2243702828168023 
2.881981981981982  0.2232836694346654 
2.8855855855855856  0.2221714409142989 
2.889189189189189  0.22103369012150983 
2.8927927927927928  0.2198705986875725 
2.8963963963963963  0.21868244293587652 
2.9  0.21746959953825915 
2.9036036036036035  0.2162325507145958 
2.907207207207207  0.21497188879204018 
2.9108108108108106  0.2136883199482127 
2.914414414414414  0.2123826669752079 
2.9180180180180177  0.21105587091810615 
2.9216216216216218  0.20970899146207247 
2.9252252252252253  0.20834320596545441 
2.928828828828829  0.20695980706184036 
2.9324324324324325  0.2055601987810296 
2.936036036036036  0.20414589116660117 
2.9396396396396396  0.20271849339553089 
2.943243243243243  0.20127970543247 
2.9468468468468467  0.19983130827731663 
2.9504504504504503  0.1983751528891389 
2.954054054054054  0.1969131478919014 
2.9576576576576574  0.1954472461876804 
2.961261261261261  0.19397943062081527 
2.964864864864865  0.19251169885173652 
2.9684684684684686  0.19104604761200045 
2.972072072072072  0.1895844565223754 
2.9756756756756757  0.18812887166377026 
2.9792792792792793  0.18668118909645917 
2.982882882882883  0.1852432385265362 
2.9864864864864864  0.18381676731994637 
2.99009009009009  0.18240342506383275 
2.9936936936936935  0.18100474887232962 
2.997297297297297  0.17962214962935844 
3.0009009009009007  0.17825689935434497 
3.0045045045045042  0.17691011986805177 
3.0081081081081082  0.17558277292471955 
3.011711711711712  0.17427565196345213 
3.0153153153153154  0.17298937561595684 
3.018918918918919  0.17172438308951937 
3.0225225225225225  0.170480931523104 
3.026126126126126  0.16925909539103565 
3.0297297297297296  0.1680587680026759 
3.033333333333333  0.16687966511815183 
3.036936936936937  0.16572133066977782 
3.0405405405405403  0.16458314454670142 
3.044144144144144  0.16346433236695074 
3.0477477477477475  0.16236397712713524 
3.0513513513513515  0.16128103258613982 
3.054954954954955  0.16021433820608036 
3.0585585585585586  0.15916263544232354 
3.062162162162162  0.15812458514540578 
3.0657657657657658  0.15709878581199985 
3.0693693693693693  0.15608379240059372 
3.072972972972973  0.1550781354109118 
3.0765765765765765  0.15408033991513073 
3.08018018018018  0.15308894422406638 
3.0837837837837836  0.15210251787326648 
3.087387387387387  0.1511196786224762 
3.0909909909909907  0.15013910817747117 
3.0945945945945947  0.14915956636550193 
3.0981981981981983  0.14817990352438704 
3.101801801801802  0.1471990709000526 
3.1054054054054054  0.1462161288873673 
3.109009009009009  0.14523025299362813 
3.1126126126126126  0.14424073745197208 
3.116216216216216  0.14324699646223507 
3.1198198198198197  0.14224856308809625 
3.1234234234234233  0.1412450858905022 
3.127027027027027  0.14023632342704137 
3.1306306306306304  0.13922213679391213 
3.134234234234234  0.1382024804301153 
3.137837837837838  0.13717739144150548 
3.1414414414414416  0.13614697773423418 
3.145045045045045  0.13511140527220863 
3.1486486486486487  0.1340708847907277 
3.1522522522522523  0.13302565830804497 
3.155855855855856  0.13197598577798933 
3.1594594594594594  0.13092213221992238 
3.163063063063063  0.12986435564743204 
3.1666666666666665  0.12880289609464132 
3.17027027027027  0.1277379660094742 
3.1738738738738737  0.12666974224741026 
3.177477477477477  0.12559835985814122 
3.1810810810810812  0.12452390781214558 
3.184684684684685  0.12344642676568918 
3.1882882882882884  0.12236590891233927 
3.191891891891892  0.12128229991803542 
3.1954954954954955  0.12019550288622746 
3.199099099099099  0.11910538425092844 
3.2027027027027026  0.11801178144969862 
3.206306306306306  0.11691451218674692 
3.2099099099099098  0.11581338505936092 
3.2135135135135133  0.11470821128953185 
3.217117117117117  0.11359881727757844 
3.2207207207207205  0.11248505767623104 
3.2243243243243245  0.1113668286722814 
3.227927927927928  0.1102440811586883 
3.2315315315315316  0.10911683348284636 
3.235135135135135  0.10798518346639739 
3.2387387387387387  0.10684931940809156 
3.2423423423423423  0.10570952980329623 
3.245945945945946  0.10456621154120473 
3.2495495495495494  0.10341987637283209 
3.253153153153153  0.10227115547880797 
3.2567567567567566  0.10112080200482275 
3.26036036036036  0.09996969147355968 
3.2639639639639637  0.0988188200241089 
3.2675675675675677  0.09766930047232823 
3.2711711711711713  0.09652235622752907 
3.274774774774775  0.09537931314140778 
3.2783783783783784  0.09424158940352959 
3.281981981981982  0.09311068363323942 
3.2855855855855856  0.09198816134996836 
3.289189189189189  0.09087564003204532 
3.2927927927927927  0.08977477299783429 
3.2963963963963963  0.08868723236201162 
3.3  0.08761469133379993 
3.3036036036036034  0.08655880613289053 
3.307207207207207  0.08552119780256315 
3.310810810810811  0.08450343419822154 
3.3144144144144145  0.08350701242336615 
3.318018018018018  0.08253334197415271 
3.3216216216216217  0.08158372883847882 
3.3252252252252252  0.08065936077637578 
3.328828828828829  0.0797612939858205 
3.3324324324324324  0.0788904413324493 
3.336036036036036  0.07804756229356385 
3.3396396396396395  0.07723325473690533 
3.343243243243243  0.07644794862348855 
3.3468468468468466  0.07569190169197097 
3.35045045045045  0.07496519715019474 
3.354054054054054  0.07426774336824593 
3.357657657657658  0.07359927553720945 
3.3612612612612613  0.0729593592292766 
3.364864864864865  0.07234739576845638 
3.3684684684684685  0.07176262929726236 
3.372072072072072  0.07120415540375478 
3.3756756756756756  0.07067093115547023 
3.379279279279279  0.07016178637227931 
3.3828828828828827  0.06967543595918523 
3.3864864864864863  0.06921049311254947 
3.39009009009009  0.06876548320917267 
3.3936936936936934  0.06833885818693476 
3.3972972972972975  0.0679290112281363 
3.400900900900901  0.06753429156203855 
3.4045045045045046  0.06715301921105356 
3.408108108108108  0.06678349951527923 
3.4117117117117117  0.06642403728221256 
3.4153153153153153  0.06607295042213206 
3.418918918918919  0.0657285829444355 
3.4225225225225224  0.06538931720574367 
3.426126126126126  0.06505358531649483 
3.4297297297297296  0.06471987962869367 
3.433333333333333  0.06438676224315744 
3.4369369369369367  0.06405287348974056 
3.4405405405405407  0.06371693934841538 
3.4441441441441443  0.063377777792557 
3.447747747747748  0.06303430404822061 
3.4513513513513514  0.06268553477452066 
3.454954954954955  0.062330591180411024 
3.4585585585585585  0.061968701102215536 
3.462162162162162  0.06159920007423171 
3.4657657657657657  0.061221531431671354 
3.4693693693693692  0.06083524549122381 
3.472972972972973  0.060439997859694936 
3.4765765765765764  0.060035546925619424 
3.48018018018018  0.059621750592532226 
3.483783783783784  0.0591985623158185 
3.4873873873873875  0.05876602650781455 
3.490990990990991  0.05832427337813389 
3.4945945945945946  0.05787351327811403 
3.498198198198198  0.05741403061979998 
3.501801801801802  0.05694617744101576 
3.5054054054054054  0.05647036668880102 
3.509009009009009  0.055987065293766354 
3.5126126126126125  0.055496787107710575 
3.516216216216216  0.05500008577609865 
3.5198198198198196  0.054497547615669946 
3.523423423423423  0.05398978456550084 
3.527027027027027  0.05347742727723752 
3.5306306306306308  0.05296111840695207 
3.5342342342342343  0.052441506167124376 
3.537837837837838  0.05191923819267615 
3.5414414414414415  0.0513949557697766 
3.545045045045045  0.05086928847039711 
3.5486486486486486  0.050342849229376846 
3.552252252252252  0.049816229894168326 
3.5558558558558557  0.04928999727057807 
3.5594594594594593  0.04876468968080957 
3.563063063063063  0.04824081404309261 
3.5666666666666664  0.04771884347525744 
3.5702702702702704  0.047199215417909425 
3.573873873873874  0.046682330266503806 
3.5774774774774776  0.04616855049569764 
3.581081081081081  0.04565820025397474 
3.5846846846846847  0.045151565401754266 
3.5882882882882883  0.044648893962081486 
3.591891891891892  0.044150396949565754 
3.5954954954954954  0.043656249540531857 
3.599099099099099  0.043166592545350095 
3.6027027027027025  0.04268153414261487 
3.606306306306306  0.042201151834219255 
3.6099099099099097  0.04172549458036696 
3.6135135135135137  0.04125458507415163 
3.6171171171171173  0.0407884221164324 
3.620720720720721  0.04032698305330518 
3.6243243243243244  0.0398702262404486 
3.627927927927928  0.039418093500943406 
3.6315315315315315  0.0389705125457838 
3.635135135135135  0.038527399329152084 
3.6387387387387387  0.038088660313576085 
3.642342342342342  0.037654194623278944 
3.645945945945946  0.03722389606732524 
3.6495495495495494  0.03679765501752507 
3.653153153153153  0.036375360129438386 
3.656756756756757  0.035956899898191175 
3.6603603603603605  0.03554216404412836 
3.663963963963964  0.03513104472655198 
3.6675675675675676  0.03472343758687997 
3.671171171171171  0.03431924262546937 
3.6747747747747748  0.03391836491903193 
3.6783783783783783  0.0335207151879841 
3.681981981981982  0.03312621022517531 
3.6855855855855855  0.032734773199178016 
3.689189189189189  0.03234633384667007 
3.6927927927927926  0.03196082856936047 
3.696396396396396  0.031578200451375577 
3.6999999999999997  0.031198399213028378 
3.7036036036036037  0.030821381116435526 
3.7072072072072073  0.030447108837537224 
3.710810810810811  0.03007555131774308 
3.7144144144144144  0.02970668360672076 
3.718018018018018  0.02934048670580703 
3.7216216216216216  0.028976947419239844 
3.725225225225225  0.028616058217952562 
3.7288288288288287  0.028257817118134 
3.7324324324324323  0.027902227574236296 
3.736036036036036  0.02754929838369911 
3.7396396396396394  0.027199043598456176 
3.743243243243243  0.026851482436382898 
3.746846846846847  0.026506639184315856 
3.7504504504504506  0.02616454308319632 
3.754054054054054  0.025825228185306182 
3.7576576576576577  0.02548873317352131 
3.7612612612612613  0.025155101133004114 
3.764864864864865  0.024824379266801005 
3.7684684684684684  0.024496618548360816 
3.772072072072072  0.024171873306005738 
3.7756756756756755  0.02385020073679589 
3.779279279279279  0.023531660349944666 
3.7828828828828827  0.023216313342870644 
3.7864864864864862  0.02290422191599907 
3.7900900900900902  0.02259544853544053 
3.793693693693694  0.02229005515555539 
3.7972972972972974  0.02198810241604779 
3.800900900900901  0.02168964883051555 
3.8045045045045045  0.021394749985208374 
3.808108108108108  0.021103457768042882 
3.8117117117117116  0.020815819648613107 
3.815315315315315  0.020531878029981875 
3.8189189189189188  0.02025166969240913 
3.8225225225225223  0.019975225347873465 
3.826126126126126  0.019702569322284022 
3.8297297297297295  0.01943371937971024 
3.8333333333333335  0.019168686699836575 
3.836936936936937  0.018907476016255618 
3.8405405405405406  0.018650085919246575 
3.844144144144144  0.018396509322454454 
3.8477477477477477  0.018146734088503334 
3.8513513513513513  0.01790074380417165 
3.854954954954955  0.01765851869145234 
3.8585585585585584  0.017420036636737517 
3.862162162162162  0.01718527431662191 
3.8657657657657656  0.01695420839552417 
3.869369369369369  0.016726816767566325 
3.8729729729729727  0.016503079813017716 
3.8765765765765767  0.01628298163815968 
3.8801801801801803  0.016066511266701694 
3.883783783783784  0.01585366375091209 
3.8873873873873874  0.01564444117141202 
3.890990990990991  0.015438853496110351 
3.8945945945945946  0.015236919270994739 
3.898198198198198  0.015038666118386609 
3.9018018018018017  0.014844131021750362 
3.9054054054054053  0.014653360380136673 
3.909009009009009  0.014466409819745236 
3.9126126126126124  0.014283343754813039 
3.916216216216216  0.014104234694964003 
3.91981981981982  0.013929162301185759 
3.9234234234234235  0.01375821219762218 
3.927027027027027  0.013591474551278153 
3.9306306306306307  0.013429042436428638 
3.9342342342342342  0.01327101000491205 
3.937837837837838  0.013117470487486573 
3.9414414414414414  0.012968514054964676 
3.945045045045045  0.01282422557085487 
3.9486486486486485  0.012684682269683695 
3.952252252252252  0.012549951397009729 
3.9558558558558556  0.012420087848354482 
3.959459459459459  0.012295131844852356 
3.963063063063063  0.01217510668336698 
3.966666666666667  0.01206001659814973 
3.9702702702702704  0.0119498447698492 
3.973873873873874  0.011844551515855952 
3.9774774774774775  0.011744072693621545 
3.981081081081081  0.011648318345775071 
3.9846846846846846  0.01155717161262702 
3.988288288288288  0.011470487934054073 
3.9918918918918918  0.011388094558862735 
3.9954954954954953  0.01130979037559331 
3.999099099099099  0.011235346074414485 
4.0027027027027025  0.011164504645334299 
4.006306306306307  0.011096982213479923 
4.0099099099099105  0.011032469207737906 
4.013513513513514  0.010970631854658916 
4.017117117117118  0.010911113985274893 
4.020720720720721  0.010853539138407841 
4.024324324324325  0.010797512940218868 
4.027927927927928  0.01074262573620474 
4.031531531531532  0.010688455448638286 
4.035135135135135  0.010634570629609059 
4.038738738738739  0.010580533677386327 
4.042342342342343  0.010525904181822497 
4.045945945945946  0.010470242362966514 
4.04954954954955  0.01041311256597483 
4.053153153153153  0.010354086774802148 
4.056756756756757  0.010292748107024421 
4.06036036036036  0.01022869425248575 
4.063963963963964  0.010161540819255948 
4.0675675675675675  0.010090924551615463 
4.071171171171171  0.010016506386423017 
4.074774774774775  0.009937974316236619 
4.078378378378378  0.009855046029915056 
4.081981981981982  0.00976747130408287 
4.085585585585585  0.009675034121756585 
4.089189189189189  0.009577554497557657 
4.092792792792793  0.009474889992234439 
4.096396396396397  0.00936693690263704 
4.1000000000000005  0.009253631116791046 
4.103603603603604  0.009134948627260261 
4.107207207207208  0.009010905699532206 
4.110810810810811  0.008881558695672384 
4.114414414414415  0.008747003556937041 
4.118018018018018  0.008607374952383817 
4.121621621621622  0.008462845103745691 
4.1252252252252255  0.008313622299914053 
4.128828828828829  0.008159949117288573 
4.132432432432433  0.008002100364975093 
4.136036036036036  0.0078403807763284 
4.13963963963964  0.0076751224706267315 
4.143243243243243  0.007506682210710637 
4.146846846846847  0.007335438484202091 
4.1504504504504505  0.007161788437423463 
4.154054054054054  0.006986144692341278 
4.157657657657658  0.006808932077750214 
4.161261261261261  0.0066305843064715245 
4.164864864864865  0.006451540630553807 
4.168468468468468  0.006272242506319594 
4.172072072072072  0.006093130300592288 
4.175675675675675  0.0059146400685594494 
4.17927927927928  0.005737200432484093 
4.1828828828828835  0.005561229588873652 
4.186486486486487  0.005387132469771166 
4.190090090090091  0.0052152980815731225 
4.193693693693694  0.005046097042228129 
4.197297297297298  0.004879879334876154 
4.200900900900901  0.004716972292991813 
4.204504504504505  0.00455767882895174 
4.208108108108108  0.0044022759147139354 
4.211711711711712  0.00425101332003729 
4.215315315315316  0.0041041126104474175 
4.218918918918919  0.00396176640403352 
4.222522522522523  0.0038241378832028056 
4.226126126126126  0.003691360554781259 
4.22972972972973  0.003563538249384004 
4.233333333333333  0.0034407453488278887 
4.236936936936937  0.0033230272285567036 
4.2405405405405405  0.0032104009006177665 
4.244144144144144  0.0031028558416770764 
4.247747747747748  0.0030003549898868906 
4.251351351351351  0.0029028358941088346 
4.254954954954955  0.0028102119990212624 
4.258558558558558  0.00272237404996337 
4.262162162162162  0.0026391916019441876 
4.265765765765766  0.002560514618017486 
4.26936936936937  0.0024861751431351697 
4.2729729729729735  0.0024159890405793406 
4.276576576576577  0.00234975777907732 
4.280180180180181  0.002287270259663223 
4.283783783783784  0.0022283046722135344 
4.287387387387388  0.002172630372305294 
4.290990990990991  0.0021200097695888843 
4.294594594594595  0.002070200219208226 
4.2981981981981985  0.002022955907927656 
4.301801801801802  0.0019780297265372658 
4.305405405405406  0.0019351751198216662 
4.309009009009009  0.001894147904916397 
4.312612612612613  0.0018547080482797008 
4.316216216216216  0.0018166213908219317 
4.31981981981982  0.0017796613100148856 
4.3234234234234235  0.0017436103071087378 
4.327027027027027  0.0017082615069766369 
4.330630630630631  0.0016734200576480336 
4.334234234234234  0.0016389044163394437 
4.337837837837838  0.0016045475087977244 
4.341441441441441  0.0015701977490796028 
4.345045045045045  0.0015357199075350457 
4.348648648648648  0.0015009958157614462 
4.352252252252253  0.0014659248986576493 
4.355855855855856  0.0014304245254240214 
4.35945945945946  0.001394430173405233 
4.363063063063064  0.0013578954010214578 
4.366666666666667  0.0013207916286318737 
4.370270270270271  0.0012831077289636496 
4.373873873873874  0.0012448494316507968 
4.377477477477478  0.001206038549385695 
4.381081081081081  0.0011667120361126555 
4.384684684684685  0.001126920890507429 
4.3882882882882885  0.00108672892061049 
4.391891891891892  0.0010462113878413662 
4.395495495495496  0.0010054535506491165 
4.399099099099099  0.0009645491296927676 
4.402702702702703  0.0009235987176488225 
4.406306306306306  0.0008827081574772707 
4.40990990990991  0.0008419869132233302 
4.4135135135135135  0.0008015464571839216 
4.417117117117117  0.0007614986965346881 
4.420720720720721  0.0007219544613178016 
4.424324324324324  0.0006830220740684326 
4.427927927927928  0.0006448060193552802 
4.431531531531531  0.0006074057291844939 
4.435135135135135  0.0005709144976305523 
4.438738738738739  0.0005354185352814666 
4.442342342342343  0.0005009961711915085 
4.4459459459459465  0.0004677172070950167 
4.44954954954955  0.00043564242572207974 
4.453153153153154  0.0004048232522373846 
4.456756756756757  0.0003753015651608091 
4.460360360360361  0.0003471096506765362 
4.463963963963964  0.0003202702920436779 
4.467567567567568  0.0002947969839226172 
4.4711711711711715  0.0002706942598552473 
4.474774774774775  0.0002479581199007014 
4.478378378378379  0.0002265765445388063 
4.481981981981982  0.00020653008040859183 
4.485585585585586  0.00018779248323779412 
4.489189189189189  0.00017033140342218226 
4.492792792792793  0.00015410910010491558 
4.496396396396396  0.00013908317025459406 
4.5  0.0001252072801106563 
