2.2  6.5635275274388915e-47 
2.200700700700701  2.76719213980754e-46 
2.2014014014014016  1.1545710437098959e-45 
2.2021021021021023  4.767397328750773e-45 
2.202802802802803  1.9481454469307075e-44 
2.2035035035035038  7.878449369528883e-44 
2.2042042042042045  3.153112458404445e-43 
2.204904904904905  1.2488708078535631e-42 
2.205605605605606  4.895250375206779e-42 
2.2063063063063066  1.8989417638574833e-41 
2.2070070070070074  7.290003292202491e-41 
2.207707707707708  2.7696388617699492e-40 
2.208408408408409  1.0413528398657488e-39 
2.209109109109109  3.874824246983836e-39 
2.20980980980981  1.4268734374091624e-38 
2.2105105105105105  5.199938884168944e-38 
2.2112112112112112  1.8753846931151591e-37 
2.211911911911912  6.693632061610868e-37 
2.2126126126126127  2.364354793210306e-36 
2.2133133133133134  8.264998885612894e-36 
2.214014014014014  2.8592510765308646e-35 
2.214714714714715  9.789063119442465e-35 
2.2154154154154155  3.3167237906758282e-34 
2.2161161161161163  1.1121332485214733e-33 
2.216816816816817  3.6904870441303735e-33 
2.2175175175175177  1.211964466574564e-32 
2.2182182182182184  3.9389043120232243e-32 
2.218918918918919  1.2668941065689773e-31 
2.21961961961962  4.032594401103267e-31 
2.2203203203203206  1.2703053040271577e-30 
2.2210210210210213  3.960144397955234e-30 
2.221721721721722  1.2217807378663529e-29 
2.2224224224224227  3.73039540797413e-29 
2.2231231231231234  1.1271865645821848e-28 
2.223823823823824  3.3706688010854455e-28 
2.224524524524525  9.975064229948679e-28 
2.2252252252252256  2.9214244686192403e-27 
2.2259259259259263  8.467456341993802e-27 
2.2266266266266266  2.4287936121554022e-26 
2.2273273273273273  6.894576586464713e-26 
2.228028028028028  1.936885423741826e-25 
2.2287287287287287  5.384924319750424e-25 
2.2294294294294295  1.4816124545271714e-24 
2.23013013013013  4.0343073275335335e-24 
2.230830830830831  1.0871330057114973e-23 
2.2315315315315316  2.899183651463575e-23 
2.2322322322322323  7.651527027126825e-23 
2.232932932932933  1.9984802031427836e-22 
2.2336336336336338  5.165720796265973e-22 
2.2343343343343345  1.3214214525926476e-21 
2.235035035035035  3.34526959253003e-21 
2.235735735735736  8.381084889805839e-21 
2.2364364364364366  2.0780151223015445e-20 
2.2371371371371374  5.098900257278872e-20 
2.237837837837838  1.238179699430519e-19 
2.238538538538539  2.9755701496417393e-19 
2.2392392392392395  7.076785959063256e-19 
2.2399399399399402  1.6656405393206386e-18 
2.240640640640641  3.879768938919452e-18 
2.2413413413413417  8.943547157053528e-18 
2.2420420420420424  2.0402956517329196e-17 
2.242742742742743  4.606337699866271e-17 
2.243443443443444  1.0291953493017875e-16 
2.244144144144144  2.275722131163074e-16 
2.244844844844845  4.97989325525693e-16 
2.2455455455455455  1.0784505202764181e-15 
2.2462462462462462  2.311318594564367e-15 
2.246946946946947  4.902287871897218e-15 
2.2476476476476477  1.029004388838934e-14 
2.2483483483483484  2.1375440691076623e-14 
2.249049049049049  4.394327052293991e-14 
2.24974974974975  8.940239308829231e-14 
2.2504504504504506  1.8000534511842582e-13 
2.2511511511511513  3.586750557491931e-13 
2.251851851851852  7.072883321288414e-13 
2.2525525525525527  1.3802933471341945e-12 
2.2532532532532534  2.665789906572019e-12 
2.253953953953954  5.095186866804522e-12 
2.254654654654655  9.637714212227719e-12 
2.2553553553553556  1.8041297565902713e-11 
2.2560560560560563  3.3422687860987264e-11 
2.256756756756757  6.127664059110526e-11 
2.2574574574574577  1.1118049504012312e-10 
2.2581581581581585  1.9963765939526755e-10 
2.258858858858859  3.547616755158438e-10 
2.25955955955956  6.238949430595125e-10 
2.2602602602602606  1.0858428683035777e-09 
2.2609609609609613  1.8702665088730532e-09 
2.2616616616616616  3.18802189803134e-09 
2.2623623623623623  5.377999035919645e-09 
2.263063063063063  8.97846655689066e-09 
2.2637637637637638  1.4834267754613195e-08 
2.2644644644644645  2.4255660509794876e-08 
2.265165165165165  3.9250373545914733e-08 
2.265865865865866  6.285776626592065e-08 
2.2665665665665666  9.962296235941766e-08 
2.2672672672672673  1.5625947964161408e-07 
2.267967967967968  2.42560987121083e-07 
2.268668668668669  3.726358582629718e-07 
2.2693693693693695  5.665512063129224e-07 
2.2700700700700702  8.524846013738579e-07 
2.270770770770771  1.2694895802713012e-06 
2.2714714714714717  1.8709826152885127e-06 
2.2721721721721724  2.7290510440061123e-06 
2.272872872872873  3.939659773261961e-06 
2.273573573573574  5.628795424423406e-06 
2.2742742742742745  7.959526427180955e-06 
2.2749749749749753  1.1139873893370653e-05 
2.275675675675676  1.5431280306970664e-05 
2.2763763763763767  2.1157333377511097e-05 
2.2770770770770774  2.8712256789226583e-05 
2.277777777777778  3.856852847152417e-05 
2.278478478478479  5.128284565863864e-05 
2.279179179179179  6.749954418216518e-05 
2.27987987987988  8.795052040477821e-05 
2.2805805805805806  0.00011345072266804455 
2.2812812812812813  0.00014488839825993585 
2.281981981981982  0.00018320951949399525 
2.2826826826826827  0.00022939617657162831 
2.2833833833833834  0.0002844392094129415 
2.284084084084084  0.00034930593181805105 
2.284784784784785  0.00042490443559497983 
2.2854854854854856  0.0005120465866385673 
2.2861861861861863  0.0006114123602364819 
2.286886886886887  0.0007235185206967139 
2.2875875875875877  0.0008486947431111888 
2.2882882882882885  0.00098707002857269 
2.288988988988989  0.0011385716318160735 
2.28968968968969  0.0013029376962423217 
2.2903903903903906  0.0014797434211361953 
2.2910910910910913  0.0016684389717006012 
2.291791791791792  0.001868395641107595 
2.2924924924924928  0.0020789551861153982 
2.2931931931931935  0.0022994760101260653 
2.293893893893894  0.002529369184611996 
2.294594594594595  0.0027681173735187247 
2.2952952952952956  0.0030152706821684637 
2.2959959959959964  0.003270415324890744 
2.2966966966966966  0.0035331137125981407 
2.2973973973973973  0.0038028179000801905 
2.298098098098098  0.004078761987999769 
2.298798798798799  0.00435984264518616 
2.2994994994994995  0.0046444999566154065 
2.3002002002002  0.004930612873173013 
2.300900900900901  0.005215424268424675 
2.3016016016016017  0.0054955097441317545 
2.3023023023023024  0.005766801785231335 
2.303003003003003  0.0060246767546598854 
2.303703703703704  0.006264106843711641 
2.3044044044044045  0.00647987293439059 
2.3051051051051052  0.006666827995007247 
2.305805805805806  0.006820194790605554 
2.3065065065065067  0.006935877002971649 
2.3072072072072074  0.007010759884786698 
2.307907907907908  0.007042975718942782 
2.308608608608609  0.007032110800980714 
2.3093093093093096  0.00697933435090017 
2.3100100100100103  0.006887435390393689 
2.310710710710711  0.00676076068356914 
2.3114114114114117  0.006605054670800134 
2.3121121121121124  0.006427210184049092 
2.312812812812813  0.006234945877157606 
2.313513513513514  0.006036432076549077 
2.314214214214214  0.005839890645465973 
2.314914914914915  0.005653196144036594 
2.3156156156156156  0.005483504965273991 
2.3163163163163163  0.0053369363612809995 
2.317017017017017  0.005218324668961774 
2.3177177177177177  0.005131056078752815 
2.3184184184184184  0.0050769965402412305 
2.319119119119119  0.005056510479566526 
2.31981981981982  0.0050685635075838845 
2.3205205205205206  0.005110896742370183 
2.3212212212212213  0.00518025615588071 
2.321921921921922  0.005272657739751261 
2.3226226226226228  0.005383668370496094 
2.3233233233233235  0.0055086829867099655 
2.324024024024024  0.005643180878467692 
2.324724724724725  0.005782947227091691 
2.3254254254254256  0.005924250137855961 
2.3261261261261263  0.00606396785466982 
2.326826826826827  0.006199665209886819 
2.327527527527528  0.006329622258323841 
2.3282282282282285  0.006452821159102449 
2.328928928928929  0.006568899487677394 
2.32962962962963  0.006678079184269197 
2.3303303303303307  0.00678108029472056 
2.3310310310310314  0.006879027669062947 
2.3317317317317316  0.006973357078980123 
2.3324324324324324  0.007065725090144444 
2.333133133133133  0.0071579248010033465 
2.333833833833834  0.007251807549514413 
2.3345345345345345  0.007349209161972238 
2.3352352352352352  0.007451878465992937 
2.335935935935936  0.0075614057082547355 
2.3366366366366367  0.007679149195474674 
2.3373373373373374  0.0078061598001381285 
2.338038038038038  0.00794310473954909 
2.338738738738739  0.008090193985997722 
2.3394394394394395  0.008247114507719162 
2.3401401401401403  0.00841297899314359 
2.340840840840841  0.008586296534586573 
2.3415415415415417  0.008764972771187608 
2.3422422422422424  0.008946346131996456 
2.342942942942943  0.009127265092282158 
2.343643643643644  0.009304208866345798 
2.3443443443443446  0.009473450895509411 
2.3450450450450453  0.009631261097160204 
2.345745745745746  0.009774139400360525 
2.3464464464464467  0.009899069893191734 
2.3471471471471475  0.010003782216060467 
2.347847847847848  0.010087004883525711 
2.348548548548549  0.01014869417969493 
2.349249249249249  0.01019022225937233 
2.34994994994995  0.010214509141496167 
2.3506506506506506  0.01022608537881574 
2.3513513513513513  0.010231075241864621 
2.352052052052052  0.010237094124007366 
2.3527527527527528  0.010253058367277267 
2.3534534534534535  0.010288910595035334 
2.354154154154154  0.010355268654306329 
2.354854854854855  0.010463011132769057 
2.3555555555555556  0.010622816826926368 
2.3562562562562563  0.010844679206876944 
2.356956956956957  0.011137419578508178 
2.357657657657658  0.011508224056009625 
2.3583583583583585  0.01196222945844118 
2.359059059059059  0.012502181747193062 
2.35975975975976  0.013128187637144163 
2.3604604604604607  0.01383757565983452 
2.3611611611611614  0.014624877454551762 
2.361861861861862  0.015481933731106486 
2.362562562562563  0.016398122579154014 
2.3632632632632635  0.017360701031602522 
2.3639639639639642  0.018355244472041718 
2.364664664664665  0.019366163028601488 
2.3653653653653657  0.020377269876456855 
2.3660660660660664  0.021372373643020193 
2.3667667667667667  0.02233586602657867 
2.3674674674674674  0.023253276333039828 
2.368168168168168  0.024111766822286433 
2.368868868868869  0.02490054634836069 
2.3695695695695695  0.025611184508737124 
2.3702702702702703  0.026237814066441312 
2.370970970970971  0.02677721542824728 
2.3716716716716717  0.027228783107190412 
2.3723723723723724  0.02759438004468672 
2.373073073073073  0.02787809113100327 
2.373773773773774  0.02808589200350844 
2.3744744744744746  0.028225253030839247 
2.3751751751751753  0.02830470116754075 
2.375875875875876  0.028333363992971216 
2.3765765765765767  0.02832052067708601 
2.3772772772772774  0.02827518382964528 
2.377977977977978  0.028205734212354564 
2.378678678678679  0.0281196271898011 
2.3793793793793796  0.028023185673986307 
2.3800800800800803  0.027921489338201235 
2.380780780780781  0.027818364253288527 
2.3814814814814818  0.027716471103963993 
2.3821821821821825  0.02761748409898262 
2.382882882882883  0.027522346963057057 
2.383583583583584  0.02743158738031368 
2.384284284284284  0.02734566733379686 
2.384984984984985  0.0272653442986904 
2.3856856856856856  0.027192017465575133 
2.3863863863863863  0.027128034244318255 
2.387087087087087  0.02707693523015389 
2.3877877877877878  0.027043620433152695 
2.3884884884884885  0.027034425541113315 
2.389189189189189  0.02705710381152139 
2.38988988988989  0.027120716265682188 
2.3905905905905906  0.02723543952963458 
2.3912912912912914  0.02741230629427037 
2.391991991991992  0.027662897410864123 
2.392692692692693  0.027999006725986448 
2.3933933933933935  0.02843229974156366 
2.3940940940940942  0.028973985160825194 
2.394794794794795  0.029634514691713583 
2.3954954954954957  0.030423321672479457 
2.3961961961961964  0.03134860383999107 
2.396896896896897  0.032417150602252046 
2.397597597597598  0.03363421116721134 
2.3982982982982985  0.035003397331615574 
2.3989989989989993  0.036526613930890794 
2.3996996996997  0.038204010909012785 
2.4004004004004007  0.040033953429678804 
2.4011011011011014  0.042013009927866996 
2.4018018018018017  0.044135961846897775 
2.4025025025025024  0.046395842315910214 
2.403203203203203  0.04878401354353242 
2.403903903903904  0.05129029373835684 
2.4046046046046046  0.053903143651463974 
2.4053053053053053  0.056609920381384085 
2.406006006006006  0.05939720216851746 
2.4067067067067067  0.06225118303515451 
2.4074074074074074  0.06515813093274411 
2.408108108108108  0.06810489819313215 
2.408808808808809  0.07107946910198279 
2.4095095095095096  0.07407152667891005 
2.4102102102102103  0.07707301935559738 
2.410910910910911  0.08007870800825416 
2.4116116116116117  0.08308667430468748 
2.4123123123123125  0.08609877200738718 
2.413013013013013  0.08912100315894099 
2.413713713713714  0.0921638005294857 
2.4144144144144146  0.09524219616539059 
2.4151151151151153  0.09837585355151171 
2.415815815815816  0.10158893839548508 
2.4165165165165168  0.10490980132548935 
2.4172172172172175  0.10837044605552099 
2.417917917917918  0.11200576004088396 
2.418618618618619  0.11585249234875668 
2.419319319319319  0.11994797599337297 
2.42002002002002  0.12432860928516913 
2.4207207207207206  0.12902813201027014 
2.4214214214214214  0.13407575590788948 
2.422122122122122  0.1394942326954349 
2.422822822822823  0.14529796410351278 
2.4235235235235235  0.15149127419287856 
2.4242242242242242  0.1580669720347196 
2.424924924924925  0.16500533064963294 
2.4256256256256257  0.1722735948420337 
2.4263263263263264  0.17982610628522547 
2.427027027027027  0.1876051001608697 
2.427727727727728  0.19554218620814817 
2.4284284284284285  0.20356048146421865 
2.4291291291291293  0.2115773161030287 
2.42982982982983  0.21950739157189467 
2.4305305305305307  0.22726623536363183 
2.4312312312312314  0.23477377225152035 
2.431931931931932  0.24195781968833507 
2.432632632632633  0.24875731621530384 
2.4333333333333336  0.2551251058496284 
2.4340340340340343  0.26103012714324886 
2.434734734734735  0.2664588906803696 
2.4354354354354357  0.27141617035943394 
2.4361361361361364  0.27592487875274313 
2.4368368368368367  0.28002514202955875 
2.4375375375375374  0.2837726325008865 
2.438238238238238  0.28723625437379163 
2.438938938938939  0.2904953089159245 
2.4396396396396396  0.2936362876386076 
2.4403403403403403  0.29674945559074156 
2.441041041041041  0.2999253912143539 
2.4417417417417417  0.30325164470055926 
2.4424424424424425  0.3068096640506097 
2.443143143143143  0.3106721180864188 
2.443843843843844  0.31490071977177975 
2.4445445445445446  0.3195446229769173 
2.4452452452452453  0.3246394330500667 
2.445945945945946  0.3302068382169728 
2.4466466466466468  0.3362548369412521 
2.4473473473473475  0.3427785079054149 
2.448048048048048  0.34976124595112607 
2.448748748748749  0.3571763704981831 
2.4494494494494496  0.36498900346456065 
2.4501501501501504  0.3731581117171772 
2.450850850850851  0.381638614101689 
2.451551551551552  0.3903834639991357 
2.4522522522522525  0.39934563348827723 
2.452952952952953  0.4084799425805413 
2.453653653653654  0.41774469457521285 
2.4543543543543542  0.42710309445875355 
2.455055055055055  0.43652443994537327 
2.4557557557557557  0.4459850833026594 
2.4564564564564564  0.45546916627929246 
2.457157157157157  0.4649691306735685 
2.457857857857858  0.47448600436086336 
2.4585585585585585  0.48402945835173977 
2.4592592592592593  0.4936176262918431 
2.45995995995996  0.5032766753054458 
2.4606606606606607  0.5130401175295158 
2.4613613613613614  0.522947855955176 
2.462062062062062  0.5330449666176397 
2.462762762762763  0.543380231516329 
2.4634634634634636  0.5540044521289156 
2.4641641641641643  0.5649685907927042 
2.464864864864865  0.5763218050317036 
2.4655655655655657  0.588109456405484 
2.4662662662662664  0.6003711889109978 
2.466966966966967  0.6131391807475555 
2.467667667667668  0.626436675944517 
2.4683683683683686  0.6402768978610242 
2.4690690690690693  0.6546624342354954 
2.46976976976977  0.6695851631422752 
2.4704704704704703  0.6850267613637033 
2.4711711711711715  0.7009598024354192 
2.4718718718718717  0.7173494128023388 
2.4725725725725725  0.7341554136435459 
2.473273273273273  0.7513348360723842 
2.473973973973974  0.7688446620744143 
2.4746746746746746  0.7866446162927284 
2.4753753753753753  0.8046998179431776 
2.476076076076076  0.8229831004219907 
2.4767767767767768  0.8414768201825932 
2.4774774774774775  0.8601740064491274 
2.478178178178178  0.8790787479387192 
2.478878878878879  0.8982057689819752 
2.4795795795795796  0.9175792107807617 
2.4802802802802804  0.9372306984417886 
2.480980980980981  0.9571968347392725 
2.481681681681682  0.9775163112796544 
2.4823823823823825  0.9982268616921639 
2.4830830830830832  1.0193622959603832 
2.483783783783784  1.0409498483384478 
2.4844844844844847  1.06300804399555 
2.4851851851851854  1.0855452443662676 
2.485885885885886  1.1085589728231198 
2.486586586586587  1.132036056753022 
2.4872872872872875  1.1559535560446044 
2.487987987987988  1.1802803878036323 
2.488688688688689  1.204979508270034 
2.4893893893893893  1.2300104792785074 
2.49009009009009  1.2553322300989476 
2.4907907907907907  1.2809058259643444 
2.4914914914914914  1.3066970700522251 
2.492192192192192  1.3326787927135049 
2.492892892892893  1.3588327161188898 
2.4935935935935936  1.385150819838322 
2.4942942942942943  1.4116361692582544 
2.494994994994995  1.4383032011806274 
2.4956956956956957  1.4651774876295023 
2.4963963963963964  1.4922950192412112 
2.497097097097097  1.5197010641229538 
2.497797797797798  1.5474486679491768 
2.4984984984984986  1.575596867871765 
2.4991991991991993  1.6042086980001424 
2.4998998998999  1.6333490687862 
2.5006006006006007  1.6630826070142581 
2.5013013013013015  1.6934715469369286 
2.502002002002002  1.7245737655061826 
2.502702702702703  1.7564410543201479 
2.5034034034034036  1.7891177164390046 
2.5041041041041043  1.8226395664021935 
2.504804804804805  1.8570333958634235 
2.5055055055055053  1.892316945154367 
2.5062062062062065  1.928499393467174 
2.5069069069069068  1.9655823486209194 
2.5076076076076075  2.0035612836241827 
2.508308308308308  2.0424273340045764 
2.509009009009009  2.0821693399467587 
2.5097097097097096  2.122775993439973 
2.5104104104104104  2.164237935400513 
2.511111111111111  2.206549643083406 
2.511811811811812  2.2497109552772936 
2.5125125125125125  2.2937281021116833 
2.5132132132132132  2.3386141371129923 
2.513913913913914  2.384388709697115 
2.5146146146146147  2.43107716389593 
2.5153153153153154  2.4787090002947023 
2.516016016016016  2.527315788892809 
2.516716716716717  2.5769286666762574 
2.5174174174174175  2.6275755910817007 
2.5181181181181183  2.6792785457889545 
2.518818818818819  2.732050905877959 
2.5195195195195197  2.7858951640089376 
2.5202202202202204  2.840801197970981 
2.520920920920921  2.8967452241356835 
2.521621621621622  2.953689533766627 
2.5223223223223226  3.0115830535551864 
2.523023023023023  3.070362712680322 
2.523723723723724  3.1299555409508932 
2.5244244244244243  3.1902813709229325 
2.525125125125125  3.2512559755079913 
2.5258258258258257  3.312794444843824 
2.5265265265265264  3.3748145942536167 
2.527227227227227  3.4372401997395494 
2.527927927927928  3.5000038779571545 
2.5286286286286286  3.5630494618398467 
2.5293293293293293  3.6263337675712197 
2.53003003003003  3.689827698997982 
2.5307307307307307  3.7535166868283807 
2.5314314314314315  3.8174005069507957 
2.532132132132132  3.8814925602651136 
2.532832832832833  3.9458187218769503 
2.5335335335335336  4.010415878133613 
2.5342342342342343  4.075330265374764 
2.534934934934935  4.1406157059300766 
2.5356356356356358  4.206331808184322 
2.5363363363363365  4.272542163266163 
2.537037037037037  4.339312536847017 
2.537737737737738  4.4067090265497955 
2.5384384384384386  4.474796138782914 
2.5391391391391394  4.543634737187304 
2.53983983983984  4.613279829951871 
2.5405405405405403  4.683778194161366 
2.5412412412412415  4.7551658786701605 
2.541941941941942  4.827465677087806 
2.5426426426426425  4.90068471205251 
2.543343343343343  4.974812313097743 
2.544044044044044  5.049818395542706 
2.5447447447447447  5.125652550838095 
2.5454454454454454  5.202244035999327 
2.546146146146146  5.279502800516715 
2.546846846846847  5.357321616152311 
2.5475475475475475  5.43557928421718 
2.5482482482482482  5.5141447947899405 
2.548948948948949  5.59288221312899 
2.5496496496496497  5.67165598103604 
2.5503503503503504  5.750336255285618 
2.551051051051051  5.828803869717435 
2.551751751751752  5.906954507682916 
2.5524524524524526  5.984701709288966 
2.5531531531531533  6.061978411616048 
2.553853853853854  6.138736824604246 
2.5545545545545547  6.214946572313042 
2.5552552552552554  6.290591168255292 
2.555955955955956  6.365663032699511 
2.556656656656657  6.4401573872630085 
2.5573573573573576  6.514065466700383 
2.558058058058058  6.587367560260536 
2.558758758758759  6.660026428678966 
2.5594594594594593  6.731981634223192 
2.56016016016016  6.803145270098587 
2.5608608608608607  6.873399485195596 
2.5615615615615615  6.942596077110143 
2.562262262262262  7.010558279740201 
2.562962962962963  7.07708471274774 
2.5636636636636636  7.141955301133911 
2.5643643643643643  7.204938826626629 
2.565065065065065  7.2658016502415075 
2.5657657657657658  7.324317057111374 
2.5664664664664665  7.380274627644276 
2.567167167167167  7.433489037052086 
2.567867867867868  7.483807728272029 
2.5685685685685686  7.53111698746659 
2.5692692692692694  7.575346069272906 
2.56996996996997  7.616469160576496 
2.570670670670671  7.654505124696659 
2.5713713713713715  7.689515119623601 
2.5720720720720722  7.721598321974738 
2.572772772772773  7.75088610188587 
2.5734734734734737  7.777535075060754 
2.5741741741741744  7.801719501883917 
2.574874874874875  7.823623508756146 
2.5755755755755754  7.843433576093836 
2.5762762762762765  7.861331676351294 
2.576976976976977  7.877489361950198 
2.5776776776776775  7.892063006551812 
2.5783783783783782  7.905190303481097 
2.579079079079079  7.916988031451704 
2.5797797797797797  7.927551017704992 
2.5804804804804804  7.9369521676963535 
2.581181181181181  7.945243391456802 
2.581881881881882  7.952457239931965 
2.5825825825825826  7.958609067730492 
2.5832832832832833  7.963699557521299 
2.583983983983984  7.967717470126472 
2.5846846846846847  7.970642516830899 
2.5853853853853854  7.972448280373153 
2.586086086086086  7.973105133188307 
2.586786786786787  7.972583111991553 
2.5874874874874876  7.970854705000562 
2.5881881881881883  7.967897492552808 
2.588888888888889  7.963696556440954 
2.5895895895895897  7.958246542814447 
2.5902902902902905  7.9515532343014685 
2.590990990990991  7.943634466114105 
2.591691691691692  7.934520215138427 
2.5923923923923926  7.9242517060252275 
2.593093093093093  7.912879417667103 
2.593793793793794  7.900459937943612 
2.5944944944944943  7.8870517017369215 
2.595195195195195  7.872709751136323 
2.5958958958958958  7.857479768553636 
2.5965965965965965  7.8413917419836 
2.597297297297297  7.824453714394779 
2.597997997997998  7.806646133874791 
2.5986986986986986  7.787917346828306 
2.5993993993993993  7.768180755314857 
2.6001001001001  7.74731408770562 
2.600800800800801  7.725161110332352 
2.6015015015015015  7.701535943075065 
2.602202202202202  7.676229945271315 
2.602902902902903  7.649020925579384 
2.6036036036036037  7.619684219053016 
2.6043043043043044  7.588004986461593 
2.605005005005005  7.553790943878065 
2.605705705705706  7.516884641045962 
2.6064064064064065  7.4771743868120755 
2.6071071071071072  7.434602974738188 
2.607807807807808  7.389173490815122 
2.6085085085085087  7.340951679855061 
2.6092092092092094  7.290064592970643 
2.60990990990991  7.23669551558932 
2.6106106106106104  7.1810754602228615 
2.6113113113113116  7.123471775963724 
2.612012012012012  7.064174653750524 
2.6127127127127125  7.0034824725906075 
2.6134134134134133  6.941687022291488 
2.614114114114114  6.8790596447910985 
2.6148148148148147  6.81583925843026 
2.6155155155155154  6.752223074553105 
2.616216216216216  6.6883605975369695 
2.616916916916917  6.6243512369958 
2.6176176176176176  6.560245577233102 
2.6183183183183183  6.496050068159223 
2.619019019019019  6.431734647075855 
2.6197197197197197  6.367242592370194 
2.6204204204204204  6.302501764063751 
2.621121121121121  6.237436312428764 
2.621821821821822  6.171977938194104 
2.6225225225225226  6.106075863451663 
2.6232232232232233  6.039704812458004 
2.623923923923924  5.972870492228415 
2.6246246246246248  5.905612286483748 
2.6253253253253255  5.838003113205881 
2.626026026026026  5.770146625322082 
2.626726726726727  5.70217213654312 
2.6274274274274276  5.634227813614834 
2.628128128128128  5.566472779855723 
2.628828828828829  5.499068815796773 
2.6295295295295293  5.432172319876832 
2.63023023023023  5.365927110385827 
2.6309309309309308  5.300458519732737 
2.6316316316316315  5.235869068765869 
2.632332332332332  5.172235830536126 
2.633033033033033  5.109609419011353 
2.6337337337337337  5.048014387361954 
2.6344344344344344  4.987450708174193 
2.635135135135135  4.927895945173022 
2.635835835835836  4.8693077176336645 
2.6365365365365365  4.811626102909305 
2.6372372372372372  4.754775711279754 
2.637937937937938  4.698667287144124 
2.6386386386386387  4.643198824200524 
2.6393393393393394  4.588256310976658 
2.64004004004004  4.533714328990828 
2.640740740740741  4.479436794258477 
2.6414414414414416  4.4252781541380894 
2.6421421421421423  4.371085322277888 
2.642842842842843  4.316700558008579 
2.6435435435435437  4.2619653824883565 
2.6442442442442444  4.206725486762928 
2.644944944944945  4.150836444203952 
2.6456456456456454  4.094169909850449 
2.6463463463463466  4.036619888699484 
2.647047047047047  3.9781085970002334 
2.6477477477477476  3.918591432817666 
2.6484484484484483  3.8580606161385007 
2.649149149149149  3.796547149946724 
2.6498498498498497  3.7341208818839298 
2.6505505505505504  3.670888597110915 
2.651251251251251  3.606990230342707 
2.651951951951952  3.542593432106486 
2.6526526526526526  3.4778868462355566 
2.6533533533533533  3.4130725411023346 
2.654054054054054  3.3483580793835213 
2.6547547547547548  3.283948708644039 
2.6554554554554555  3.220040111149098 
2.656156156156156  3.1568120737394594 
2.656856856856857  3.094423338065385 
2.6575575575575576  3.0330077802564595 
2.6582582582582583  2.972671959481495 
2.658958958958959  2.9134939776486166 
2.65965965965966  2.855523515935406 
2.6603603603603605  2.7987828628451967 
2.661061061061061  2.7432687244137814 
2.661761761761762  2.688954608078416 
2.6624624624624627  2.635793592875621 
2.663163163163163  2.5837213335668694 
2.663863863863864  2.532659187714324 
2.6645645645645644  2.482517395607112 
2.665265265265265  2.4331982773452925 
2.665965965965966  2.3845994351464626 
2.6666666666666665  2.3366169599398456 
2.6673673673673672  2.289148639539701 
2.668068068068068  2.242097152955222 
2.6687687687687687  2.195373214881723 
2.6694694694694694  2.148898610098628 
2.67017017017017  2.1026090335546583 
2.670870870870871  2.0564566321883624 
2.6715715715715715  2.0104121321377364 
2.6722722722722723  1.9644664320653007 
2.672972972972973  1.9186315509369518 
2.6736736736736737  1.8729408367637836 
2.6743743743743744  1.827448370655482 
2.675075075075075  1.7822275363924174 
2.675775775775776  1.7373687673604659 
2.6764764764764766  1.6929765274445987 
2.6771771771771773  1.6491656273710635 
2.677877877877878  1.6060570198997526 
2.6785785785785787  1.563773253045299 
2.6792792792792794  1.52243378717184 
2.67997997997998  1.482150396780958 
2.6806806806806804  1.4430228791751387 
2.6813813813813816  1.40513527895378 
2.682082082082082  1.3685528096714654 
2.6827827827827826  1.3333196134602991 
2.6834834834834833  1.2994574488065225 
2.684184184184184  1.2669653399159726 
2.6848848848848847  1.2358201629527075 
2.6855855855855855  1.205978089908203 
2.686286286286286  1.1773767647036084 
2.686986986986987  1.1499380522033438 
2.6876876876876876  1.1235711816308787 
2.6883883883883883  1.098176102236166 
2.689089089089089  1.0736468800111874 
2.6897897897897898  1.049874987213123 
2.6904904904904905  1.0267523676426855 
2.691191191191191  1.0041741955960828 
2.691891891891892  0.9820412806989839 
2.6925925925925926  0.9602621005846227 
2.6932932932932934  0.9387544658315051 
2.693993993993994  0.9174468353674925 
2.694694694694695  0.8962793057793103 
2.6953953953953955  0.8752042960461329 
2.6960960960960962  0.8541869425059914 
2.696796796796797  0.8332052102059624 
2.6974974974974977  0.8122497190082657 
2.698198198198198  0.7913232782709129 
2.698898898898899  0.7704401241363406 
2.6995995995995994  0.749624858998624 
2.7003003003003005  0.7289111031497346 
2.701001001001001  0.708339882668849 
2.7017017017017015  0.6879577934807951 
2.7024024024024023  0.6678149971085273 
2.703103103103103  0.6479631169866539 
2.7038038038038037  0.6284531136726917 
2.7045045045045044  0.6093332218195597 
2.705205205205205  0.5906470309353253 
2.705905905905906  0.5724317859675492 
2.7066066066066066  0.5547169733502254 
2.7073073073073073  0.5375232444590362 
2.708008008008008  0.5208617127271711 
2.7087087087087087  0.5047336442643162 
2.7094094094094094  0.4891305458045953 
2.71011011011011  0.4740346390061894 
2.710810810810811  0.459419697015801 
2.7115115115115116  0.44525220793569403 
2.7122122122122123  0.4314928202619108 
2.712912912912913  0.41809801720171424 
2.7136136136136138  0.4050219596972479 
2.714314314314314  0.3922184317446714 
2.715015015015015  0.3796428161780727 
2.7157157157157155  0.3672540247347151 
2.7164164164164166  0.3550163034688079 
2.717117117117117  0.3429008342114092 
2.717817817817818  0.3308870556760766 
2.7185185185185183  0.3189636348459668 
2.719219219219219  0.30712903107855705 
2.7199199199199198  0.29539161216396437 
2.7206206206206205  0.28376930305301373 
2.721321321321321  0.27228877318989986 
2.722022022022022  0.2609841957781756 
2.7227227227227226  0.24989563979452928 
2.7234234234234234  0.23906718073306485 
2.724124124124124  0.22854483643338172 
2.724824824824825  0.218374447671182 
2.7255255255255255  0.20859962774897267 
2.7262262262262262  0.1992599001748222 
2.726926926926927  0.1903891286706188 
2.7276276276276277  0.1820143202307175 
2.7283283283283284  0.17415485173491993 
2.729029029029029  0.16682213645197883 
2.72972972972973  0.16001971188568492 
2.7304304304304305  0.15374369818443367 
2.7311311311311313  0.14798354988564633 
2.7318318318318315  0.14272300563412635 
2.7325325325325327  0.1379411323495329 
2.733233233233233  0.1336133627075007 
2.733933933933934  0.1297124371944465 
2.7346346346346344  0.1262091827940009 
2.7353353353353356  0.12307308708895649 
2.736036036036036  0.12027265616660174 
2.7367367367367366  0.1177755739146966 
2.7374374374374373  0.11554870594625136 
2.738138138138138  0.11355801082560353 
2.7388388388388387  0.11176843257146941 
2.7395395395395394  0.11014385060317161 
2.74024024024024  0.10864715639677222 
2.740940940940941  0.10724051111072004 
2.7416416416416416  0.10588581712268866 
2.7423423423423423  0.10454541117497827 
2.743043043043043  0.10318296035223025 
2.7437437437437437  0.10176451712941595 
2.7444444444444445  0.10025966869294715 
2.745145145145145  0.09864270063134846 
2.745845845845846  0.09689368724262186 
2.7465465465465466  0.09499942070424662 
2.7472472472472473  0.09295409904203711 
2.747947947947948  0.0907597073751407 
2.7486486486486488  0.08842604690222987 
2.749349349349349  0.08597038972548253 
2.75005005005005  0.08341676286715353 
2.7507507507507505  0.0807948896769438 
2.7514514514514516  0.07813883936523378 
2.752152152152152  0.07548545403293325 
2.752852852852853  0.07287263611364125 
2.7535535535535534  0.07033758687903192 
2.754254254254254  0.06791508835297536 
2.754954954954955  0.06563591686878076 
2.7556556556556555  0.06352546722315552 
2.7563563563563562  0.06160265287985832 
2.757057057057057  0.05987913110759181 
2.7577577577577577  0.05835888354282664 
2.7584584584584584  0.05703816367119381 
2.759159159159159  0.055905804232180695 
2.75985985985986  0.05494386050279906 
2.7605605605605605  0.054128550520934925 
2.7612612612612613  0.05343144105565578 
2.761961961961962  0.05282081879808912 
2.7626626626626627  0.05226317993874616 
2.7633633633633634  0.05172476799641263 
2.764064064064064  0.051173089373890764 
2.764764764764765  0.05057833850202772 
2.7654654654654656  0.0499146694449686 
2.7661661661661663  0.0491612583135983 
2.7668668668668666  0.0483031105810819 
2.7675675675675677  0.04733157916975574 
2.768268268268268  0.04624457264869544 
2.768968968968969  0.045046447593007084 
2.7696696696696694  0.04374759451958775 
2.7703703703703706  0.042363742106145484 
2.771071071071071  0.040915018792188555 
2.7717717717717716  0.039424823470346954 
2.7724724724724723  0.03791856694280951 
2.773173173173173  0.03642235238387957 
2.7738738738738737  0.034961665650452244 
2.7745745745745745  0.03356014461672384 
2.775275275275275  0.032238490794537215 
2.775975975975976  0.031013576691010077 
2.7766766766766766  0.029897789327753155 
2.7773773773773773  0.028898635050043454 
2.778078078078078  0.028018614327261923 
2.7787787787787788  0.02725535890944245 
2.7794794794794795  0.026602008648774284 
2.78018018018018  0.026047792565799154 
2.780880880880881  0.025578769144731207 
2.7815815815815816  0.02517867488008949 
2.7822822822822824  0.024829827926581154 
2.782982982982983  0.02451403514963926 
2.783683683683684  0.024213455466027316 
2.784384384384384  0.0239113794120091 
2.7850850850850852  0.023592893560799178 
2.7857857857857855  0.02324540788027049 
2.7864864864864867  0.022859033586564114 
2.787187187187187  0.022426807855828384 
2.787887887887888  0.02194476943561485 
2.7885885885885884  0.021411895482747315 
2.789289289289289  0.020829914768825106 
2.78998998998999  0.02020301581460337 
2.7906906906906905  0.019537470717173072 
2.7913913913913913  0.01884119663885164 
2.792092092092092  0.01812327734346884 
2.7927927927927927  0.017393466955360395 
2.7934934934934934  0.016661697372578714 
2.794194194194194  0.015937609516436815 
2.794894894894895  0.015230126826156504 
2.7955955955955956  0.014547087075932058 
2.7962962962962963  0.013894945686520032 
2.796996996996997  0.013278560256436716 
2.7976976976976977  0.012701062146204449 
2.7983983983983984  0.012163816778241864 
2.799099099099099  0.01166647008566949 
2.7997997997998  0.011207074507160629 
2.8005005005005006  0.010782284332809589 
2.8012012012012013  0.010387607276430214 
2.8019019019019016  0.010017697043348454 
2.8026026026026027  0.009666670466968215 
2.803303303303303  0.009328432513357323 
2.804004004004004  0.008996993043997972 
2.8047047047047045  0.008666760574865604 
2.8054054054054056  0.008332800236434776 
2.806106106106106  0.00799104557452636 
2.8068068068068066  0.007638456590201935 
2.8075075075075073  0.007273119364360464 
2.808208208208208  0.006894285628430814 
2.8089089089089088  0.006502353614821501 
2.8096096096096095  0.006098794340576323 
2.81031031031031  0.0056860300335898435 
2.811011011011011  0.005267273587745834 
2.8117117117117116  0.00484633961694213 
2.8124124124124124  0.004427438763632452 
2.813113113113113  0.004014967324067393 
2.813813813813814  0.003613303936043348 
2.8145145145145145  0.0032266240414246263 
2.8152152152152152  0.002858741146912132 
2.815915915915916  0.002512981680477211 
2.8166166166166167  0.0021920976435167625 
2.8173173173173174  0.0018982184892603728 
2.818018018018018  0.0016328409292383573 
2.818718718718719  0.0013968528871204393 
2.819419419419419  0.00119058576116098 
2.8201201201201203  0.0010138876578371396 
2.8208208208208205  0.0008662094021027194 
2.8215215215215217  0.0007466949396442988 
2.822222222222222  0.0006542681959150095 
2.822922922922923  0.0005877094721007941 
2.8236236236236234  0.00054571593137612 
2.824324324324324  0.0005269425287151991 
2.825025025025025  0.0005300217214984968 
2.8257257257257256  0.000553562321569138 
2.8264264264264263  0.00059612977318651 
2.827127127127127  0.0006562118375240718 
2.8278278278278277  0.0007321750204443764 
2.8285285285285284  0.0008222180030862865 
2.829229229229229  0.0009243287546888071 
2.82992992992993  0.0010362518827506748 
2.8306306306306306  0.0011554720992043215 
2.8313313313313313  0.0012792184829758019 
2.832032032032032  0.001404492570433651 
2.8327327327327327  0.001528121318228464 
2.8334334334334335  0.001646833807327529 
2.834134134134134  0.0017573583700446868 
2.834834834834835  0.0018565348152036873 
2.8355355355355356  0.0019414347885203821 
2.8362362362362363  0.0020094822012019773 
2.8369369369369366  0.0020585652128385585 
2.8376376376376378  0.002087131529875961 
2.838338338338338  0.0020942597745579592 
2.839039039039039  0.0020797013157642565 
2.8397397397397395  0.0020438890910294163 
2.8404404404404406  0.0019879123941070327 
2.841141141141141  0.0019134591285996363 
2.8418418418418416  0.001822729401858814 
2.8425425425425423  0.0017183263393237725 
2.843243243243243  0.0016031314640834343 
2.843943943943944  0.0014801727957876288 
2.8446446446446445  0.001352493933211237 
2.8453453453453452  0.0012230318237347155 
2.846046046046046  0.0010945097835763763 
2.8467467467467467  0.0009693507584233183 
2.8474474474474474  0.0008496139803853214 
2.848148148148148  0.0007369562693542206 
2.848848848848849  0.0006326174197692466 
2.8495495495495495  0.0005374275541953495 
2.8502502502502503  0.000451833119186043 
2.850950950950951  0.00037593740578184407 
2.8516516516516517  0.0003095511086620833 
2.8523523523523524  0.00025224846435846325 
2.853053053053053  0.00020342486718266087 
2.853753753753754  0.00016235246750312814 
2.854454454454454  0.00012823101744815823 
2.8551551551551553  0.0001002320527197569 
2.8558558558558556  7.753530558678246e-05 
2.8565565565565567  5.935696992393623e-05 
2.857257257257257  4.4970041087811327e-05 
2.857957957957958  3.37174084928014e-05 
2.8586586586586584  2.501868230023515e-05 
2.859359359359359  1.837189770385985e-05 
2.86006006006006  1.3351281306718936e-05 
2.8607607607607606  9.602210356033565e-06 
2.8614614614614613  6.834375347659037e-06 
2.862162162162162  4.8139966012607115e-06 
2.8628628628628627  3.3557691204238908e-06 
2.8635635635635635  2.3150357871697846e-06 
2.864264264264264  1.5805297908973423e-06 
2.864964964964965  1.067891192907242e-06 
2.8656656656656656  7.140533566693275e-07 
2.8663663663663663  4.725128969767266e-07 
2.867067067067067  3.094396848932978e-07 
2.8677677677677678  2.0054770435020198e-07 
2.8684684684684685  1.2862894909018072e-07 
2.869169169169169  8.164678521721153e-08 
2.86986986986987  5.1288358419441534e-08 
2.8705705705705706  3.188437071106116e-08 
2.8712712712712714  1.961626150609632e-08 
2.8719719719719716  1.1943564977398725e-08 
2.872672672672673  7.196661109982482e-09 
2.873373373373373  4.291483721549594e-09 
2.8740740740740742  2.532580322842946e-09 
2.8747747747747745  1.4791026956039207e-09 
2.8754754754754757  8.548949869081466e-10 
2.876176176176176  4.889974042688105e-10 
2.8768768768768767  2.768086636582968e-10 
2.8775775775775774  1.5507155618613547e-10 
2.878278278278278  8.597337050719692e-11 
2.878978978978979  4.7171002128005787e-11 
2.8796796796796795  2.5613303395339496e-11 
2.8803803803803802  1.3763707242385181e-11 
2.881081081081081  7.319553688840595e-12 
2.8817817817817817  3.8522380481582955e-12 
2.8824824824824824  2.006415959677547e-12 
2.883183183183183  1.0342086658595423e-12 
2.883883883883884  5.275634660315523e-13 
2.8845845845845846  2.663303101059514e-13 
2.8852852852852853  1.3305947887584214e-13 
2.885985985985986  6.578856040417114e-14 
2.8866866866866867  3.219098678104709e-14 
2.8873873873873874  1.558825630068084e-14 
2.888088088088088  7.470335854173828e-15 
2.888788788788789  3.542925813501416e-15 
2.889489489489489  1.662889271213012e-15 
2.8901901901901903  7.724029886979642e-16 
2.8908908908908906  3.5506175987841935e-16 
2.8915915915915917  1.615262827615605e-16 
2.892292292292292  7.272133409585975e-17 
2.892992992992993  3.240110473428903e-17 
2.8936936936936934  1.4286871544724384e-17 
2.894394394394394  6.2343876577111865e-18 
2.895095095095095  2.6923394108191748e-18 
2.8957957957957956  1.150655069242686e-18 
2.8964964964964963  4.866759028664658e-19 
2.897197197197197  2.037107149174576e-19 
2.8978978978978978  8.438538655265193e-20 
2.8985985985985985  3.459393435084706e-20 
2.899299299299299  1.4034986887762763e-20 
2.9  5.635123091946923e-21 
