1.9  0.000493135153356771 
1.9026026026026026  0.00044101071243488104 
1.905205205205205  0.00039238299844830676 
1.9078078078078078  0.00034733655967989933 
1.9104104104104103  0.0003058949530273683 
1.913013013013013  0.0002680273578310949 
1.9156156156156154  0.0002336557419715024 
1.9182182182182181  0.00020266231420543542 
1.9208208208208208  0.0001748970204948075 
1.9234234234234233  0.00015018487230663614 
1.926026026026026  0.00012833292942698453 
1.9286286286286285  0.00010913679668178961 
1.9312312312312312  9.238653119811408e-05 
1.9338338338338337  7.787189280188453e-05 
1.9364364364364364  6.538690344529533e-05 
1.9390390390390388  5.473371111330601e-05 
1.9416416416416415  4.572577871681574e-05 
1.9442442442442442  3.819043859272745e-05 
1.9468468468468467  3.197086823383833e-05 
1.9494494494494494  2.692755284854877e-05 
1.952052052052052  2.2939305591143046e-05 
1.9546546546546546  1.9903917257875817e-05 
1.957257257257257  1.7738504478135022e-05 
1.9598598598598598  1.6379619583663265e-05 
1.9624624624624625  1.5783177090579195e-05 
1.965065065065065  1.592424176468288e-05 
1.9676676676676677  1.679671223001102e-05 
1.9702702702702701  1.841292265923709e-05 
1.9728728728728728  2.0803173840412833e-05 
1.9754754754754753  2.4015194379582352e-05 
1.978078078078078  2.8113523442112934e-05 
1.9806806806806807  3.31787986586302e-05 
1.9832832832832832  3.930692695312088e-05 
1.9858858858858859  4.660811234244322e-05 
1.9884884884884884  5.5205713375798806e-05 
1.991091091091091  6.52349039074426e-05 
1.9936936936936935  7.684111430703663e-05 
1.9962962962962962  9.017823588868989e-05 
1.9988988988988987  0.00010540657905572896 
2.0015015015015014  0.0001226905850825311 
2.004104104104104  0.0001421963021575003 
2.006706706706707  0.00016408864777489032 
2.0093093093093093  0.00018852849120196493 
2.0119119119119118  0.00021566960093357247 
2.0145145145145142  0.0002456555121397329 
2.017117117117117  0.0002786163775025889 
2.0197197197197196  0.0003146658709833027 
2.022322322322322  0.00035389821752332087 
2.024924924924925  0.000396385422179057 
2.0275275275275275  0.00044217476960340275 
2.03013013013013  0.0004912866592076869 
2.0327327327327325  0.0005437128330535386 
2.0353353353353354  0.0005994150430226612 
2.037937937937938  0.0006583241917494255 
2.0405405405405403  0.0007203399689633578 
2.0431431431431433  0.0007853309921338529 
2.0457457457457457  0.0008531354485035287 
2.0483483483483482  0.0009235622255383946 
2.0509509509509507  0.0009963925091718544 
2.0535535535535536  0.0010713818244314575 
2.056156156156156  0.0011482624913108066 
2.0587587587587586  0.001226746469993716 
2.061361361361361  0.0013065285733654941 
2.063963963963964  0.0013872900304906445 
2.0665665665665665  0.0014687023914978824 
2.069169169169169  0.00155043177103188 
2.071771771771772  0.0016321434329751004 
2.0743743743743743  0.0017135067224183307 
2.076976976976977  0.001794200350909617 
2.0795795795795797  0.001873918037129723 
2.082182182182182  0.0019523744969460674 
2.0847847847847847  0.0020293117642926684 
2.087387387387387  0.0021045058079274107 
2.08998998998999  0.0021777733896475165 
2.0925925925925926  0.0022489790881631854 
2.095195195195195  0.002318042390962342 
2.0977977977977975  0.002384944735713801 
2.1004004004004004  0.0024497363646295124 
2.103003003003003  0.0025125428411802114 
2.1056056056056054  0.002573571069808424 
2.1082082082082083  0.002633114656599463 
2.110810810810811  0.002691558452585973 
2.1134134134134133  0.0027493821313017757 
2.1160160160160157  0.002807162667705045 
2.1186186186186187  0.0028655756055647177 
2.121221221221221  0.0029253950234242815 
2.1238238238238236  0.0029874921337129353 
2.1264264264264265  0.0030528324738272276 
2.129029029029029  0.0031224716705668043 
2.1316316316316315  0.003197549778989729 
2.134234234234234  0.0032792842128158773 
2.136836836836837  0.0033689612957506256 
2.1394394394394394  0.0034679264719067516 
2.142042042042042  0.00357757321982547 
2.1446446446446448  0.0036993307198865634 
2.1472472472472472  0.0038346503309757366 
2.1498498498498497  0.003984990941160787 
2.152452452452452  0.004151803270825385 
2.155055055055055  0.004336513227004058 
2.1576576576576576  0.0045405044358923195 
2.16026026026026  0.004765100117378833 
2.1628628628628626  0.005011544510880381 
2.1654654654654655  0.005280984114795283 
2.168068068068068  0.005574449060642097 
2.1706706706706704  0.005892835004659438 
2.1732732732732734  0.006236885980760635 
2.175875875875876  0.006607178715116845 
2.1784784784784783  0.00700410894973155 
2.1810810810810812  0.007427880355492929 
2.1836836836836837  0.007878496629837873 
2.186286286286286  0.008355757366268124 
2.1888888888888887  0.008859258249215499 
2.1914914914914916  0.009388396065870925 
2.194094094094094  0.009942378935513405 
2.1966966966966965  0.01052024203698058 
2.199299299299299  0.011120868968113692 
2.201901901901902  0.01174301870078912 
2.2045045045045044  0.012385357906541293 
2.207107107107107  0.01304649822727371 
2.20970970970971  0.01372503786083904 
2.2123123123123123  0.01441960663102934 
2.2149149149149148  0.015128913525028426 
2.2175175175175172  0.015851795518112576 
2.22012012012012  0.016587266374580488 
2.2227227227227226  0.01733456402398385 
2.225325325325325  0.01809319506994173 
2.2279279279279276  0.018862975000593883 
2.2305305305305305  0.019644062738385776 
2.233133133133133  0.020436988293123463 
2.2357357357357355  0.02124267246407908 
2.2383383383383384  0.022062437769453155 
2.240940940940941  0.022898010056990353 
2.2435435435435434  0.02375151055763636 
2.2461461461461463  0.024625438472253663 
2.2487487487487487  0.025522644515370535 
2.2513513513513512  0.026446296164540337 
2.2539539539539537  0.027399835663802975 
2.2565565565565566  0.02838693209039344 
2.259159159159159  0.029411429002197037 
2.2617617617617616  0.030477289328935238 
2.264364364364364  0.031588539245175594 
2.266966966966967  0.03274921276415871 
2.2695695695695695  0.033963298718218134 
2.272172172172172  0.035234691648344946 
2.274774774774775  0.0365671479201085 
2.2773773773773773  0.03796424812695556 
2.27997997997998  0.03942936654873104 
2.2825825825825827  0.04096564811873379 
2.285185185185185  0.042575993033164304 
2.2877877877877877  0.04426304882852653 
2.29039039039039  0.04602920947018974 
2.292992992992993  0.04787662075154365 
2.2955955955955956  0.049807191107547805 
2.298198198198198  0.051822606805257715 
2.3008008008008005  0.05392435038961938 
2.3034034034034034  0.05611372123445565 
2.306006006006006  0.058391857071839574 
2.3086086086086084  0.060759755441029684 
2.3112112112112113  0.06321829410192968 
2.313813813813814  0.06576824958775225 
2.3164164164164163  0.06841031321706156 
2.319019019019019  0.07114510403716576 
2.3216216216216217  0.073973178320872 
2.324224224224224  0.07689503538057454 
2.3268268268268266  0.07991111959340695 
2.3294294294294295  0.0830218186468914 
2.332032032032032  0.0862274581160436 
2.3346346346346345  0.08952829257207315 
2.337237237237237  0.09292449350209904 
2.33983983983984  0.09641613439197826 
2.3424424424424424  0.10000317339308416 
2.345045045045045  0.10368543406085776 
2.3476476476476478  0.10746258471892874 
2.3502502502502503  0.11133411706693105 
2.3528528528528527  0.11529932471058885 
2.355455455455455  0.1193572823456121 
2.358058058058058  0.12350682636786305 
2.3606606606606606  0.12774653770607267 
2.363263263263263  0.13207472767516767 
2.3658658658658656  0.13648942762403585 
2.3684684684684685  0.1409883830986246 
2.371071071071071  0.14556905315908725 
2.3736736736736734  0.15022861537987953 
2.3762762762762764  0.15496397692836664 
2.378878878878879  0.1597717919670065 
2.3814814814814813  0.16464848546469193 
2.3840840840840842  0.1695902833439511 
2.3866866866866867  0.17459324874226745 
2.389289289289289  0.17965332403741757 
2.3918918918918917  0.1847663781863461 
2.3944944944944946  0.18992825886066855 
2.397097097097097  0.19513484883201693 
2.3996996996996995  0.20038212606609554 
2.402302302302302  0.20566622702088921 
2.404904904904905  0.2109835127030385 
2.4075075075075074  0.21633063710502481 
2.41011011011011  0.22170461770974284 
2.412712712712713  0.22710290779186593 
2.4153153153153153  0.2325234702507563 
2.4179179179179178  0.23796485266219417 
2.4205205205205207  0.24342626312363583 
2.423123123123123  0.24890764628222228 
2.4257257257257256  0.254409758674219 
2.428328328328328  0.2599342421738337 
2.4309309309309306  0.2654836939608667 
2.4335335335335335  0.2710617309903302 
2.436136136136136  0.276673046510375 
2.4387387387387385  0.2823234557610621 
2.4413413413413414  0.2880199276335337 
2.443943943943944  0.29377059881729856 
2.4465465465465464  0.2995847668526643 
2.4491491491491493  0.305472858571779 
2.4517517517517518  0.3114463706861152 
2.4543543543543542  0.3175177797804161 
2.456956956956957  0.32370041971203223 
2.4595595595595596  0.3300083253843614 
2.462162162162162  0.3364560430422612 
2.4647647647647646  0.343058408588432 
2.467367367367367  0.34983029689021106 
2.46996996996997  0.35678634656903063 
2.4725725725725725  0.36394066626305505 
2.475175175175175  0.37130652974265155 
2.477777777777778  0.3788960684517014 
2.4803803803803803  0.386719970962041 
2.482982982982983  0.3947871993876849 
2.4855855855855857  0.4031047329491901 
2.488188188188188  0.4116773485634737 
2.4907907907907907  0.42050744754087327 
2.493393393393393  0.4295949362050878 
2.495995995995996  0.4389371665457491 
2.4985985985985986  0.4485289409275765 
2.501201201201201  0.45836258249913175 
2.5038038038038035  0.4684280703745124 
2.5064064064064064  0.47871323602517574 
2.509009009009009  0.48920401474907454 
2.5116116116116114  0.499884743715236 
2.5142142142142143  0.5107384960435919 
2.516816816816817  0.5217474387889516 
2.5194194194194193  0.5328932016508967 
2.522022022022022  0.5441572427974103 
2.5246246246246247  0.5555211984078148 
2.527227227227227  0.5669672034122395 
2.5298298298298296  0.5784781723985584 
2.532432432432432  0.5900380317043423 
2.535035035035035  0.6016318962116068 
2.5376376376376375  0.6132461871881679 
2.54024024024024  0.6248686905238582 
2.542842842842843  0.6364885577329153 
2.5454454454454454  0.6480962549723461 
2.548048048048048  0.6596834679026674 
2.5506506506506508  0.6712429723501758 
2.5532532532532533  0.6827684822995539 
2.5558558558558557  0.6942544876651121 
2.5584584584584587  0.7056960945033964 
2.561061061061061  0.7170888798289773 
2.5636636636636636  0.7284287720026613 
2.566266266266266  0.7397119658453987 
2.5688688688688686  0.7509348792911664 
2.5714714714714715  0.7620941556601442 
2.574074074074074  0.7731867126622436 
2.5766766766766764  0.7842098361976773 
2.5792792792792794  0.7951613140768634 
2.581881881881882  0.8060396021024023 
2.5844844844844843  0.8168440126907227 
2.5870870870870872  0.827574914488564 
2.5896896896896897  0.8382339303544967 
2.592292292292292  0.8488241206896618 
2.5948948948948947  0.8593501394347471 
2.5974974974974976  0.8698183510841805 
2.6001001001001  0.880236898744478 
2.6027027027027025  0.8906157154907524 
2.605305305305305  0.900966473930795 
2.607907907907908  0.9113024718263032 
2.6105105105105104  0.9216384546895149 
2.613113113113113  0.9319903793072273 
2.615715715715716  0.9423751249873095 
2.6183183183183183  0.9528101618302612 
2.6209209209209208  0.9633131873766627 
2.6235235235235237  0.9739017444747415 
2.626126126126126  0.9845928340848439 
2.6287287287287286  0.995402536958994 
2.631331331331331  1.0063456577067444 
2.6339339339339336  1.0174354037205933 
2.6365365365365365  1.0286831098508977 
2.639139139139139  1.0400980176842407 
2.6417417417417415  1.0516871159001535 
2.6443443443443444  1.0634550455845724 
2.646946946946947  1.0754040716912932 
2.6495495495495494  1.0875341191955448 
2.6521521521521523  1.0998428699942278 
2.6547547547547548  1.1123259143856012 
2.6573573573573572  1.1249769490924122 
2.65995995995996  1.1377880123489232 
2.6625625625625626  1.150749745594492 
2.665165165165165  1.163851670828505 
2.6677677677677676  1.177082472678453 
2.67037037037037  1.1904302746920938 
2.672972972972973  1.203882900241462 
2.6755755755755755  1.2174281096620312 
2.678178178178178  1.2310538067735342 
2.680780780780781  1.244748209657298 
2.6833833833833833  1.258499982418369 
2.685985985985986  1.2722983265495207 
2.6885885885885887  1.2861330323591027 
2.691191191191191  1.2999944926481959 
2.6937937937937937  1.3138736823568438 
2.696396396396396  1.3277621091864682 
2.698998998998999  1.3416517412015354 
2.7016016016016016  1.3555349180856295 
2.704204204204204  1.3694042530576334 
2.7068068068068065  1.3832525324395268 
2.7094094094094094  1.3970726195182486 
2.712012012012012  1.4108573686851527 
2.7146146146146144  1.424599554903515 
2.7172172172172173  1.4382918223954695 
2.71981981981982  1.451926655112301 
2.7224224224224223  1.465496370119995 
2.725025025025025  1.4789931335648228 
2.7276276276276277  1.4924089974530765 
2.73023023023023  1.5057359541553148 
2.7328328328328326  1.5189660043940043 
2.735435435435435  1.5320912335544465 
2.738038038038038  1.5451038905206942 
2.7406406406406405  1.557996462917178 
2.743243243243243  1.5707617426538487 
2.745845845845846  1.5833928760332208 
2.7484484484484484  1.595883393369459 
2.751051051051051  1.6082272140616802 
2.7536536536536538  1.6204186243127834 
2.7562562562562563  1.632452226128833 
2.7588588588588587  1.6443228578027376 
2.7614614614614617  1.6560254876992255 
2.764064064064064  1.6675550847323446 
2.7666666666666666  1.678906470378115 
2.769269269269269  1.6900741583155026 
2.7718718718718716  1.7010521887667398 
2.7744744744744745  1.7118339652583585 
2.777077077077077  1.7224121018035259 
2.7796796796796794  1.7327782883940157 
2.7822822822822824  1.7429231821828948 
2.784884884884885  1.752836330854842 
2.7874874874874873  1.7625061334597574 
2.7900900900900902  1.771919842480977 
2.7926926926926927  1.781063609196152 
2.795295295295295  1.7899225725499244 
2.7978978978978977  1.7984809898832081 
2.8005005005005006  1.8067224060514502 
2.803103103103103  1.8146298558033895 
2.8057057057057055  1.822186092869817 
2.808308308308308  1.8293738381023625 
2.810910910910911  1.8361760382627832 
2.8135135135135134  1.8425761267339746 
2.816116116116116  1.8485582775210283 
2.818718718718719  1.8541076444308833 
2.8213213213213213  1.8592105782318065 
2.8239239239239238  1.8638548158512491 
2.8265265265265267  1.8680296372019762 
2.829129129129129  1.8717259869453353 
2.8317317317317316  1.87493656031258 
2.834334334334334  1.8776558539027783 
2.8369369369369366  1.8798801840589197 
2.8395395395395395  1.8816076768908185 
2.842142142142142  1.8828382351774346 
2.8447447447447445  1.8835734881719925 
2.8473473473473474  1.8838167306994413 
2.84994994994995  1.883572857853148 
2.8525525525525524  1.8828483010666235 
2.8551551551551553  1.8816509703851587 
2.8577577577577578  1.8799902064461076 
2.8603603603603602  1.8778767440736803 
2.862962962962963  1.8753226875999875 
2.8655655655655656  1.872341496154015 
2.868168168168168  1.868947975328436 
2.8707707707707706  1.8651582699655782 
2.873373373373373  1.8609898514093124 
2.875975975975976  1.8564614915508086 
2.8785785785785785  1.8515932154368464 
2.881181181181181  1.8464062241650494 
2.883783783783784  1.8409227802943278 
2.8863863863863863  1.8351660490509485 
2.888988988988989  1.8291598901819275 
2.8915915915915917  1.822928597340952 
2.894194194194194  1.8164965843047296 
2.8967967967967967  1.809888020001425 
2.8993993993993996  1.8031264171708865 
2.9020020020020016  1.7962341823289811 
2.9046046046046046  1.7892321374444682 
2.907207207207207  1.782139026217205 
2.9098098098098095  1.774971019943268 
2.9124124124124124  1.7677412395548808 
2.915015015015015  1.7604593114313905 
2.9176176176176174  1.7531309749220338 
2.9202202202202203  1.7457577591524023 
2.922822822822823  1.7383367455879144 
2.9254254254254253  1.7308604310055646 
2.928028028028028  1.723316703023161 
2.9306306306306307  1.7156889372176019 
2.933233233233233  1.7079562212275137 
2.935835835835836  1.7000937071983107 
2.938438438438438  1.69207308963043 
2.941041041041041  1.6838632012870656 
2.9436436436436435  1.6754307154756451 
2.946246246246246  1.6667409389053487 
2.948848848848849  1.6577586756120866 
2.9514514514514514  1.6484491392915352 
2.954054054054054  1.6387788889334232 
2.956656656656657  1.6287167610277526 
2.9592592592592593  1.6182347709055178 
2.9618618618618617  1.6073089560403453 
2.9644644644644647  1.5959201353878785 
2.9670670670670667  1.584054561054269 
2.9696696696696696  1.5717044416946935 
2.9722722722722725  1.55886832094162 
2.9748748748748746  1.5455512987060918 
2.9774774774774775  1.5317650882092464 
2.98008008008008  1.5175279068890912 
2.9826826826826824  1.5028642046773222 
2.9852852852852854  1.487804238339958 
2.987887887887888  1.4723835054160817 
2.9904904904904903  1.4566420555816262 
2.9930930930930932  1.4406237008471026 
2.9956956956956957  1.424375148741566 
2.998298298298298  1.407945084450521 
3.000900900900901  1.3913832287200723 
3.003503503503503  1.3747393982117715 
3.006106106106106  1.3580625939364004 
3.0087087087087085  1.3414001414916625 
3.011311311311311  1.3247969041935301 
3.013913913913914  1.3082945869637472 
3.0165165165165164  1.2919311451754296 
3.019119119119119  1.2757403087277812 
3.021721721721722  1.259751227588246 
3.0243243243243243  1.243988241058909 
3.0269269269269268  1.2284707692382535 
3.0295295295295297  1.2132133216782468 
3.032132132132132  1.1982256151791815 
3.0347347347347347  1.1835127900905753 
3.0373373373373376  1.169075712443002 
3.0399399399399396  1.1549113477418211 
3.0425425425425425  1.1410131913098156 
3.045145145145145  1.1273717396495335 
3.0477477477477475  1.1139749873720393 
3.0503503503503504  1.1008089347593757 
3.052952952952953  1.08785809193623 
3.0555555555555554  1.0751059668617862 
3.0581581581581583  1.0625355258530198 
3.0607607607607608  1.0501296170512644 
3.0633633633633632  1.0378713490850984 
3.065965965965966  1.0257444191041782 
3.068568568568568  1.0137333863060882 
3.071171171171171  1.001823888998957 
3.073773773773774  0.9900028050889684 
3.076376376376376  0.9782583576092502 
3.078978978978979  0.9665801684755372 
3.0815815815815815  0.9549592650287614 
3.084184184184184  0.9433880450749584 
3.086786786786787  0.9318602070343077 
3.0893893893893893  0.9203706524449821 
3.091991991991992  0.9089153684230181 
3.0945945945945947  0.8974912977534184 
3.097197197197197  0.8860962040849881 
3.0997997997997997  0.8747285392361079 
3.1024024024024026  0.8633873189133232 
3.1050050050050046  0.8520720122298722 
3.1076076076076076  0.8407824493261671 
3.11021021021021  0.8295187501839114 
3.1128128128128125  0.8182812764398406 
3.1154154154154154  0.8070706066987132 
3.118018018018018  0.7958875345721087 
3.1206206206206204  0.784733087484672 
3.1232232232232233  0.7736085632428368 
3.125825825825826  0.762515580498251 
3.1284284284284283  0.7514561385956776 
3.131031031031031  0.7404326819009358 
3.1336336336336337  0.7294481635735449 
3.136236236236236  0.7185061038842915 
3.138838838838839  0.7076106385698795 
3.141441441441441  0.6967665533410821 
3.144044044044044  0.6859793014815874 
3.1466466466466465  0.6752550024457724 
3.149249249249249  0.664600420427695 
3.151851851851852  0.6540229229713685 
3.1544544544544544  0.6435304207578857 
3.157057057057057  0.6331312906767046 
3.15965965965966  0.6228342851077295 
3.1622622622622623  0.6126484309588569 
3.1648648648648647  0.6025829223829637 
3.1674674674674677  0.5926470112163503 
3.1700700700700697  0.5828498990314444 
3.1726726726726726  0.5732006342919574 
3.1752752752752755  0.5637080174671716 
3.1778778778778776  0.5543805161490212 
3.1804804804804805  0.5452261912790178 
3.183083083083083  0.5362526346003663 
3.1856856856856854  0.5274669164772321 
3.1882882882882884  0.5188755423426886 
3.190890890890891  0.5104844153186632 
3.1934934934934933  0.5022988020556175 
3.1960960960960962  0.4943232986123052 
3.1986986986986987  0.48656179326468363 
3.201301301301301  0.4790174235053608 
3.203903903903904  0.47169252515607 
3.206506506506506  0.46458857242968615 
3.209109109109109  0.45770610888926344 
3.2117117117117115  0.4510446704868973 
3.214314314314314  0.44460270314010386 
3.216916916916917  0.43837747852685416 
3.2195195195195194  0.43236501285986595 
3.222122122122122  0.42655999425050134 
3.224724724724725  0.420955724817903 
3.2273273273273273  0.415544083882573 
3.2299299299299298  0.41031551837007335 
3.2325325325325327  0.40525906592863786 
3.235135135135135  0.4003624152495291 
3.2377377377377377  0.39561200671162555 
3.2403403403403406  0.3909931748164931 
3.2429429429429426  0.3864903320215628 
3.2455455455455455  0.3820871916165427 
3.248148148148148  0.37776702533017903 
3.2507507507507505  0.37351294951157743 
3.2533533533533534  0.36930823210843683 
3.255955955955956  0.36513661135827774 
3.2585585585585584  0.36098261619550265 
3.2611611611611613  0.35683187791224436 
3.2637637637637638  0.35267142262456636 
3.2663663663663662  0.3484899345906452 
3.268968968968969  0.34427798138005394 
3.271571571571571  0.34002819325393047 
3.274174174174174  0.33573539081325476 
3.276776776776777  0.33139665691798537 
3.279379379379379  0.32701135097296163 
3.281981981981982  0.3225810658110988 
3.2845845845845845  0.31810952947532045 
3.287187187187187  0.313602456109362 
3.28978978978979  0.3090673518283726 
3.2923923923923923  0.3045132827839074 
3.294994994994995  0.29995061361600006 
3.2975975975975977  0.29539072507083264 
3.3002002002002  0.29084571975227946 
3.3028028028028027  0.28632812478685504 
3.3054054054054056  0.28185059965145365 
3.3080080080080076  0.2774256565946942 
3.3106106106106106  0.27306540004015933 
3.313213213213213  0.26878129016547914 
3.3158158158158155  0.26458393457862994 
3.3184184184184184  0.26048291073379215 
3.321021021021021  0.25648662050830223 
3.3236236236236234  0.2526021772541868 
3.3262262262262263  0.24883532468457173 
3.328828828828829  0.2451903861840612 
3.3314314314314313  0.24167024255594727 
3.334034034034034  0.23827633583622757 
3.3366366366366367  0.2350086966005039 
3.339239239239239  0.23186599214026724 
3.341841841841842  0.22884559295750564 
3.344444444444444  0.22594365518409137 
3.347047047047047  0.22315521673721556 
3.3496496496496495  0.22047430523804798 
3.352252252252252  0.2178940559164748 
3.354854854854855  0.21540683787556222 
3.3574574574574574  0.21300438717899967 
3.36006006006006  0.21067794524580655 
3.362662662662663  0.20841840099084086 
3.3652652652652653  0.20621643504678386 
3.3678678678678677  0.20406266426023453 
3.3704704704704707  0.20194778449282383 
3.3730730730730727  0.1998627096024737 
3.3756756756756756  0.19779870435497812 
3.3782782782782785  0.19574750894537501 
3.3808808808808806  0.1937014528114356 
3.3834834834834835  0.1916535555124737 
3.386086086086086  0.18959761263296304 
3.3886886886886884  0.1875282649529945 
3.3912912912912914  0.18544104949974483 
3.393893893893894  0.1833324315429489 
3.3964964964964963  0.1811998171041663 
3.3990990990990992  0.17904154609180153 
3.4017017017017017  0.17685686672598758 
3.404304304304304  0.17464589245362552 
3.406906906906907  0.1724095430489891 
3.409509509509509  0.1701494720267562 
3.412112112112112  0.16786798284339455 
3.414714714714715  0.16556793661563163 
3.417317317317317  0.16325265423254198 
3.41991991991992  0.1609258157778576 
3.4225225225225224  0.1585913601136142 
3.425125125125125  0.1562533873125957 
3.427727727727728  0.15391606637662839 
3.4303303303303303  0.1515835503550239 
3.432932932932933  0.14925990059913322 
3.4355355355355357  0.14694902147275737 
3.438138138138138  0.14465460640182723 
3.4407407407407407  0.14238009570754542 
3.4433433433433436  0.14012864624070595 
3.4459459459459456  0.1379031124351485 
3.4485485485485485  0.1357060380368696 
3.451151151151151  0.1335396574519263 
3.4537537537537535  0.13140590539789865 
3.4563563563563564  0.12930643334584963 
3.458958958958959  0.1272426311053646 
3.4615615615615614  0.12521565183611783 
3.4641641641641643  0.12322643876522019 
3.4667667667667668  0.12127575194890426 
3.4693693693693692  0.1193641935367346 
3.471971971971972  0.11749223017217056 
3.474574574574574  0.11566021138881892 
3.477177177177177  0.11386838312972612 
3.47977977977978  0.11211689581840516 
3.482382382382382  0.11040580673436286 
3.484984984984985  0.1087350767806539 
3.4875875875875875  0.10710456206323986 
3.49019019019019  0.1055140010175742 
3.492792792792793  0.1039629981026977 
3.4953953953953953  0.1024510053231051 
3.497997997997998  0.10097730302096287 
3.5006006006006007  0.09954098149477744 
3.503203203203203  0.09814092503692341 
3.5058058058058057  0.09677579993635317 
3.5084084084084086  0.09544404786309135 
3.5110110110110107  0.09414388584067845 
3.5136136136136136  0.09287331372904561 
3.5162162162162165  0.0916301297950493 
3.5188188188188185  0.09041195455672607 
3.5214214214214214  0.08921626266915923 
3.524024024024024  0.08804042219593898 
3.5266266266266264  0.0868817402029886 
3.5292292292292293  0.08573751324353596 
3.531831831831832  0.0846050809952387 
3.5344344344344343  0.08348188108139848 
3.537037037037037  0.08236550297237344 
3.5396396396396397  0.08125373883042025 
3.542242242242242  0.08014462923542402 
3.544844844844845  0.07903650190849584 
3.547447447447447  0.07792800182735134 
3.55005005005005  0.07681811148833843 
3.5526526526526525  0.07570616049647655 
3.555255255255255  0.07459182413465183 
3.557857857857858  0.07347511105126871 
3.5604604604604604  0.07235634068621036 
3.563063063063063  0.07123611150232648 
3.565665665665666  0.07011526148037116 
3.5682682682682683  0.06899482264915059 
3.5708708708708707  0.06787597164419237 
3.5734734734734737  0.06675997840744256 
3.576076076076076  0.06564815515345189 
3.5786786786786786  0.06454180763639222 
3.5812812812812815  0.0634421905652555 
3.5838838838838836  0.06235046874504748 
3.5864864864864865  0.06126768518744345 
3.589089089089089  0.06019473705588003 
3.5916916916916914  0.059132359909782155 
3.5942942942942944  0.05808112031308497 
3.596896896896897  0.05704141649465003 
3.5994994994994993  0.05601348641128992 
3.6021021021021022  0.05499742228307557 
3.6047047047047047  0.05399319045608993 
3.607307307307307  0.0530006553058953 
3.60990990990991  0.05201960582681427 
3.612512512512512  0.05104978355436981 
3.615115115115115  0.05009091053356025 
3.617717717717718  0.04914271616370613 
3.62032032032032  0.04820496190883579 
3.622922922922923  0.04727746304755744 
3.6255255255255254  0.04636010683458014 
3.628128128128128  0.04545286664513238 
3.630730730730731  0.044555811862917655 
3.6333333333333333  0.04366911344379172 
3.635935935935936  0.042793045235632 
3.6385385385385387  0.04192798125731653 
3.641141141141141  0.041074389236249224 
3.6437437437437437  0.04023282077664264 
3.6463463463463466  0.03940389858347069 
3.6489489489489486  0.03858830120425822 
3.6515515515515515  0.03778674577744113 
3.654154154154154  0.03699996929627784 
3.6567567567567565  0.03622870891440983 
3.6593593593593594  0.03547368183510165 
3.661961961961962  0.03473556534103697 
3.6645645645645644  0.03401497753393543 
3.6671671671671673  0.033312459360233734 
3.6697697697697698  0.03262845849669696 
3.6723723723723722  0.03196331565350457 
3.674974974974975  0.031317253817594745 
3.6775775775775776  0.030690370901885287 
3.68018018018018  0.030082636183766907 
3.682782782782783  0.029493890807938235 
3.685385385385385  0.028923852495274873 
3.687987987987988  0.02837212444422923 
3.6905905905905905  0.02783820823972281 
3.693193193193193  0.027321520404012267 
3.695795795795796  0.026821412043678612 
3.6983983983983983  0.02633719087672857 
3.701001001001001  0.025868144774329166 
3.7036036036036037  0.025413565833027157 
3.706206206206206  0.02497277391452407 
3.7088088088088087  0.024545138558487646 
3.7114114114114116  0.024130098194484684 
3.7140140140140137  0.02372717565407241 
3.7166166166166166  0.023335989112546446 
3.7192192192192195  0.022956257767772742 
3.7218218218218215  0.02258780178391211 
3.7244244244244245  0.022230536280956004 
3.727027027027027  0.021884459424929677 
3.7296296296296294  0.021549634954912515 
3.7322322322322323  0.021226169757468574 
3.734834834834835  0.020914187352414768 
3.7374374374374373  0.020613798372732542 
3.74004004004004  0.020325069294061048 
3.7426426426426427  0.02004799078613868 
3.745245245245245  0.01978244711314488 
3.747847847847848  0.0195281879987534 
3.75045045045045  0.019284804294840526 
3.753053053053053  0.019051708653657004 
3.7556556556556555  0.01882812220850294 
3.758258258258258  0.01861306802702293 
3.760860860860861  0.018405371825921484 
3.7634634634634634  0.01820367013955244 
3.766066066066066  0.018006425831695004 
3.768668668668669  0.017811950544213653 
3.7712712712712713  0.01761843340182401 
3.7738738738738737  0.017423975051081963 
3.7764764764764767  0.01722662591417901 
3.779079079079079  0.017024427391878177 
3.7816816816816816  0.016815454659856996 
3.7842842842842845  0.016597859670784622 
3.7868868868868866  0.01636991299964421 
3.7894894894894895  0.016130043248399294 
3.792092092092092  0.01587687285195928 
3.7946946946946944  0.015609249292454693 
3.7972972972972974  0.015326270923628002 
3.7998998998999  0.015027306821404726 
3.8025025025025023  0.014712010299942123 
3.8051051051051052  0.014380325954537367 
3.8077077077077077  0.014032490304408968 
3.81031031031031  0.013669026301541602 
3.812912912912913  0.01329073214002843 
3.815515515515515  0.012898664938953279 
3.818118118118118  0.01249411997791566 
3.820720720720721  0.012078606236705787 
3.823323323323323  0.011653819029855248 
3.825925925925926  0.01122161053478703 
3.8285285285285284  0.010783958992113584 
3.831131131131131  0.010342937312252673 
3.833733733733734  0.009900681758465925 
3.8363363363363363  0.009459361297484762 
3.838938938938939  0.009021148119922828 
3.8415415415415417  0.008588189738387961 
3.844144144144144  0.008162582975929153 
3.8467467467467467  0.007746350065118754 
3.8493493493493496  0.007341416992034645 
3.8519519519519516  0.006949594142490709 
3.8545545545545545  0.006572559242265487 
3.857157157157157  0.006211842530438097 
3.8597597597597595  0.005868814066245269 
3.8623623623623624  0.005544673045606346 
3.864964964964965  0.00524043899344013 
3.8675675675675674  0.0049569447014420134 
3.8701701701701703  0.004694830796810308 
3.8727727727727728  0.004454541853710667 
3.8753753753753752  0.0042363239937268345 
3.877977977977978  0.004040223961422869 
3.8805805805805806  0.00386608970330413 
3.883183183183183  0.0037135725195678276 
3.885785785785786  0.003582130894602839 
3.888388388388388  0.003471036140843713 
3.890990990990991  0.00337938000815753 
3.8935935935935935  0.003306084414761356 
3.896196196196196  0.003249913443672285 
3.898798798798799  0.003209487719660676 
3.9014014014014013  0.003183301235318424 
3.904004004004004  0.0031697406319439584 
3.9066066066066067  0.003167106863327919 
3.9092092092092092  0.00317363908110134 
3.9118118118118117  0.0031875404829353354 
3.914414414414414  0.0032070057642019706 
3.917017017017017  0.0032302497149298234 
3.9196196196196196  0.0032555364125172468 
3.922222222222222  0.0032812083821943624 
3.924824824824825  0.003305715036811301 
3.9274274274274275  0.003327639669693907 
3.93003003003003  0.0033457242626322822 
3.9326326326326324  0.0033588913879621916 
3.9352352352352353  0.0033662625302154523 
3.937837837837838  0.003367172228539176 
3.9404404404404403  0.0033611775441100516 
3.943043043043043  0.0033480624837635355 
3.9456456456456457  0.003327837157395442 
3.948248248248248  0.0033007316066821423 
3.9508508508508506  0.0032671844098247182 
3.9534534534534536  0.0032278263344085447 
3.956056056056056  0.003183459471033787 
3.9586586586586585  0.003135032427316022 
3.9612612612612614  0.00308361228898029 
3.963863863863864  0.003030354156782669 
3.9664664664664664  0.002976469140763343 
3.969069069069069  0.002923191734089282 
3.971671671671672  0.002871747496179514 
3.9742742742742743  0.0028233219491177308 
3.9768768768768767  0.0027790315341998553 
3.979479479479479  0.0027398973898204236 
3.982082082082082  0.002706822601898981 
3.9846846846846846  0.002680573448712083 
3.987287287287287  0.0026617650189782655 
3.98988988988989  0.0026508514313155576 
3.9924924924924925  0.002648120730755134 
3.995095095095095  0.002653694389595371 
3.9976976976976974  0.0026675312007579644 
4.0003003003003  0.002689435226490016 
4.002902902902903  0.0027190673574078905 
4.005505505505505  0.002755959949206605 
4.008108108108108  0.0027995339385769548 
4.010710710710711  0.0028491177967243007 
4.013313313313313  0.0029039676582125655 
4.015915915915915  0.0029632879637198524 
4.018518518518519  0.003026251976096521 
4.021121121121121  0.003092021567779242 
4.023723723723723  0.0031597657317190327 
4.026326326326327  0.003228677334923232 
4.028928928928929  0.0032979877108413676 
4.031531531531531  0.0033669787715334466 
4.034134134134134  0.0034349924103619714 
4.036736736736737  0.0035014370585266016 
4.039339339339339  0.0035657913519521064 
4.041941941941942  0.0036276049568466774 
4.044544544544545  0.0036864966907832887 
4.047147147147147  0.0037421501596116387 
4.04974974974975  0.003794307207107283 
4.052352352352353  0.0038427595422392186 
4.054954954954955  0.003887338966515911 
4.0575575575575575  0.003927906669293272 
4.0601601601601605  0.003964342090503573 
4.0627627627627625  0.003996531866434073 
4.065365365365365  0.00402435937363427 
4.067967967967968  0.004047695367809857 
4.07057057057057  0.004066390178209075 
4.073173173173173  0.004080267863677839 
4.075775775775776  0.0040891226651295015 
4.078378378378378  0.004092718002313545 
4.080980980980981  0.00409078816296761 
4.083583583583584  0.004083042722994146 
4.086186186186186  0.004069173621227886 
4.088788788788788  0.004048864696242513 
4.091391391391392  0.004021803380453306 
4.093993993993994  0.003987694143614341 
4.096596596596596  0.00394627318865505 
4.099199199199199  0.003897323832201382 
4.101801801801802  0.0038406919539225193 
4.104404404404404  0.003776300875919982 
4.107007007007007  0.0037041650374451214 
4.10960960960961  0.003624401861696622 
4.112212212212212  0.003537241269328303 
4.114814814814815  0.00344303237525132 
4.117417417417418  0.0033422470077344637 
4.12002002002002  0.003235479807014281 
4.122622622622623  0.0031234447891214942 
4.1252252252252255  0.0030069683933967918 
4.1278278278278275  0.00288697916302069 
4.1304304304304305  0.0027644943308170514 
4.133033033033033  0.002640603692116048 
4.135635635635635  0.002516451237913546 
4.138238238238238  0.0023932150913347186 
4.140840840840841  0.0022720863361300166 
4.143443443443443  0.0021542473465587905 
4.146046046046046  0.002040850223846835 
4.148648648648649  0.001932995916984586 
4.151251251251251  0.001831714557624985 
4.153853853853853  0.0017379474737998992 
4.156456456456457  0.0016525312692983567 
4.159059059059059  0.001576184269400158 
4.161661661661661  0.0015094955438714195 
4.164264264264265  0.0014529166291512908 
4.166866866866867  0.001406755987495226 
4.169469469469469  0.0013711761648700772 
4.172072072072072  0.0013461935442187012 
4.174674674674675  0.0013316805380572002 
4.177277277277277  0.0013273700250830106 
4.17987987987988  0.0013328618095306086 
4.182482482482483  0.0013476308686035782 
4.185085085085085  0.0013710371509555144 
4.187687687687688  0.0014023366958848106 
4.1902902902902905  0.0014406938562922624 
4.192892892892893  0.001485194425992045 
4.1954954954954955  0.0015348594911294992 
4.198098098098098  0.0015886598438686454 
4.2007007007007005  0.0016455308121049118 
4.203303303303303  0.0017043873700934129 
4.205905905905906  0.00176413940044666 
4.208508508508508  0.0018237069774073274 
4.211111111111111  0.001882035534705199 
4.213713713713714  0.0019381107693177523 
4.216316316316316  0.001990973116271874 
4.218918918918918  0.0020397316109169 
4.221521521521522  0.002083576935901594 
4.224124124124124  0.0021217934326640407 
4.226726726726726  0.0021537698439509155 
4.22932932932933  0.0021790085470045077 
4.231931931931932  0.00219713303865613 
4.234534534534534  0.0022078934453210654 
4.237137137137137  0.0022111698539717378 
4.23973973973974  0.0022069732951155224 
4.242342342342342  0.0021954442554586464 
4.244944944944945  0.0021768486553948936 
4.247547547547548  0.0021515712930738787 
4.25015015015015  0.0021201068302457646 
4.252752752752753  0.002083048472420099 
4.255355355355356  0.002041074573729562 
4.257957957957958  0.001994933471576867 
4.2605605605605605  0.0019454269238979387 
4.2631631631631635  0.0018933925790421287 
4.2657657657657655  0.0018396859515309326 
4.268368368368368  0.0017851624035224584 
4.270970970970971  0.0017306596396078002 
4.273573573573573  0.0016769812103818252 
4.276176176176176  0.001624881487818904 
4.278778778778779  0.0015750525236029043 
4.281381381381381  0.0015281131319862741 
4.283983983983984  0.0014846004542071833 
4.286586586586587  0.0014449641655353914 
4.289189189189189  0.0014095633828745992 
4.291791791791791  0.0013786662252239222 
4.294394394394395  0.0013524518761222207 
4.296996996996997  0.0013310149013836532 
4.299599599599599  0.0013143714916178104 
4.302202202202202  0.0013024672313306578 
4.304804804804805  0.0012951859481866192 
4.307407407407407  0.0012923591697057148 
4.31001001001001  0.0012937757116120677 
4.312612612612613  0.001299190942407519 
4.315215215215215  0.0013083353114775123 
4.317817817817818  0.001320921790937279 
4.320420420420421  0.0013366519612141037 
4.323023023023023  0.0013552205628424025 
4.325625625625626  0.001376318437226206 
4.3282282282282285  0.001399633881852844 
4.3308308308308305  0.001424852545112671 
4.3334334334334335  0.001451656077112531 
4.336036036036036  0.0014797198307166218 
4.338638638638638  0.0015087099672615218 
4.341241241241241  0.0015382803606742567 
4.343843843843844  0.001568069709912911 
4.346446446446446  0.0015976992618572004 
4.349049049049049  0.001626771515431671 
4.351651651651652  0.0016548702245883296 
4.354254254254254  0.0016815619457583799 
4.356856856856856  0.001706399288502069 
4.35945945945946  0.0017289259311554304 
4.362062062062062  0.0017486833616477634 
4.364664664664664  0.001765219202926113 
4.367267267267268  0.0017780968880623904 
4.36986986986987  0.0017869063672141159 
4.372472472472472  0.0017912754615379664 
4.375075075075075  0.0017908814313476317 
4.377677677677678  0.0017854622995654367 
4.38028028028028  0.001774827467894454 
4.382882882882883  0.001758867181910182 
4.385485485485486  0.001737560440976337 
4.388088088088088  0.0017109810069484766 
4.390690690690691  0.0016793012385332017 
4.3932932932932935  0.001642793561717624 
4.395895895895896  0.0016018294762574843 
4.3984984984984985  0.0015568760890742682 
4.401101101101101  0.0015084902529942117 
4.4037037037037035  0.001457310469433794 
4.406306306306306  0.0014040467829422485 
4.408908908908909  0.001349468951338083 
4.411511511511511  0.0012943932158775387 
4.414114114114114  0.0012396680208268793 
4.416716716716717  0.0011861590413196155 
4.419319319319319  0.0011347338736941868 
4.421921921921921  0.0010862467256085471 
4.424524524524525  0.001041523416639611 
4.427127127127127  0.0010013469666615596 
4.429729729729729  0.0009664440120135647 
4.432332332332333  0.0009374722511499423 
4.434934934934935  0.0009150090846058438 
4.437537537537537  0.0008995415807110692 
4.44014014014014  0.0008914578699141472 
4.442742742742743  0.0008910400475247873 
4.445345345345345  0.0008984586471386067 
4.447947947947948  0.0009137687343217288 
4.450550550550551  0.0009369076611124046 
4.453153153153153  0.0009676945149545628 
4.455755755755756  0.0010058312890040039 
4.458358358358359  0.0010509057924986043 
4.460960960960961  0.0011023963083749897 
4.4635635635635635  0.0011596779891856702 
4.4661661661661665  0.001222030960739979 
4.4687687687687685  0.0012886500754464155 
4.471371371371371  0.0013586562243887675 
4.473973973973974  0.001431109079663147 
4.476576576576576  0.001505021097954631 
4.479179179179179  0.0015793725747187415 
4.481781781781782  0.0016531274979727005 
4.484384384384384  0.0017252499140625538 
4.486986986986987  0.001794720487301448 
4.48958958958959  0.0018605529133052705 
4.492192192192192  0.0019218098340423881 
4.494794794794794  0.0019776179023899003 
4.497397397397398  0.002027181656061354 
4.5  0.0020697958851577953 
