1.5  2.038333366550114e-18 
1.5065065065065064  3.974664654410603e-18 
1.513013013013013  7.699382229112258e-18 
1.5195195195195195  1.481645957427006e-17 
1.526026026026026  2.832496675420395e-17 
1.5325325325325325  5.379404508559121e-17 
1.539039039039039  1.0149448178557049e-16 
1.5455455455455456  1.9023827652194464e-16 
1.552052052052052  3.542457452272576e-16 
1.5585585585585586  6.553403333492092e-16 
1.565065065065065  1.2044510401840192e-15 
1.5715715715715715  2.1992577653771025e-15 
1.578078078078078  3.989632004909307e-15 
1.5845845845845845  7.190590094189219e-15 
1.5910910910910911  1.2875875422615177e-14 
1.5975975975975976  2.290737866961673e-14 
1.6041041041041042  4.049175376528276e-14 
1.6106106106106106  7.111428371975712e-14 
1.617117117117117  1.2409463155944474e-13 
1.6236236236236237  2.1516035216285941e-13 
1.63013013013013  3.7067403592328276e-13 
1.6366366366366367  6.345278806541256e-13 
1.6431431431431431  1.079310068902972e-12 
1.6496496496496496  1.82426317288867e-12 
1.6561561561561562  3.063964211797538e-12 
1.6626626626626626  5.113808369326131e-12 
1.6691691691691692  8.481640328660834e-12 
1.6756756756756757  1.3979782982457372e-11 
1.6821821821821823  2.2899035108708495e-11 
1.6886886886886887  3.7277054104087276e-11 
1.6951951951951951  6.030947961869007e-11 
1.7017017017017018  9.697540475669364e-11 
1.7082082082082082  1.5498245900447502e-10 
1.7147147147147148  2.461851189634277e-10 
1.7212212212212212  3.88698797127168e-10 
1.7277277277277276  6.100297901451248e-10 
1.7342342342342343  9.516781105719958e-10 
1.7407407407407407  1.4758610418764714e-09 
1.7472472472472473  2.275269110248195e-09 
1.7537537537537538  3.4871282212533292e-09 
1.7602602602602602  5.313334690305955e-09 
1.7667667667667668  8.049095950633671e-09 
1.7732732732732732  1.2123402585225656e-08 
1.7797797797797799  1.815584478604836e-08 
1.7862862862862863  2.7035852960271287e-08 
1.7927927927927927  4.0032492238908755e-08 
1.7992992992992993  5.894560101637431e-08 
1.8058058058058057  8.631248674226098e-08 
1.8123123123123124  1.2568875818494306e-07 
1.8188188188188188  1.820273917290241e-07 
1.8253253253253252  2.6218703864368537e-07 
1.8318318318318318  3.7560914642930365e-07 
1.8383383383383383  5.352139779203005e-07 
1.844844844844845  7.585783668999028e-07 
1.8513513513513513  1.0694733465398035e-06 
1.8578578578578577  1.4998579016402774e-06 
1.8643643643643644  2.09244624960821e-06 
1.870870870870871  2.9039903800348693e-06 
1.8773773773773774  4.009447071757452e-06 
1.8838838838838838  5.507229055815647e-06 
1.8903903903903903  7.525772934527035e-06 
1.896896896896897  1.0231691092165885e-05 
1.9034034034034035  1.3839809911069049e-05 
1.90990990990991  1.8625430405552533e-05 
1.9164164164164164  2.4939177595488547e-05 
1.922922922922923  3.3224828618157195e-05 
1.9294294294294294  4.404052311289634e-05 
1.935935935935936  5.808375854580197e-05 
1.9424424424424425  7.622055302018055e-05 
1.9489489489489489  9.951911343791132e-05 
1.9554554554554555  0.00012928827209649464 
1.961961961961962  0.00016712084446000858 
1.9684684684684686  0.00021494190994537013 
1.974974974974975  0.00027506182211876516 
1.9814814814814814  0.00035023351226990415 
1.987987987987988  0.0004437133607024192 
1.9944944944944945  0.0005593245758953883 
2.001001001001001  0.0007015216490995835 
2.0075075075075075  0.0008754540511105518 
2.014014014014014  0.0010870269234860917 
2.0205205205205203  0.0013429561074469612 
2.027027027027027  0.0016508144735485708 
2.0335335335335336  0.0020190661911213084 
2.04004004004004  0.0024570853383916354 
2.0465465465465464  0.002975155133367449 
2.053053053053053  0.003584444092704394 
2.0595595595595597  0.004296955628793503 
2.066066066066066  0.005125447996910767 
2.0725725725725725  0.006083322119334357 
2.079079079079079  0.007184475646475844 
2.0855855855855854  0.008443122658535274 
2.0920920920920922  0.009873579643238687 
2.0985985985985987  0.011490019769398884 
2.105105105105105  0.013306198961375176 
2.1116116116116115  0.015335158801792703 
2.118118118118118  0.017588912774231098 
2.1246246246246248  0.020078123722023014 
2.131131131131131  0.02281178155938384 
2.1376376376376376  0.025796891145294123 
2.144144144144144  0.029038180745965234 
2.1506506506506504  0.032537841609782826 
2.1571571571571573  0.03629530882028461 
2.1636636636636637  0.04030709276270578 
2.17017017017017  0.044566669249201864 
2.1766766766766765  0.04906443463591014 
2.183183183183183  0.05378773019731205 
2.18968968968969  0.058720937689404513 
2.196196196196196  0.06384564554170165 
2.2027027027027026  0.06914088259042829 
2.209209209209209  0.07458341382784271 
2.2157157157157155  0.0801480904188547 
2.2222222222222223  0.08580824433801273 
2.2287287287287287  0.09153611650083641 
2.235235235235235  0.09730330627165992 
2.241741741741742  0.10308122976453667 
2.248248248248248  0.10884157442162674 
2.254754754754755  0.11455673793063612 
2.2612612612612613  0.12020024057600256 
2.2677677677677677  0.12574710153007698 
2.2742742742742745  0.1311741712844625 
2.2807807807807805  0.13646041429164382 
2.2872872872872874  0.14158713782372934 
2.293793793793794  0.14653816495462885 
2.3003003003003  0.1512999513427153 
2.306806806806807  0.15586164705951083 
2.3133133133133135  0.1602151060249486 
2.31981981981982  0.16435484664432132 
2.3263263263263263  0.1682779679931952 
2.3328328328328327  0.17198402638349344 
2.3393393393393396  0.1754748774037841 
2.345845845845846  0.17875448860960036 
2.3523523523523524  0.18182872800193264 
2.358858858858859  0.1847051333308069 
2.3653653653653652  0.18739266714680095 
2.371871871871872  0.18990146243596803 
2.3783783783783785  0.19224256363674216 
2.384884884884885  0.19442766785712282 
2.3913913913913913  0.19646887117418976 
2.3978978978978978  0.19837842497637773 
2.4044044044044046  0.2001685073585625 
2.410910910910911  0.20185101454883628 
2.4174174174174174  0.2034373771786605 
2.423923923923924  0.20493840585378814 
2.4304304304304303  0.20636416990122874 
2.436936936936937  0.20772391233344936 
2.4434434434434436  0.20902600298227217 
2.44994994994995  0.21027793043333867 
2.4564564564564564  0.21148633188424554 
2.462962962962963  0.21265705842617172 
2.4694694694694697  0.2137952715996426 
2.475975975975976  0.21490556550341572 
2.4824824824824825  0.21599210734956814 
2.488988988988989  0.2170587882628299 
2.4954954954954953  0.21810937540994857 
2.502002002002002  0.21914765628646155 
2.5085085085085086  0.22017756622610535 
2.515015015015015  0.22120329094171867 
2.5215215215215214  0.22222933713013565 
2.528028028028028  0.2232605658170519 
2.5345345345345347  0.22430218509065666 
2.541041041041041  0.22535970106034373 
2.5475475475475475  0.22643882814909902 
2.554054054054054  0.22754536204954579 
2.5605605605605604  0.22868502071312144 
2.567067067067067  0.22986326048238429 
2.5735735735735736  0.23108507582337043 
2.58008008008008  0.23235479200160836 
2.5865865865865865  0.233675860437004 
2.593093093093093  0.23505066636666674 
2.5995995995995997  0.23648035786854926 
2.606106106106106  0.2379647043062704 
2.6126126126126126  0.23950199092066587 
2.6191191191191194  0.24108895470355288 
2.6256256256256254  0.24272076493735495 
2.6321321321321323  0.2443910499631995 
2.6386386386386387  0.2460919699363595 
2.645145145145145  0.24781433361719013 
2.651651651651652  0.24954775569043086 
2.658158158158158  0.25128084975373427 
2.664664664664665  0.2530014510010992 
2.671171171171171  0.254696861768784 
2.6776776776776776  0.2563541125197411 
2.6841841841841845  0.2579602305175783 
2.6906906906906904  0.2595025083761638 
2.6971971971971973  0.26096876485421083 
2.7037037037037037  0.26234759067984537 
2.71021021021021  0.26362857281924645 
2.716716716716717  0.2648024914234461 
2.723223223223223  0.2658614846730514 
2.72972972972973  0.26679917786219887 
2.7362362362362362  0.26761077428747376 
2.7427427427427427  0.2682931067972719 
2.7492492492492495  0.26884465017107384 
2.7557557557557555  0.26926549579257514 
2.7622622622622623  0.26955729131007505 
2.7687687687687688  0.2697231490968622 
2.775275275275275  0.2697675282903274 
2.781781781781782  0.2696960959627158 
2.788288288288288  0.2695155735260623 
2.794794794794795  0.26923357477500254 
2.8013013013013013  0.2688584420092188 
2.8078078078078077  0.26839908644854354 
2.8143143143143146  0.2678648386660365 
2.8208208208208205  0.2672653140364908 
2.8273273273273274  0.2666102972597697 
2.833833833833834  0.2659096489098248 
2.84034034034034  0.2651732357290584 
2.846846846846847  0.2644108850885333 
2.853353353353353  0.26363236272617946 
2.85985985985986  0.2628473716182583 
2.8663663663663663  0.26206556869437325 
2.8728728728728727  0.26129659512968917 
2.8793793793793796  0.26055011519088744 
2.8858858858858856  0.25983585811707927 
2.8923923923923924  0.2591636573143656 
2.898898898898899  0.2585434812517086 
2.9054054054054053  0.25798545086933355 
2.911911911911912  0.25749983903689627 
2.918418418418418  0.25709704859812493 
2.924924924924925  0.2567875667673888 
2.9314314314314314  0.2565818950419268 
2.937937937937938  0.2564904552900705 
2.9444444444444446  0.25652347418958465 
2.9509509509509506  0.2566908496355125 
2.9574574574574575  0.25700200402705864 
2.963963963963964  0.2574657303969659 
2.9704704704704703  0.25809003809327485 
2.976976976976977  0.25888200510717646 
2.9834834834834836  0.2598476441267047 
2.98998998998999  0.2609917889734134 
2.9964964964964964  0.26231800726271426 
3.003003003003003  0.2638285439604738 
3.0095095095095097  0.2655242990548361 
3.016016016016016  0.2674048409118083 
3.0225225225225225  0.269468455139693 
3.029029029029029  0.27171222706371356 
3.0355355355355353  0.2741321543216603 
3.042042042042042  0.2767232847385768 
3.0485485485485486  0.2794798736116351 
3.055055055055055  0.28239555389855764 
3.0615615615615615  0.2854635125880239 
3.068068068068068  0.288676666737837 
3.0745745745745747  0.29202783326288184 
3.081081081081081  0.2955098874745432 
3.0875875875875876  0.2991159065257206 
3.094094094094094  0.3028392951923626 
3.1006006006006004  0.3066738927069337 
3.1071071071071072  0.3106140605386764 
3.1136136136136137  0.31465475198897624 
3.12012012012012  0.3187915651617062 
3.126626626626627  0.32302078123043554 
3.133133133133133  0.32733938994567374 
3.1396396396396398  0.33174510402931184 
3.146146146146146  0.3362363635477231 
3.1526526526526526  0.3408123306247274 
3.1591591591591595  0.3454728740549007 
3.1656656656656654  0.35021854261987906 
3.1721721721721723  0.35505052530559894 
3.1786786786786787  0.35997059626365824 
3.185185185185185  0.3649810423278784 
3.191691691691692  0.37008457122916516 
3.198198198198198  0.3752841993529863 
3.204704704704705  0.38058311892181845 
3.2112112112112112  0.385984545791823 
3.2177177177177176  0.3914915505311256 
3.2242242242242245  0.39710687697678426 
3.2307307307307305  0.40283275391829493 
3.2372372372372373  0.40867070679599377 
3.2437437437437437  0.4146213772135959 
3.25025025025025  0.42068435854754793 
3.256756756756757  0.4268580559237109 
3.263263263263263  0.43313957829371075 
3.26976976976977  0.43952466928642653 
3.2762762762762763  0.44600768198244034 
3.2827827827827827  0.45258160084394056 
3.2892892892892895  0.45923811184225877 
3.2957957957957955  0.4659677194948562 
3.3023023023023024  0.47275990719835614 
3.308808808808809  0.4796033350704903 
3.315315315315315  0.4864860676288094 
3.321821821821822  0.49339582215342215 
3.328328328328328  0.5003202275952775 
3.334834834834835  0.5072470834556643 
3.3413413413413413  0.514164608196208 
3.3478478478478477  0.5210616674235823 
3.3543543543543546  0.5279279732761651 
3.3608608608608606  0.5347542480376821 
3.3673673673673674  0.5415323469080854 
3.373873873873874  0.5482553369512909 
3.3803803803803802  0.554917531383568 
3.386886886886887  0.5615144804372165 
3.393393393393393  0.5680429219152165 
3.3998998998999  0.5745006961446688 
3.4064064064064064  0.5808866312657142 
3.4129129129129128  0.5872004056104914 
3.4194194194194196  0.5934423943163387 
3.4259259259259256  0.5996135072906775 
3.4324324324324325  0.6057150252384756 
3.438938938938939  0.6117484397388773 
3.4454454454454453  0.6177153023911877 
3.451951951951952  0.6236170869300699 
3.458458458458458  0.6294550670261971 
3.464964964964965  0.635230211328981 
3.4714714714714714  0.6409430962512576 
3.477977977977978  0.6465938361045869 
3.4844844844844847  0.6521820295147499 
3.490990990990991  0.6577067206037958 
3.4974974974974975  0.6631663732221371 
3.504004004004004  0.668558856535385 
3.5105105105105103  0.6738814404807749 
3.517017017017017  0.6791307999607263 
3.5235235235235236  0.6843030270764653 
3.53003003003003  0.6893936511629749 
3.5365365365365364  0.6943976668042421 
3.543043043043043  0.6993095703308831 
3.5495495495495497  0.70412340548503 
3.556056056056056  0.7088328189475431 
3.5625625625625625  0.7134311262464572 
3.569069069069069  0.7179113882041358 
3.5755755755755754  0.7222664975545848 
3.5820820820820822  0.7264892747073548 
3.5885885885885886  0.730572570900812 
3.595095095095095  0.7345093762340121 
3.6016016016016015  0.7382929293598314 
3.608108108108108  0.7419168250270336 
3.6146146146146148  0.745375115238798 
3.621121121121121  0.7486623996007843 
3.6276276276276276  0.7517739005025831 
3.634134134134134  0.7547055191313727 
3.6406406406406404  0.7574538689571123 
3.6471471471471473  0.760016284231586 
3.6536536536536537  0.7623908021674939 
3.66016016016016  0.7645761187455168 
3.6666666666666665  0.7665715194605314 
3.673173173173173  0.7683767876746286 
3.67967967967968  0.7699920945044282 
3.686186186186186  0.7714178752442218 
3.6926926926926926  0.7726546981390633 
3.699199199199199  0.773703131811762 
3.705705705705706  0.7745636177777369 
3.7122122122122123  0.7752363542408827 
3.7187187187187187  0.7757211967686882 
3.725225225225225  0.7760175805387941 
3.7317317317317316  0.7761244677006334 
3.7382382382382384  0.7760403220889329 
3.744744744744745  0.7757631121569369 
3.7512512512512513  0.7752903416641351 
3.7577577577577577  0.7746191064468094 
3.764264264264264  0.773746174595044 
3.770770770770771  0.7726680866116952 
3.7772772772772774  0.7713812716622653 
3.7837837837837838  0.7698821758401215 
3.79029029029029  0.7681673984378035 
3.7967967967967966  0.7662338324805851 
3.8033033033033035  0.7640788061727879 
3.80980980980981  0.7617002223514463 
3.8163163163163163  0.759096693457876 
3.8228228228228227  0.7562676698564231 
3.829329329329329  0.7532135595015079 
3.835835835835836  0.7499358369508499 
3.8423423423423424  0.7464371395480879 
3.848848848848849  0.7427213482799516 
3.8553553553553552  0.7387936504085041 
3.8618618618618616  0.7346605805641911 
3.8683683683683685  0.7303300366483101 
3.874874874874875  0.7258112667278526 
3.8813813813813813  0.7211148231946735 
3.8878878878878878  0.7162524808748713 
3.894394394394394  0.7112371165560329 
3.900900900900901  0.7060825485616562 
3.9074074074074074  0.7008033365221561 
3.913913913913914  0.6954145433121075 
3.9204204204204203  0.689931463153733 
3.9269269269269267  0.6843693220101695 
3.9334334334334335  0.6787429584716898 
3.93993993993994  0.6730664952280042 
3.9464464464464464  0.6673530127750061 
3.952952952952953  0.661614238090286 
3.9594594594594597  0.6558602615181144 
3.965965965965966  0.6500992949479996 
3.9724724724724725  0.6443374835088133 
3.978978978978979  0.638578781428642 
3.9854854854854853  0.6328249004712225 
3.991991991991992  0.6270753365354628 
3.9984984984984986  0.6213274767189072 
4.005005005005005  0.6155767855552158 
4.011511511511511  0.6098170654214138 
4.018018018018018  0.6040407824707448 
4.024524524524525  0.5982394460835678 
4.031031031031031  0.592404026936822 
4.0375375375375375  0.5865253965491263 
4.044044044044044  0.5805947697098115 
4.05055055055055  0.5746041306519032 
4.057057057057057  0.5685466242412579 
4.063563563563564  0.5624168948296183 
4.07007007007007  0.5562113577093115 
4.076576576576576  0.5499283912047973 
4.083083083083083  0.5435684411857237 
4.08958958958959  0.5371340339898651 
4.096096096096096  0.5306296981734085 
4.102602602602603  0.5240617999152806 
4.109109109109109  0.5174383010439862 
4.115615615615615  0.5107684522974775 
4.122122122122122  0.5040624373658624 
4.128628628628629  0.4973309853433107 
4.135135135135135  0.4905849703240718 
4.141641641641641  0.4838350169730766 
4.148148148148148  0.4770911300025452 
4.154654654654655  0.4703623636726718 
4.161161161161161  0.46365654484086827 
4.167667667667668  0.4569800598899647 
4.1741741741741745  0.45033771228047703 
4.18068068068068  0.4437326537211874 
4.187187187187187  0.4371663882604189 
4.193693693693694  0.43063884517613793 
4.2002002002002  0.4241485135649333 
4.206706706706706  0.4176926291370787 
4.213213213213214  0.41126740200754697 
4.21971971971972  0.40486827327275454 
4.226226226226226  0.3984901878702063 
4.232732732732733  0.3921278715807999 
4.2392392392392395  0.3857761009607562 
4.2457457457457455  0.37942995636510707 
4.252252252252252  0.3730850499158629 
4.258758758758759  0.3667377221379363 
4.265265265265265  0.3603852029053756 
4.271771771771771  0.354025734194346 
4.278278278278279  0.3476586538346666 
4.284784784784785  0.34128444092153754 
4.291291291291291  0.33490472475383076 
4.297797797797798  0.32852226009087415 
4.3043043043043046  0.3221408721756422 
4.3108108108108105  0.31576537538555594 
4.317317317317317  0.30940146958265824 
4.323823823823824  0.3030556182887195 
4.33033033033033  0.29673491275462055 
4.336836836836836  0.29044692587032916 
4.343343343343344  0.2841995597068104 
4.34984984984985  0.27800089031960223 
4.356356356356356  0.2718590132895294 
4.362862862862863  0.2657818933329532 
4.36936936936937  0.25977722117568575 
4.375875875875876  0.2538522807388556 
4.382382382382382  0.24801382951373774 
4.388888888888889  0.2422679947870125 
4.395395395395395  0.23662018809983834 
4.401901901901901  0.23107503996921114 
4.408408408408409  0.22563635645887287 
4.414914914914915  0.22030709865760306 
4.421421421421421  0.21508938550993298 
4.427927927927928  0.20998451976158866 
4.434434434434435  0.20499303604927874 
4.440940940940941  0.20011476940888082 
4.4474474474474475  0.19534894172916725 
4.453953953953954  0.19069426297539555 
4.46046046046046  0.18614904338437718 
4.466966966966967  0.1817113123260776 
4.473473473473474  0.17737893916851127 
4.47997997997998  0.17314975130013055 
4.486486486486486  0.169021644477127 
4.492992992992993  0.164992680883134 
4.4994994994995  0.16106117071698267 
4.506006006006006  0.15722573375057156 
4.5125125125125125  0.1534853381032369 
4.519019019019019  0.1498393144302769 
4.525525525525525  0.14628734478196329 
4.532032032032032  0.14282942650846422 
4.538538538538539  0.13946581271415806 
4.545045045045045  0.1361969318481843 
4.551551551551551  0.13302329000433738 
4.558058058058058  0.12994536034381376 
4.564564564564565  0.12696346470696485 
4.571071071071071  0.1240776529123068 
4.5775775775775776  0.12128758543044536 
4.584084084084084  0.11859242505753079 
4.59059059059059  0.1159907428997878 
4.597097097097097  0.11348044343245813 
4.603603603603604  0.11105871263896126 
4.61011011011011  0.10872199230475531 
4.616616616616616  0.10646598247816794 
4.623123123123123  0.1042856729652177 
4.62962962962963  0.10217540354760121 
4.636136136136136  0.10012895145269485 
4.642642642642643  0.09813964350949125 
4.6491491491491495  0.09620048943806517 
4.655655655655655  0.09430433187959558 
4.662162162162162  0.0924440081090094 
4.668668668668669  0.09061251790481764 
4.675175175175175  0.08880319179417745 
4.681681681681681  0.08700985385109075 
4.688188188188188  0.08522697339949468 
4.694694694694695  0.08344980035111499 
4.701201201201201  0.08167447947433505 
4.707707707707708  0.07989813962293452 
4.7142142142142145  0.07811895482560204 
4.7207207207207205  0.0763361751174904 
4.727227227227227  0.07455012604925697 
4.733733733733734  0.07276217689987582 
4.74024024024024  0.07097467870822452 
4.746746746746746  0.06919087428556439 
4.753253253253254  0.06741478333762739 
4.75975975975976  0.06565106667410266 
4.766266266266266  0.063904874181289 
4.772772772772773  0.06218168175194504 
4.7792792792792795  0.06048712268287526 
4.7857857857857855  0.05882681915146173 
4.792292292292292  0.05720621926224529 
4.798798798798799  0.05563044481874622 
4.805305305305305  0.054104154439092035 
4.811811811811811  0.05263142592165324 
4.818318318318319  0.051215660912537604 
4.824824824824825  0.049859513971552194 
4.831331331331331  0.04856484712326804 
4.837837837837838  0.04733270996396693 
4.844344344344345  0.046163344422020997 
4.8508508508508505  0.045056212384171374 
4.857357357357357  0.04401004364291278 
4.863863863863864  0.04302290102226894 
4.87037037037037  0.0420922591221809 
4.876876876876876  0.04121509289601808 
4.883383383383384  0.040387972240290566 
4.88988988988989  0.03960715891847819 
4.896396396396396  0.03886870244017855 
4.902902902902903  0.03816853194272756 
4.90940940940941  0.037502541639793704 
4.915915915915916  0.03686666797203473 
4.9224224224224224  0.03625695718056929 
4.928928928928929  0.03566962258919997 
4.935435435435435  0.03510109139541531 
4.941941941941941  0.0345480412094081 
4.948448448448449  0.03400742692877402 
4.954954954954955  0.03347649878678333 
4.961461461461461  0.0329528125648798 
4.967967967967968  0.03243423302340532 
4.974474474474475  0.03191893159232117 
4.980980980980981  0.031405379293855194 
4.9874874874874875  0.030892335761419913 
4.993993993993994  0.030378835093754008 
5.0005005005005  0.02986416915808149 
5.007007007007007  0.02934786884586025 
5.013513513513514  0.028829683699709147 
5.02002002002002  0.02830956027573101 
5.026526526526526  0.027787619582158432 
5.033033033033033  0.027264133939059663 
5.03953953953954  0.02673950362727992 
5.046046046046046  0.026214233728014603 
5.0525525525525525  0.025688911586590465 
5.059059059059059  0.025164185354646297 
5.065565565565565  0.024640744064975944 
5.072072072072072  0.024119299666351846 
5.078578578578579  0.02360057138837756 
5.085085085085085  0.023085272718977264 
5.091591591591591  0.022574101163125953 
5.098098098098098  0.022067730817474627 
5.104604604604605  0.02156680765068089 
5.111111111111111  0.02107194723410807 
5.117617617617618  0.02058373453329509 
5.124124124124124  0.020102725258058122 
5.13063063063063  0.019629448187758587 
5.137137137137137  0.01916440784558983 
5.143643643643644  0.01870808689638387 
5.15015015015015  0.01826094768797347 
5.156656656656656  0.017823432444833802 
5.163163163163163  0.01739596174959892 
5.16966966966967  0.016978931105187008 
5.176176176176176  0.016572705547330417 
5.182682682682683  0.016177612462183168 
5.1891891891891895  0.015793932943294335 
5.1956956956956954  0.015421892183431792 
5.202202202202202  0.015061649527221655 
5.208708708708709  0.014713288899740754 
5.215215215215215  0.01437681036600309 
5.221721721721721  0.01405212356188191 
5.228228228228229  0.01373904366719504 
5.234734734734735  0.013437290469197418 
5.241241241241241  0.013146490896171531 
5.247747747747748  0.012866185196391251 
5.2542542542542545  0.012595836710657313 
5.2607607607607605  0.012334844952259873 
5.267267267267267  0.01208256148314968 
5.273773773773774  0.011838307875800964 
5.28028028028028  0.011601394891974324 
5.286786786786786  0.011371141905115347 
5.293293293293294  0.0111468955516881 
5.2997997997998  0.0109280466231991 
5.306306306306306  0.010714044304929305 
5.312812812812813  0.01050440702428541 
5.31931931931932  0.010298729381145774 
5.3258258258258255  0.01009668488033554 
5.332332332332332  0.009898024454910864 
5.338838838838839  0.009702571038856918 
5.345345345345345  0.009510210699305239 
5.351851851851851  0.009320881052862039 
5.358358358358359  0.009134557852249842 
5.364864864864865  0.008951240726418366 
5.371371371371371  0.008770939082869892 
5.377877877877878  0.00859365913413903 
5.384384384384385  0.008419392895877176 
5.390890890890891  0.008248109831892014 
5.397397397397397  0.008079751606308715 
5.403903903903904  0.007914230162448908 
5.41041041041041  0.007751429101376182 
5.416916916916916  0.007591208099560076 
5.423423423423424  0.007433409902224166 
5.42992992992993  0.0072778692709134386 
5.436436436436436  0.007124423160498255 
5.442942942942943  0.0069729213570041875 
5.44944944944945  0.006823236822795482 
5.455955955955956  0.006675275064222438 
5.4624624624624625  0.006528981949113564 
5.468968968968969  0.006384349544593079 
5.475475475475475  0.006241419705074002 
5.481981981981982  0.006100285301141229 
5.488488488488489  0.0059610891288382414 
5.494994994994995  0.0058240206645163144 
5.501501501501502  0.005689310925175365 
5.508008008008008  0.00555722575430969 
5.514514514514515  0.005428057878831559 
5.521021021021021  0.005302118077494996 
5.5275275275275275  0.005179725772118519 
5.534034034034034  0.00506119930849899 
5.54054054054054  0.004946846143706498 
5.547047047047047  0.004836953109571328 
5.553553553553553  0.00473177688629784 
5.56006006006006  0.004631534800639109 
5.566566566566567  0.00453639606245691 
5.573073073073073  0.0044464735712067905 
5.57957957957958  0.004361816456431089 
5.586086086086086  0.004282403557756611 
5.592592592592593  0.004208138092514783 
5.599099099099099  0.004138843794484392 
5.605605605605605  0.004074262827187581 
5.612112112112112  0.004014055772647109 
5.618618618618618  0.00395780396659374 
5.625125125125125  0.0039050143915434765 
5.631631631631632  0.00385512725072619 
5.638138138138138  0.003807526232387367 
5.644644644644645  0.0037615513421415774 
5.651151151151151  0.003716514039692317 
5.657657657657658  0.0036717142756530112 
5.6641641641641645  0.0036264588952293845 
5.67067067067067  0.003580080768511352 
5.677177177177177  0.0035319579310361666 
5.683683683683683  0.003481531979889456 
5.69019019019019  0.0034283249738841265 
5.696696696696697  0.0033719541321495607 
5.703203203203203  0.0033121437114462977 
5.70970970970971  0.0032487335634183642 
5.716216216216216  0.0031816840210568452 
5.722722722722723  0.003111076929337989 
5.7292292292292295  0.003037112807798184 
5.7357357357357355  0.0029601043020768343 
5.742242242242242  0.00288046623726807 
5.748748748748748  0.002798702719779894 
5.755255255255255  0.002715391839805945 
5.761761761761762  0.0026311685993264202 
5.768268268268268  0.002546706729101824 
5.774774774774775  0.0024627000631271974 
5.781281281281281  0.002379844113288969 
5.787787787787788  0.0022988184349821425 
5.7942942942942945  0.00222027030178323 
5.8008008008008005  0.002144800120052897 
5.807307307307307  0.0020729489186657353 
5.813813813813813  0.002005188150544691 
5.82032032032032  0.0019419119460818137 
5.826826826826827  0.0018834318675587597 
5.833333333333333  0.001829974130913332 
5.83983983983984  0.001781679188146464 
5.846346346346346  0.001738603500959498 
5.852852852852853  0.0017007232838555726 
5.85935935935936  0.0016679399525868352 
5.865865865865866  0.0016400869810531042 
5.872372372372372  0.0016169378462654671 
5.878878878878879  0.001598214726753621 
5.885385385385385  0.0015835976150963427 
5.891891891891892  0.0015727335106059145 
5.898398398398398  0.0015652453742046842 
5.904904904904905  0.001560740554675468 
5.911411411411412  0.0015588184338634022 
5.917917917917918  0.001559077087575433 
5.924424424424425  0.001561118817607203 
5.930930930930931  0.00156455447638848 
5.9374374374374375  0.0015690065761621327 
5.943943943943944  0.0015741112456227726 
5.95045045045045  0.0015795191642320996 
5.956956956956957  0.0015848956634831265 
5.963463463463463  0.0015899202308668615 
5.96996996996997  0.0015942856824563332 
5.976476476476477  0.0015976972811004378 
5.982982982982983  0.0015998720677646344 
5.98948948948949  0.0016005386436561567 
5.995995995995996  0.0015994375921507711 
6.0025025025025025  0.0015963226654937717 
6.009009009009009  0.001590962786443701 
6.015515515515515  0.0015831448351467073 
6.022022022022022  0.001572677112819226 
6.028528528528528  0.001559393302564264 
6.035035035035035  0.0015431566896378043 
6.041541541541542  0.001523864363492959 
6.048048048048048  0.0015014511053014301 
6.054554554554555  0.0014758926689901297 
6.061061061061061  0.0014472081908604429 
6.0675675675675675  0.0014154615104448078 
6.074074074074074  0.0013807612496024113 
6.08058058058058  0.0013432595728352806 
6.087087087087087  0.0013031496334206302 
6.093593593593593  0.0012606617908596345 
6.1001001001001  0.0012160587591905914 
6.106606606606607  0.0011696299074747546 
6.113113113113113  0.0011216849789534582 
6.11961961961962  0.001072547521184506 
6.126126126126126  0.0010225483247271383 
6.132632632632633  0.0009720191531625048 
6.1391391391391394  0.0009212870144579323 
6.145645645645645  0.0008706691762439807 
6.152152152152152  0.0008204690697449343 
6.158658658658658  0.000770973163678339 
6.165165165165165  0.0007224488252968956 
6.171671671671672  0.0006751431254528636 
6.178178178178178  0.0006292824920175337 
6.184684684684685  0.0005850730741649482 
6.191191191191191  0.0005427016508312134 
6.197697697697698  0.0005023369008719204 
6.2042042042042045  0.00046413084978929117 
6.2107107107107105  0.00042822031720676686 
6.217217217217217  0.00039472820865639057 
6.223723723723723  0.0003637645223864447 
6.23023023023023  0.00033542697427040485 
6.236736736736737  0.00030980117901386066 
6.243243243243243  0.00028696036144779374 
6.24974974974975  0.00026696460585690454 
6.256256256256256  0.00024985968254073504 
6.262762762762763  0.0002356755181008726 
6.2692692692692695  0.00022442439864613767 
6.2757757757757755  0.00021609901288129117 
6.282282282282282  0.00021067045478674268 
6.288788788788788  0.00020808631331816337 
6.295295295295295  0.00020826897930140422 
6.301801801801802  0.00021111429749318323 
6.308308308308308  0.000216490684602047 
6.314814814814815  0.00022423882187297232 
6.321321321321321  0.00023417201361575782 
6.327827827827828  0.00024607728088969647 
6.334334334334335  0.000259717232725645 
6.3408408408408405  0.0002748327263307265 
6.347347347347347  0.0002911462935832391 
6.353853853853853  0.00030836627506415404 
6.36036036036036  0.0003261915665300301 
6.366866866866867  0.00034431684805549513 
6.373373373373373  0.00036243813520335733 
6.37987987987988  0.0003802584667017103 
6.386386386386387  0.0003974935262705505 
6.392892892892893  0.0004138769891692413 
6.3993993993994  0.0004291653879422955 
6.405905905905906  0.00044314230726732074 
6.412412412412412  0.00045562174451825105 
6.418918918918919  0.00046645050958072715 
6.425425425425425  0.0004755095827173562 
6.431931931931932  0.00048271440028627605 
6.438438438438438  0.00048801409172584805 
6.444944944944945  0.0004913897439638483 
6.451451451451452  0.0004928518177618002 
6.457957957957958  0.0004924368811541546 
6.464464464464465  0.0004902038552707098 
6.470970970970971  0.00048622998535590095 
6.4774774774774775  0.000480606753554235 
6.483983983983984  0.0004734359398775139 
6.49049049049049  0.0004648260146150225 
6.496996996996997  0.00045488901118120005 
6.503503503503503  0.0004437379857323987 
6.51001001001001  0.00043148512214295467 
6.516516516516517  0.0004182404917551249 
6.523023023023023  0.0004041114303747023 
6.52952952952953  0.0003892024536647307 
6.536036036036036  0.0003736155992345373 
6.5425425425425425  0.0003574510614041058 
6.549049049049049  0.00034080797400483934 
6.555555555555555  0.0003237851978404476 
6.562062062062062  0.0003064819818092215 
6.568568568568568  0.000288998388567982 
6.575075075075075  0.0002714354047155014 
6.581581581581582  0.0002538946890617791 
6.588088088088088  0.00023647794770722202 
6.594594594594595  0.0002192859585234494 
6.601101101101101  0.0002024172976403323 
6.607607607607608  0.00018596684462515796 
6.614114114114114  0.00017002415973812026 
6.62062062062062  0.00015467183520946048 
6.627127127127127  0.00013998392285835456 
6.633633633633633  0.00012602453316190734 
6.64014014014014  0.00011284668722841434 
6.646646646646647  0.00010049148457668649 
6.653153153153153  8.898762795289625e-05 
6.65965965965966  7.835132347802914e-05 
6.666166166166166  6.858655197353109e-05 
6.672672672672673  5.968568690188323e-05 
6.6791791791791795  5.163041720626268e-05 
6.685685685685685  4.439292028324938e-05 
6.692192192192192  3.7937221819873396e-05 
6.698698698698698  3.222067533071767e-05 
6.705205205205205  2.719549466166716e-05 
6.711711711711712  2.281027693053375e-05 
6.718218218218218  1.9011460603909876e-05 
6.724724724724725  1.5744672808247934e-05 
6.731231231231231  1.295593065683431e-05 
6.737737737737738  1.0592672501021651e-05 
6.7442442442442445  8.604605840064086e-06 
6.7507507507507505  6.944368542797709e-06 
6.757257257257257  5.568008599211361e-06 
6.763763763763763  4.435294547896231e-06 
6.77027027027027  3.509873889918398e-06 
6.776776776776777  2.759300211305732e-06 
6.783283283283283  2.1549515163530637e-06 
6.78978978978979  1.6718626249981783e-06 
6.796296296296296  1.2884936634224679e-06 
6.802802802802803  9.864549549570903e-07 
6.8093093093093096  7.502062749404026e-07 
6.8158158158158155  5.667457255484045e-07 
6.822322322322322  4.253006392584491e-07 
6.828828828828828  3.1703011623098024e-07 
6.835335335335335  2.3474618135172379e-07 
6.841841841841842  1.7265820768169462e-07 
6.848348348348348  1.2614325192311154e-07 
6.854854854854855  9.154330781535266e-08 
6.861361361361361  6.598920169077395e-08 
6.867867867867868  4.724990727119214e-08 
6.874374374374375  3.3605407271494775e-08 
6.880880880880881  2.3740833023896325e-08 
6.887387387387387  1.665942294656431e-08 
6.893893893893894  1.1611810056385755e-08 
6.9004004004004  8.03923531619942e-09 
6.906906906906907  5.528450161050689e-09 
6.913413413413413  3.776286937703542e-09 
6.91991991991992  2.562115378801537e-09 
6.926426426426427  1.726647760287162e-09 
6.932932932932933  1.1557915581522679e-09 
6.93943943943944  7.684672904942724e-10 
6.945945945945946  5.075055691310403e-10 
6.9524524524524525  3.3290882297282075e-10 
6.958958958958959  2.1690942513723038e-10 
6.965465465465465  1.403782318011914e-10 
6.971971971971972  9.023789969316138e-11 
6.978478478478478  5.7616348453974164e-11 
6.984984984984985  3.6540099938875505e-11 
6.991491491491492  2.3017635821015936e-11 
6.997997997997998  1.4401855280463535e-11 
7.004504504504505  8.950405243774639e-12 
7.011011011011011  5.525012811963669e-12 
7.0175175175175175  3.3875837232179073e-12 
7.024024024024024  2.0630643968423192e-12 
7.03053053053053  1.2479620717966371e-12 
7.037037037037037  7.498177449913825e-13 
7.043543543543543  4.4748208220986163e-13 
7.05005005005005  2.652534792144797e-13 
7.056556556556557  1.5617515114203315e-13 
7.063063063063063  9.133307957034889e-14 
7.06956956956957  5.3052946679146425e-14 
7.076076076076076  3.060948987123242e-14 
7.0825825825825826  1.754154255721308e-14 
7.089089089089089  9.984918440017683e-15 
7.095595595595595  5.645290053754105e-15 
7.102102102102102  3.1702459136935952e-15 
7.108608608608608  1.7683350338924574e-15 
7.115115115115115  9.797178517375175e-16 
7.121621621621622  5.391409602003853e-16 
7.128128128128128  2.946920625870967e-16 
7.134634634634635  1.5999238968639863e-16 
7.141141141141141  8.627698544383466e-17 
7.147647647647648  4.621205977711123e-17 
7.1541541541541545  2.4585576521132964e-17 
7.16066066066066  1.299182476740819e-17 
7.167167167167167  6.8190610968589365e-18 
7.173673673673673  3.555033220877513e-18 
7.18018018018018  1.840888080274908e-18 
7.186686686686687  9.468381225137253e-19 
7.193193193193193  4.837140495342183e-19 
7.1996996996997  2.4545182957342437e-19 
7.206206206206206  1.2371103546739975e-19 
7.212712712712713  6.193201328016136e-20 
7.2192192192192195  3.079544859022347e-20 
7.2257257257257255  1.5209762916981832e-20 
7.232232232232232  7.461444643202894e-21 
7.238738738738738  3.635699323243262e-21 
7.245245245245245  1.7596145870320005e-21 
7.251751751751752  8.45885731526108e-22 
7.258258258258258  4.038967813738353e-22 
7.264764764764765  1.9155506012845916e-22 
7.271271271271271  9.023632616233055e-23 
7.277777777777778  4.222150587189621e-23 
7.2842842842842845  1.962232959849171e-23 
7.2907907907907905  9.057992263556273e-24 
7.297297297297297  4.153152265044022e-24 
7.303803803803803  1.8914213597407603e-24 
7.31031031031031  8.555851732500626e-25 
7.316816816816817  3.8441713192064277e-25 
7.323323323323323  1.7155632738286291e-25 
7.32982982982983  7.604580600327368e-26 
7.336336336336336  3.3481762658528003e-26 
7.342842842842843  1.464218460004529e-26 
7.34934934934935  6.360158802830504e-27 
7.3558558558558556  2.744066027706992e-27 
7.362362362362362  1.1759413727062264e-27 
7.368868868868868  5.0054289134779685e-28 
7.375375375375375  2.1162230457057775e-28 
7.381881881881882  8.88681407957755e-29 
7.388388388388388  3.7067667779711847e-29 
7.394894894894895  1.535709043449603e-29 
7.401401401401402  6.319564244297333e-30 
7.407907907907908  2.5830322944482928e-30 
7.414414414414415  1.0486656672721965e-30 
7.420920920920921  4.2287184826659694e-31 
7.4274274274274275  1.6937332310115566e-31 
7.433933933933934  6.738228790240733e-32 
7.44044044044044  2.662631141928932e-32 
7.446946946946947  1.0450589065159484e-32 
7.453453453453453  4.074131512505322e-33 
7.45995995995996  1.5775888420768325e-33 
7.466466466466467  6.067602434825281e-34 
7.472972972972973  2.317954552905522e-34 
7.47947947947948  8.795433008004946e-35 
7.485985985985986  3.314927556912644e-35 
7.4924924924924925  1.2409530969046728e-35 
7.498998998998999  4.6142508483096395e-36 
7.505505505505505  1.704164611093737e-36 
7.512012012012012  6.251531045555434e-37 
7.518518518518518  2.2778532957951008e-37 
7.525025025025025  8.243841170253296e-38 
7.531531531531532  2.963452629867077e-38 
7.538038038038038  1.0581101271331211e-38 
7.544544544544545  3.752565317014207e-39 
7.551051051051051  1.3218742945903657e-39 
7.5575575575575575  4.625051382969491e-40 
7.564064064064064  1.607338970016295e-40 
7.57057057057057  5.548337798478254e-41 
7.577077077077077  1.9023167058024891e-41 
7.583583583583583  6.478392504003948e-42 
7.59009009009009  2.1913724608554525e-42 
7.596596596596597  7.362573607132745e-43 
7.603103103103103  2.4570138653112614e-43 
7.60960960960961  8.144230794101689e-44 
7.616116116116116  2.6813718450453317e-44 
7.622622622622623  8.768564983132684e-45 
7.629129129129129  2.848160848510436e-45 
7.635635635635635  9.18893135142377e-46 
7.642142142142142  2.9446250966205115e-46 
7.648648648648648  9.372587827837276e-47 
7.655155155155155  2.963149310168435e-47 
7.661661661661662  9.304907496498909e-48 
7.668168168168168  2.9022518163785943e-48 
7.674674674674675  8.991302945845881e-49 
7.681181181181181  2.766780314574382e-49 
7.687687687687688  8.456511245774721e-50 
7.6941941941941945  2.567274409390578e-50 
7.7007007007007005  7.741370624130923e-51 
7.707207207207207  2.318611234399325e-51 
7.713713713713713  6.897671682400085e-52 
7.72022022022022  2.038175651751813e-52 
7.726726726726727  5.981983445031166e-53 
7.733233233233233  1.7438668086720347e-53 
7.73973973973974  5.0494714847988166e-54 
7.746246246246246  1.4522555456778772e-54 
7.752752752752753  4.148629683893984e-55 
7.7592592592592595  1.1771472831828283e-55 
7.7657657657657655  3.317580319853737e-56 
7.772272272272272  9.287024577210377e-57 
7.778778778778778  2.5822378992854395e-57 
7.785285285285285  7.131492245455686e-58 
7.791791791791792  1.9562713064315044e-58 
7.798298298298298  5.330184756369342e-59 
7.804804804804805  1.4425137056426915e-59 
7.811311311311311  3.8775922679536123e-60 
7.817817817817818  1.0353062613415964e-60 
7.824324324324325  2.745617584691284e-61 
7.8308308308308305  7.2322888335898995e-62 
7.837337337337337  1.8922389761665462e-62 
7.843843843843843  4.91745860569255e-63 
7.85035035035035  1.26931656880014e-63 
7.856856856856857  3.254345757786396e-64 
7.863363363363363  8.287469507693407e-65 
7.86986986986987  2.096257848559362e-65 
7.876376376376376  5.266619794400185e-66 
7.882882882882883  1.3142674130590505e-66 
7.88938938938939  3.257616978272244e-67 
7.895895895895896  8.020118904882683e-68 
7.902402402402402  1.9612190438518857e-68 
7.908908908908909  4.763606767231344e-69 
7.915415415415415  1.1492386219428288e-69 
7.921921921921922  2.75390547296877e-70 
7.928428428428428  6.554692958781361e-71 
7.934934934934935  1.5496020557927599e-71 
7.941441441441442  3.6387525447158447e-72 
7.947947947947948  8.486905525852758e-73 
7.954454454454455  1.9661231672505723e-73 
7.960960960960961  4.52414567744717e-74 
7.9674674674674675  1.0340152601569866e-74 
7.973973973973974  2.3473714756965917e-75 
7.98048048048048  5.2929916017978574e-76 
7.986986986986987  1.1854550585187081e-76 
7.993493493493493  2.6371418497401486e-77 
8.0  5.827018469290397e-78 
