1.5  3.3282764835932175e-20 
1.5065065065065064  7.014403295432536e-20 
1.513013013013013  1.4679071033142906e-19 
1.5195195195195195  3.050318389760333e-19 
1.526026026026026  6.294088622880933e-19 
1.5325325325325325  1.289626640236226e-18 
1.539039039039039  2.623862344554739e-18 
1.5455455455455456  5.301106393236097e-18 
1.552052052052052  1.0635134808431172e-17 
1.5585585585585586  2.1187178997704095e-17 
1.565065065065065  4.191405265505682e-17 
1.5715715715715715  8.233895575836761e-17 
1.578078078078078  1.606249889915249e-16 
1.5845845845845845  3.111615132949988e-16 
1.5910910910910911  5.985861704352016e-16 
1.5975975975975976  1.1435064951531642e-15 
1.6041041041041042  2.16932660534633e-15 
1.6106106106106106  4.086851727971708e-15 
1.617117117117117  7.645991708956585e-15 
1.6236236236236237  1.4205719178166524e-14 
1.63013013013013  2.6210821934521175e-14 
1.6366366366366367  4.8027470292082994e-14 
1.6431431431431431  8.739652843445371e-14 
1.6496496496496496  1.579420928701498e-13 
1.6561561561561562  2.834684773153912e-13 
1.6626626626626626  5.05264598899819e-13 
1.6691691691691692  8.944258339638287e-13 
1.6756756756756757  1.5724810350346954e-12 
1.6821821821821823  2.7456582462070453e-12 
1.6886886886886887  4.761370744985837e-12 
1.6951951951951951  8.200617695599655e-12 
1.7017017017017018  1.402797189419003e-11 
1.7082082082082082  2.383316883863424e-11 
1.7147147147147148  4.021723635350522e-11 
1.7212212212212212  6.740486819983011e-11 
1.7277277277277276  1.1220807567171156e-10 
1.7342342342342343  1.8553083980141572e-10 
1.7407407407407407  3.047001875509295e-10 
1.7472472472472473  4.970494020103893e-10 
1.7537537537537538  8.053828214000033e-10 
1.7602602602602602  1.2962448232610392e-09 
1.7667667667667668  2.072333359053439e-09 
1.7732732732732732  3.2909880671842767e-09 
1.7797797797797799  5.1915071606084105e-09 
1.7862862862862863  8.135187798568164e-09 
1.7927927927927927  1.2663546998658945e-08 
1.7992992992992993  1.9582298296802795e-08 
1.8058058058058057  3.008150080011973e-08 
1.8123123123123124  4.5906067839683705e-08 
1.8188188188188188  6.959577043689689e-08 
1.8253253253253252  1.0482028969651949e-07 
1.8318318318318318  1.568431007844178e-07 
1.8383383383383383  2.3315838987300402e-07 
1.844844844844845  3.4435822796274e-07 
1.8513513513513513  5.05303283005185e-07 
1.8578578578578577  7.366898689366246e-07 
1.8643643643643644  1.0671294908772366e-06 
1.870870870870871  1.535884546682618e-06 
1.8773773773773774  2.196435637323459e-06 
1.8838838838838838  3.121091955940869e-06 
1.8903903903903903  4.40689610089997e-06 
1.896896896896897  6.183117631525233e-06 
1.9034034034034035  8.620674505763396e-06 
1.90990990990991  1.1943866370359855e-05 
1.9164164164164164  1.644484600965342e-05 
1.922922922922923  2.250129185961895e-05 
1.9294294294294294  3.059777136005643e-05 
1.935935935935936  4.135129731222209e-05 
1.9424424424424425  5.5541571940809514e-05 
1.9489489489489489  7.414638014561963e-05 
1.9554554554554555  9.838252834397097e-05 
1.961961961961962  0.0001297526223220769 
1.9684684684684686  0.00017009783113358627 
1.974974974974975  0.00022165658984938256 
1.9814814814814814  0.00028712894903389763 
1.987987987987988  0.0003697459825799904 
1.9944944944944945  0.0004733433201756105 
2.001001001001001  0.000602437481755265 
2.0075075075075075  0.000762303268143326 
2.014014014014014  0.0009590500180943092 
2.0205205205205203  0.0011996940945099026 
2.027027027027027  0.0014922245330145688 
2.0335335335335336  0.0018456583988204448 
2.04004004004004  0.0022700820798319706 
2.0465465465465464  0.002776674523382152 
2.053053053053053  0.0033777083288011696 
2.0595595595595597  0.004086524664276283 
2.066066066066066  0.004917478206634612 
2.0725725725725725  0.005885848723835551 
2.079079079079079  0.007007716542096948 
2.0855855855855854  0.00829979996419604 
2.0920920920920922  0.009779253724458082 
2.0985985985985987  0.011463428760859628 
2.105105105105105  0.013369594926651188 
2.1116116116116115  0.015514629713939547 
2.118118118118118  0.017914677571567873 
2.1246246246246248  0.020584785913369513 
2.131131131131131  0.023538525368519345 
2.1376376376376376  0.02678760315768103 
2.144144144144144  0.030341479620253152 
2.1506506506506504  0.03420699880434303 
2.1571571571571573  0.03838804460181927 
2.1636636636636637  0.042885234113302265 
2.17017017017017  0.047695659720234665 
2.1766766766766765  0.05281269069468216 
2.183183183183183  0.05822584407980438 
2.18968968968969  0.06392073303091979 
2.196196196196196  0.06987909884478752 
2.2027027027027026  0.07607893057042352 
2.209209209209209  0.08249467345699177 
2.2157157157157155  0.08909752464221864 
2.2222222222222223  0.09585581152560854 
2.2287287287287287  0.10273544532644864 
2.235235235235235  0.10970043952873025 
2.241741741741742  0.11671348039832628 
2.248248248248248  0.12373653465247854 
2.254754754754755  0.13073147778574254 
2.2612612612612613  0.13766072560695122 
2.2677677677677677  0.14448785128700906 
2.2742742742742745  0.151178170690425 
2.2807807807807805  0.1576992799578788 
2.2872872872872874  0.16402153117449353 
2.293793793793794  0.170118434409612 
2.3003003003003  0.17596697732370736 
2.306806806806807  0.18154785675198884 
2.3133133133133135  0.18684562001971955 
2.31981981981982  0.19184871704134782 
2.3263263263263263  0.19654946733130607 
2.3328328328328327  0.2009439487546963 
2.3393393393393396  0.20503181704743786 
2.345845845845846  0.20881606675392328 
2.3523523523523524  0.21230274522575027 
2.358858858858859  0.21550063170427108 
2.3653653653653652  0.21842089332125406 
2.371871871871872  0.2210767291811658 
2.3783783783783785  0.22348301264636428 
2.384884884884885  0.22565594065779496 
2.3913913913913913  0.22761269751425453 
2.3978978978978978  0.22937113911707357 
2.4044044044044046  0.23094950235640888 
2.410910910910911  0.23236614313288037 
2.4174174174174174  0.23363930550372114 
2.423923923923924  0.23478692361305523 
2.4304304304304303  0.23582645738014016 
2.436936936936937  0.23677476232585007 
2.4434434434434436  0.23764799335417136 
2.44994994994995  0.23846154171065953 
2.4564564564564564  0.23923000366349503 
2.462962962962963  0.23996717866552328 
2.4694694694694697  0.24068609385480977 
2.475975975975976  0.2413990507639501 
2.4824824824824825  0.24211768909043097 
2.488988988988989  0.2428530614116278 
2.4954954954954953  0.24361571190393694 
2.502002002002002  0.24441575154710257 
2.5085085085085086  0.24526292205655595 
2.515015015015015  0.2461666409654032 
2.5215215215215214  0.24713602092259782 
2.528028028028028  0.24817985739809392 
2.5345345345345347  0.24930658056335928 
2.541041041041041  0.2505241690798557 
2.5475475475475475  0.2518400257762889 
2.554054054054054  0.2532608175948137 
2.5605605605605604  0.2547922845856076 
2.567067067067067  0.25643902496873944 
2.5735735735735736  0.25820426520895673 
2.58008008008008  0.26008962552712994 
2.5865865865865865  0.26209489219537446 
2.593093093093093  0.2642178082624398 
2.5995995995995997  0.26645389400599756 
2.606106106106106  0.26879630742772515 
2.6126126126126126  0.2712357535571877 
2.6191191191191194  0.2737604493105902 
2.6256256256256254  0.276356148288888 
2.6321321321321323  0.2790062273441669 
2.6386386386386387  0.2816918341491863 
2.645145145145145  0.2843920925243011 
2.651651651651652  0.2870843600464217 
2.658158158158158  0.28974453060050787 
2.664664664664665  0.2923473731194175 
2.671171171171171  0.294866896842922 
2.6776776776776776  0.29727673302530033 
2.6841841841841845  0.29955052311355906 
2.6906906906906904  0.301662303954436 
2.6971971971971973  0.30358688149332835 
2.7037037037037037  0.30530018560963595 
2.71021021021021  0.30677960008938265 
2.716716716716717  0.3080042631640311 
2.723223223223223  0.30895533544714504 
2.72972972972973  0.30961623339386257 
2.7362362362362362  0.3099728275249007 
2.7427427427427427  0.3100136055519536 
2.7492492492492495  0.3097298011920047 
2.7557557557557555  0.30911548986460424 
2.7622622622622623  0.30816765264958984 
2.7687687687687688  0.30688620988214055 
2.775275275275275  0.30527402562946004 
2.781781781781782  0.30333688408893283 
2.788288288288288  0.3010834387335269 
2.794794794794795  0.2985251348648826 
2.8013013013013013  0.2956761061672743 
2.8078078078078077  0.29255304592166925 
2.8143143143143146  0.28917505375655883 
2.8208208208208205  0.2855634591795876 
2.8273273273273274  0.28174162363023353 
2.833833833833834  0.2777347233801387 
2.84034034034034  0.27356951622996867 
2.846846846846847  0.2692740955469959 
2.853353353353353  0.2648776356882869 
2.85985985985986  0.260410133196791 
2.8663663663663663  0.25590214828769603 
2.8728728728728727  0.2513845510225581 
2.8793793793793796  0.24688827618305784 
2.8858858858858856  0.24244409021338661 
2.8923923923923924  0.23808237273524668 
2.898898898898899  0.23383291411154575 
2.9054054054054053  0.22972472942411076 
2.911911911911912  0.22578588813188602 
2.918418418418418  0.22204335768985792 
2.924924924924925  0.21852285863391577 
2.9314314314314314  0.2152487281584768 
2.937937937937938  0.2122437890964914 
2.9444444444444446  0.20952922149036865 
2.9509509509509506  0.2071244346180133 
2.9574574574574575  0.2050469383737183 
2.963963963963964  0.20331221422638193 
2.9704704704704703  0.2019335874819628 
2.976976976976977  0.2009221041338989 
2.9834834834834836  0.20028641704984937 
2.98998998998999  0.20003268746971176 
2.9964964964964964  0.20016450864255142 
3.003003003003003  0.20068285879761166 
3.0095095095095097  0.20158609045012568 
3.016016016016016  0.20286996225395598 
3.0225225225225225  0.20452771824631516 
3.029029029029029  0.2065502174518706 
3.0355355355355353  0.2089261145371053 
3.042042042042042  0.2116420896822692 
3.0485485485485486  0.2146831232456796 
3.055055055055055  0.2180328083229054 
3.0615615615615615  0.22167369213704327 
3.068068068068068  0.22558763550027214 
3.0745745745745747  0.22975617849042893 
3.081081081081081  0.23416090007154652 
3.0875875875875876  0.23878375968193313 
3.094094094094094  0.24360740978809473 
3.1006006006006004  0.2486154699750516 
3.1071071071071072  0.25379275518451155 
3.1136136136136137  0.25912545306047785 
3.12012012012012  0.2646012478377389 
3.126626626626627  0.27020939063206895 
3.133133133133133  0.27594071819754423 
3.1396396396396398  0.2817876240721782 
3.146146146146146  0.2877439874450799 
3.1526526526526526  0.2938050660017907 
3.1591591591591595  0.29996735944240527 
3.1656656656656654  0.306228450368255 
3.1721721721721723  0.3125868288813798 
3.1786786786786787  0.319041706645292 
3.185185185185185  0.32559282543461127 
3.191691691691692  0.33224026446917615 
3.198198198198198  0.338984250183841 
3.204704704704705  0.345824971598441 
3.2112112112112112  0.35276240416172705 
3.2177177177177176  0.35979614485006867 
3.2242242242242245  0.36692526137588477 
3.2307307307307305  0.37414815854411426 
3.2372372372372373  0.3814624650113659 
3.2437437437437437  0.38886494386745774 
3.25025025025025  0.39635143049228466 
3.256756756756757  0.40391680097366434 
3.263263263263263  0.4115549739558616 
3.26976976976977  0.4192589481017024 
3.2762762762762763  0.4270208763972427 
3.2827827827827827  0.4348321773377312 
3.2892892892892895  0.4426836816591155 
3.2957957957957955  0.4505658117893401 
3.3023023023023024  0.4584687896673259 
3.308808808808809  0.4663828670963179 
3.315315315315315  0.47429857144172394 
3.321821821821822  0.482206958323394 
3.328328328328328  0.49009986204992323 
3.334834834834835  0.4979701339474101 
3.3413413413413413  0.5058118584843897 
3.3478478478478477  0.5136205372149393 
3.3543543543543546  0.521393231068488 
3.3608608608608606  0.5291286524150802 
3.3673673673673674  0.5368271996260625 
3.373873873873874  0.5444909285204659 
3.3803803803803802  0.5521234571134462 
3.386886886886887  0.5597298024275663 
3.393393393393393  0.5673161507359705 
3.3998998998999  0.5748895654057465 
3.4064064064064064  0.5824576394042451 
3.4129129129129128  0.5900281024061869 
3.4194194194194196  0.5976083951598018 
3.4259259259259256  0.6052052261871973 
3.4324324324324325  0.6128241278521595 
3.438938938938939  0.6204690301742326 
3.4454454454454453  0.6281418713611278 
3.451951951951952  0.6358422637595451 
3.458458458458458  0.643567232710382 
3.464964964964965  0.6513110436113312 
3.4714714714714714  0.6590651293664369 
3.477977977977978  0.666818126429397 
3.4844844844844847  0.6745560229773652 
3.490990990990991  0.6822624175945755 
3.4974974974974975  0.6899188814604429 
3.504004004004004  0.6975054117182438 
3.5105105105105103  0.7050009587618336 
3.517017017017017  0.7123840059293208 
3.5235235235235236  0.7196331768224582 
3.53003003003003  0.7267278434211131 
3.5365365365365364  0.7336487075120971 
3.543043043043043  0.7403783287995878 
3.5495495495495497  0.7469015754144325 
3.556056056056056  0.7532059763021894 
3.5625625625625625  0.75928195995552 
3.569069069069069  0.7651229698911726 
3.5755755755755754  0.77072545380868 
3.5820820820820822  0.7760887301090633 
3.5885885885885886  0.7812147419768233 
3.595095095095095  0.7861077151219916 
3.6016016016016015  0.7907737401583598 
3.608108108108108  0.7952203041450482 
3.6146146146146148  0.7994557978076401 
3.621121121121121  0.8034890252621557 
3.6276276276276276  0.8073287416792089 
3.634134134134134  0.8109832413593969 
3.6406406406406404  0.8144600143649454 
3.6471471471471473  0.8177654844841974 
3.6536536536536537  0.8209048352835546 
3.66016016016016  0.8238819247592846 
3.6666666666666665  0.8266992830831108 
3.673173173173173  0.8293581825647214 
3.67967967967968  0.8318587646014514 
3.686186186186186  0.8342002053442136 
3.6926926926926926  0.8363809002702172 
3.699199199199199  0.8383986478982951 
3.705705705705706  0.8402508144741343 
3.7122122122122123  0.8419344644399499 
3.7187187187187187  0.8434464456350494 
3.725225225225225  0.8447834231177963 
3.7317317317317316  0.8459418608658874 
3.7382382382382384  0.8469179559840335 
3.744744744744745  0.8477075350104293 
3.7512512512512513  0.8483059260831347 
3.7577577577577577  0.8487078237811371 
3.764264264264264  0.848907165150575 
3.770770770770771  0.8488970356228447 
3.7772772772772774  0.848669622194563 
3.7837837837837838  0.8482162284506224 
3.79029029029029  0.847527361954631 
3.7967967967967966  0.8465928994884337 
3.8033033033033035  0.8454023299462884 
3.80980980980981  0.8439450687856599 
3.8163163163163163  0.8422108322289704 
3.8228228228228227  0.8401900543167165 
3.829329329329329  0.8378743258079274 
3.835835835835836  0.835256831120681 
3.8423423423423424  0.83233275822534 
3.848848848848849  0.8290996567628184 
3.8553553553553552  0.8255577216624291 
3.8618618618618616  0.8217099830667446 
3.8683683683683685  0.8175623882154547 
3.874874874874875  0.813123766786159 
3.8813813813813813  0.8084056776577973 
3.8878878878878878  0.8034221417303693 
3.894394394394394  0.7981892718688671 
3.900900900900901  0.7927248168241705 
3.9074074074074074  0.7870476407508413 
3.913913913913914  0.7811771633949444 
3.9204204204204203  0.7751327879596701 
3.9269269269269267  0.7689333439723033 
3.9334334334334335  0.7625965711806548 
3.93993993993994  0.756138667715391 
3.9464464464464464  0.7495739216746895 
3.952952952952953  0.7429144402076122 
3.9594594594594597  0.7361699844355227 
3.965965965965966  0.7293479125314828 
3.9724724724724725  0.7224532273559988 
3.978978978978979  0.7154887195813682 
3.9854854854854853  0.7084551925427094 
3.991991991991992  0.7013517513812527 
3.9984984984984986  0.6941761365727165 
4.005005005005005  0.6869250807490592 
4.011511511511511  0.6795946678325209 
4.018018018018018  0.6721806748304084 
4.024524524524525  0.6646788790392031 
4.031031031031031  0.6570853166734807 
4.0375375375375375  0.6493964828227655 
4.044044044044044  0.6416094668806578 
4.05055055055055  0.6337220219151465 
4.057057057057057  0.6257325705995038 
4.063563563563564  0.6176401540723349 
4.07007007007007  0.609444333255111 
4.076576576576576  0.6011450545859919 
4.083083083083083  0.5927424937430588 
4.08958958958959  0.5842368916915115 
4.096096096096096  0.5756283973116267 
4.102602602602603  0.5669169300027201 
4.109109109109109  0.5581020741046132 
4.115615615615615  0.5491830148488059 
4.122122122122122  0.5401585229830654 
4.128628628628629  0.531026992348856 
4.135135135135135  0.5217865316778622 
4.141641641641641  0.5124351088540569 
4.148148148148148  0.5029707429938755 
4.154654654654655  0.49339173705056893 
4.161161161161161  0.4836969413553538 
4.167667667667668  0.4738860366574032 
4.1741741741741745  0.4639598238890741 
4.18068068068068  0.4539205071156039 
4.187187187187187  0.44377195596325403 
4.193693693693694  0.4335199342696602 
4.2002002002002  0.4231722827541353 
4.206706706706706  0.41273904513143983 
4.213213213213214  0.4022325292311402 
4.21971971971972  0.39166729725477417 
4.226226226226226  0.3810600821986476 
4.232732732732733  0.37042963056687 
4.2392392392392395  0.359796474655585 
4.2457457457457455  0.3491826407553912 
4.252252252252252  0.3386113024425949 
4.258758758758759  0.32810639056557256 
4.265265265265265  0.31769217345075773 
4.271771771771771  0.30739282214821273 
4.278278278278279  0.2972319761362783 
4.284784784784785  0.28723232477306554 
4.291291291291291  0.2774152189252896 
4.297797797797798  0.2678003256702531 
4.3043043043043046  0.25840533684123185 
4.3108108108108105  0.2492457395922252 
4.317317317317317  0.24033465424217249 
4.323823823823824  0.23168274158633004 
4.33033033033033  0.22329817880366504 
4.336836836836836  0.21518670020943334 
4.343343343343344  0.2073516965506768 
4.34984984984985  0.19979436444442278 
4.356356356356356  0.19251389600600713 
4.362862862862863  0.18550769776513523 
4.36936936936937  0.17877162763746024 
4.375875875875876  0.17230023899038505 
4.382382382382382  0.16608702165991363 
4.388888888888889  0.16012463105810273 
4.395395395395395  0.15440509815404557 
4.401901901901901  0.14892001499683888 
4.408408408408409  0.14366069245246346 
4.414914914914915  0.13861828882511004 
4.421421421421421  0.13378390991340405 
4.427927927927928  0.12914868271363433 
4.434434434434435  0.1247038063451058 
4.440940940940941  0.12044058477863204 
4.4474474474474475  0.1163504465633567 
4.453953953953954  0.11242495695858991 
4.46046046046046  0.1086558276983795 
4.466966966966967  0.1050349290804464 
4.473473473473474  0.1015543082294343 
4.47997997997998  0.09820621630383682 
4.486486486486486  0.09498314617435769 
4.492992992992993  0.09187788078355974 
4.4994994994995  0.08888355108994145 
4.506006006006006  0.08599370128943747 
4.5125125125125125  0.08320235797270648 
4.519019019019019  0.08050409908554527 
4.525525525525525  0.0778941180655629 
4.532032032032032  0.07536827836601104 
4.538538538538539  0.07292315376163619 
4.545045045045045  0.07055605035388081 
4.551551551551551  0.06826500702361478 
4.558058058058058  0.06604877216786757 
4.564564564564565  0.06390675583372443 
4.571071071071071  0.06183895774476319 
4.5775775775775776  0.0598458731119435 
4.584084084084084  0.05792837943843543 
4.59059059059059  0.05608760867786171 
4.597097097097097  0.05432481001035108 
4.603603603603604  0.05264120910026531 
4.61011011011011  0.05103786995447115 
4.616616616616616  0.04951556539627983 
4.623123123123123  0.048074661718488974 
4.62962962962963  0.04671502231458539 
4.636136136136136  0.045435934066284454 
4.642642642642643  0.044236059060672725 
4.6491491491491495  0.04311341290392765 
4.655655655655655  0.04206536957690033 
4.662162162162162  0.041088691523557014 
4.668668668668669  0.040179582549416414 
4.675175175175175  0.03933376019238121 
4.681681681681681  0.03854654355314783 
4.688188188188188  0.03781295215736655 
4.694694694694695  0.03712781126786056 
4.701201201201201  0.03648585915545379 
4.707707707707708  0.03588185213958676 
4.7142142142142145  0.03531066368252134 
4.7207207207207205  0.034767374415268275 
4.727227227227227  0.034247350639793096 
4.733733733733734  0.0337463095438544 
4.74024024024024  0.033260370041543516 
4.746746746746746  0.03278608878236316 
4.753253253253254  0.03232048143237368 
4.75975975975976  0.03186102981012508 
4.766266266266266  0.03140567585411342 
4.772772772772773  0.030952803710599424 
4.7792792792792795  0.03050121146874666 
4.7857857857857855  0.03005007424439565 
4.792292292292292  0.029598900434600433 
4.798798798798799  0.029147483040659054 
4.805305305305305  0.028695847992987467 
4.811811811811811  0.028244201408361935 
4.818318318318319  0.02779287766682828 
4.824824824824825  0.027342290107351126 
4.831331331331331  0.026892886002219007 
4.837837837837838  0.026445107274932322 
4.844344344344345  0.02599935817167871 
4.8508508508508505  0.025555980783345974 
4.857357357357357  0.025115238949364037 
4.863863863863864  0.02467731066839789 
4.87037037037037  0.024242288711853004 
4.876876876876876  0.02381018870721722 
4.883383383383384  0.02338096355603996 
4.88988988988989  0.022954522703933722 
4.896396396396396  0.022530754514528652 
4.902902902902903  0.022109549839281737 
4.90940940940941  0.021690824837665004 
4.915915915915916  0.0212745411963372 
4.9224224224224224  0.02086072212028351 
4.928928928928929  0.020449462811808542 
4.935435435435435  0.020040934592606884 
4.941941941941941  0.019635382328864266 
4.948448448448449  0.019233115351679708 
4.954954954954955  0.018834492583609513 
4.961461461461461  0.018439903045194134 
4.967967967967968  0.0180497432848654 
4.974474474474475  0.01766439352056995 
4.980980980980981  0.01728419438075679 
4.9874874874874875  0.016909426077114712 
4.993993993993994  0.01654029163587881 
5.0005005005005  0.01617690547591237 
5.007007007007007  0.015819288179070152 
5.013513513513514  0.015467367789644798 
5.02002002002002  0.015120987448927715 
5.026526526526526  0.014779918663866558 
5.033033033033033  0.01444387906900255 
5.03953953953954  0.014112553205641866 
5.046046046046046  0.013785614639306231 
5.0525525525525525  0.013462747681622185 
5.059059059059059  0.01314366707828374 
5.065565565565565  0.012828134259429445 
5.072072072072072  0.012515969099302564 
5.078578578578579  0.012207056565004594 
5.085085085085085  0.011901348109276587 
5.091591591591591  0.01159885813627597 
5.098098098098098  0.011299656299866862 
5.104604604604605  0.011003856743334572 
5.111111111111111  0.010711605627947898 
5.117617617617618  0.010423068406163381 
5.124124124124124  0.010138418266107715 
5.13063063063063  0.009857827012171083 
5.137137137137137  0.009581459368469665 
5.143643643643644  0.009309471323730986 
5.15015015015015  0.009042012711216948 
5.156656656656656  0.008779233773209626 
5.163163163163163  0.00852129503482864 
5.16966966966967  0.008268379442694759 
5.176176176176176  0.008020705441138525 
5.182682682682683  0.007778539485660735 
5.1891891891891895  0.007542206444383903 
5.1956956956956954  0.007312096417513689 
5.202202202202202  0.007088666706606441 
5.208708708708709  0.006872437974781398 
5.215215215215215  0.006663984033239211 
5.221721721721721  0.006463915140072846 
5.228228228228229  0.006272855172333755 
5.234734734734735  0.006091413498439257 
5.241241241241241  0.0059201528032196814 
5.247747747747748  0.00575955447343541 
5.2542542542542545  0.005609983413700546 
5.2607607607607605  0.005471654314097706 
5.267267267267267  0.005344601421240624 
5.273773773773774  0.005228653771629308 
5.28028028028028  0.005123417634791904 
5.286786786786786  0.005028267595781893 
5.293293293293294  0.00494234729994201 
5.2997997997998  0.004864580410086641 
5.306306306306306  0.004793691813408214 
5.312812812812813  0.004728238590373636 
5.31931931931932  0.0046666497488914785 
5.3258258258258255  0.004607273261215302 
5.332332332332332  0.00454842854302703 
5.338838838838839  0.0044884622048433935 
5.345345345345345  0.004425804701555447 
5.351851851851851  0.004359025417359465 
5.358358358358359  0.004286883755469133 
5.364864864864865  0.004208373953598951 
5.371371371371371  0.00412276161002642 
5.377877877877878  0.0040296102681579085 
5.384384384384385  0.003928796851979558 
5.390890890890891  0.0038205152484636702 
5.397397397397397  0.0037052678707508863 
5.403903903903904  0.00358384558078137 
5.41041041041041  0.003457296874629981 
5.416916916916916  0.0033268877117607347 
5.423423423423424  0.003194053776817821 
5.42992992992993  0.0030603472792055182 
5.436436436436436  0.0029273806062089162 
5.442942942942943  0.002796769240127133 
5.44944944944945  0.0026700763254525126 
5.455955955955956  0.0025487611316521493 
5.4624624624624625  0.002434133410008932 
5.468968968968969  0.0023273153044396392 
5.475475475475475  0.0022292120662517614 
5.481981981981982  0.002140492365096958 
5.488488488488489  0.0020615785087929623 
5.494994994994995  0.001992646409703878 
5.501501501501502  0.0019336346904963678 
5.508008008008008  0.0018842619303054428 
5.514514514514515  0.0018440507327617459 
5.521021021021021  0.0018123570641167192 
5.5275275275275275  0.00178840317134138 
5.534034034034034  0.0017713123490534044 
5.54054054054054  0.0017601438770020294 
5.547047047047047  0.0017539265877207625 
5.553553553553553  0.0017516897333349688 
5.56006006006006  0.0017524900843662724 
5.566566566566567  0.0017554344924747222 
5.573073073073073  0.0017596974633507089 
5.57957957957958  0.001764533595854302 
5.586086086086086  0.0017692850311853306 
5.592592592592593  0.0017733843063034022 
5.599099099099099  0.001776353207472067 
5.605605605605605  0.0017777983651141803 
5.612112112112112  0.0017774044166886285 
5.618618618618618  0.0017749255905500842 
5.625125125125125  0.0017701765348245196 
5.631631631631632  0.0017630231382996069 
5.638138138138138  0.0017533739745398862 
5.644644644644645  0.0017411728567365728 
5.651151151151151  0.0017263928307557968 
5.657657657657658  0.0017090317690091452 
5.6641641641641645  0.001689109569029744 
5.67067067067067  0.0016666668176851726 
5.677177177177177  0.0016417646628546288 
5.683683683683683  0.0016144855452584574 
5.69019019019019  0.0015849343879259336 
5.696696696696697  0.0015532398212550094 
5.703203203203203  0.0015195550372479859 
5.70970970970971  0.0014840579146481194 
5.716216216216216  0.0014469501327437672 
5.722722722722723  0.0014084550892577148 
5.7292292292292295  0.0013688145493980356 
5.7357357357357355  0.0013282840703449858 
5.742242242242242  0.001287127359378144 
5.748748748748748  0.0012456098259209535 
5.755255255255255  0.0012039916702152173 
5.761761761761762  0.001162520907719064 
5.768268268268268  0.0011214267540876346 
5.774774774774775  0.0010809137884239288 
5.781281281281281  0.0010411572725217587 
5.787787787787788  0.0010022999337212192 
5.7942942942942945  0.0009644504237843992 
5.8008008008008005  0.0009276835529198278 
5.807307307307307  0.0008920422752869302 
5.813813813813813  0.0008575412793917378 
5.82032032032032  0.0008241719232449315 
5.826826826826827  0.0007919081588454548 
5.833333333333333  0.0007607130209577616 
5.83983983983984  0.000730545216775705 
5.846346346346346  0.000701365348990939 
5.852852852852853  0.0006731413354192724 
5.85935935935936  0.0006458526513968361 
5.865865865865866  0.0006194931118482311 
5.872372372372372  0.0005940720213554278 
5.878878878878879  0.000569613644279781 
5.885385385385385  0.0005461550737057526 
5.891891891891892  0.0005237426982494872 
5.898398398398398  0.0005024275707726962 
5.904904904904905  0.0004822600651905398 
5.911411411411412  0.00046328426110372345 
5.917917917917918  0.00044553251736765404 
5.924424424424425  0.00042902068380137025 
5.930930930930931  0.00041374435633856896 
5.9374374374374375  0.000399676508604277 
5.943943943943944  0.00038676673767278037 
5.95045045045045  0.00037494225060223624 
5.956956956956957  0.00036411059913802685 
5.963463463463463  0.0003541640509244454 
5.96996996996997  0.00034498537456419804 
5.976476476476477  0.0003364547199752272 
5.982982982982983  0.0003284572004699994 
5.98948948948949  0.00032089073294088463 
5.995995995995996  0.00031367366976135384 
6.0025025025025025  0.000306751760915661 
6.009009009009009  0.0003001040160851006 
6.015515515515515  0.0002937470910373025 
6.022022022022022  0.00028773789656035166 
6.028528528528528  0.00028217421640483307 
6.035035035035035  0.00027719321788439067 
6.041541541541542  0.0002729678395714367 
6.048048048048048  0.00026970113988283444 
6.054554554554555  0.0002676187838678078 
6.061061061061061  0.00026695992956150946 
6.0675675675675675  0.0002679668470887045 
6.074074074074074  0.00027087366136855403 
6.08058058058058  0.0002758946516003336 
6.087087087087087  0.0002832125671098006 
6.093593593593593  0.00029296742943837634 
6.1001001001001  0.00030524628486035634 
6.106606606606607  0.0003200743500649772 
6.113113113113113  0.0003374079568829983 
6.11961961961962  0.0003571296501234626 
6.126126126126126  0.000379045726459909 
6.132632632632633  0.0004028864228405491 
6.1391391391391394  0.0004283088715609915 
6.145645645645645  0.0004549028380567268 
6.152152152152152  0.00048219914955038515 
6.158658658658658  0.0005096806116673729 
6.165165165165165  0.0005367951005466411 
6.171671671671672  0.000562970414996863 
6.178178178178178  0.0005876303824376867 
6.184684684684685  0.0006102116392960649 
6.191191191191191  0.0006301804563684724 
6.197697697697698  0.0006470489567204645 
6.2042042042042045  0.0006603900809881297 
6.2107107107107105  0.0006698506938214795 
6.217217217217217  0.0006751622950977801 
6.223723723723723  0.0006761488978364724 
6.23023023023023  0.0006727317569027299 
6.236736736736737  0.0006649307722952454 
6.243243243243243  0.0006528625404348404 
6.24974974974975  0.0006367351779394371 
6.256256256256256  0.0006168401862042604 
6.262762762762763  0.0005935417534336232 
6.2692692692692695  0.0005672639963435705 
6.2757757757757755  0.0005384767208687632 
6.282282282282282  0.0005076803261029865 
6.288788788788788  0.00047539048679866736 
6.295295295295295  0.0004421232277020659 
6.301801801801802  0.00040838095057668195 
6.308308308308308  0.0003746398965664774 
6.314814814814815  0.0003413394285866039 
6.321321321321321  0.0003088734076243465 
6.327827827827828  0.0002775838204728831 
6.334334334334335  0.0002477567016141548 
6.3408408408408405  0.00021962028515946477 
6.347347347347347  0.00019334522933126702 
6.353853853853853  0.00016904667996525306 
6.36036036036036  0.00014678788346616356 
6.366866866866867  0.00012658502457780336 
6.373373373373373  0.00010841294980643025 
6.37987987987988  9.221144170696122e-05 
6.386386386386387  7.789172986143824e-05 
6.392892892892893  6.534295793360524e-05 
6.3993993993994  5.4438368996999564e-05 
6.405905905905906  4.504101967296949e-05 
6.412412412412412  3.700888394987717e-05 
6.418918918918919  3.019925677034708e-05 
6.425425425425425  2.44724130155361e-05 
6.431931931931932  1.9694517474366154e-05 
6.438438438438438  1.573981451772067e-05 
6.444944944944945  1.2492151894474673e-05 
6.451451451451452  9.845911283569661e-06 
6.457957957957958  7.70642939290868e-06 
6.464464464464465  5.9899982592165406e-06 
6.470970970970971  4.623532970011251e-06 
6.4774774774774775  3.543990414271053e-06 
6.483983983983984  2.6976150067225464e-06 
6.49049049049049  2.0390776971288023e-06 
6.496996996996997  1.5305639284772103e-06 
6.503503503503503  1.1408553501936442e-06 
6.51001001001001  8.444396560983722e-07 
6.516516516516517  6.20673360042378e-07 
6.523023023023023  4.530139410941311e-07 
6.52952952952953  3.2833073874990247e-07 
6.536036036036036  2.3629829392509529e-07 
6.5425425425425425  1.6887146066633674e-07 
6.549049049049049  1.198384405785348e-07 
6.555555555555555  8.44457616846561e-08 
6.562062062062062  5.908796191951526e-08 
6.568568568568568  4.105416829125255e-08 
6.575075075075075  2.8323718970184247e-08 
6.581581581581582  1.94033076155494e-08 
6.588088088088088  1.319870942269566e-08 
6.594594594594595  8.914872496118888e-09 
6.601101101101101  5.978945147185464e-09 
6.607607607607608  3.981599695977607e-09 
6.614114114114114  2.632764871223699e-09 
6.62062062062062  1.7285657593151936e-09 
6.627127127127127  1.1268783138732778e-09 
6.633633633633633  7.294296109475381e-10 
6.64014014014014  4.688166381309021e-10 
6.646646646646647  2.9918095563890816e-10 
6.653153153153153  1.895720283350146e-10 
6.65965965965966  1.1926748756629906e-10 
6.666166166166166  7.450330589398414e-11 
6.672672672672673  4.62096705310148e-11 
6.6791791791791795  2.8457208069857976e-11 
6.685685685685685  1.7400112973658937e-11 
6.692192192192192  1.0563565242868262e-11 
6.698698698698698  6.367456561277809e-12 
6.705205205205205  3.810806265546785e-12 
6.711711711711712  2.2644439867148928e-12 
6.718218218218218  1.3359757902365382e-12 
6.724724724724725  7.825757507722605e-13 
6.731231231231231  4.551384360373529e-13 
6.737737737737738  2.6281402565101383e-13 
6.7442442442442445  1.506746082595449e-13 
6.7507507507507505  8.576631535588459e-14 
6.757257257257257  4.8470473289307805e-14 
6.763763763763763  2.7196956453513808e-14 
6.77027027027027  1.5151116375139463e-14 
6.776776776776777  8.380096558888416e-15 
6.783283283283283  4.601848137504043e-15 
6.78978978978979  2.508957219496179e-15 
6.796296296296296  1.3580970842414947e-15 
6.802802802802803  7.298672367367198e-16 
6.8093093093093096  3.8943174146375205e-16 
6.8158158158158155  2.0629666822547855e-16 
6.822322322322322  1.0849893197798707e-16 
6.828828828828828  5.66539395537207e-17 
6.835335335335335  2.9370085926659067e-17 
6.841841841841842  1.511645115017001e-17 
6.848348348348348  7.724370552995876e-18 
6.854854854854855  3.918718866265134e-18 
6.861361361361361  1.973749447507617e-18 
6.867867867867868  9.869746924055224e-19 
6.874374374374375  4.899878305066874e-19 
6.880880880880881  2.415066400532307e-19 
6.887387387387387  1.1817799256769198e-19 
6.893893893893894  5.74125927131463e-20 
6.9004004004004  2.7691087930284094e-20 
6.906906906906907  1.3259724339101349e-20 
6.913413413413413  6.303618486571838e-21 
6.91991991991992  2.975127922572613e-21 
6.926426426426427  1.394058617078973e-21 
6.932932932932933  6.485082158888424e-22 
6.93943943943944  2.995079757444503e-22 
6.945945945945946  1.3732802919567228e-22 
6.9524524524524525  6.251256374337662e-23 
6.958958958958959  2.825089548278816e-23 
6.965465465465465  1.267515811590173e-23 
6.971971971971972  5.645862561958997e-24 
6.978478478478478  2.496677642317826e-24 
6.984984984984985  1.0960980790741093e-24 
6.991491491491492  4.77738970831658e-25 
6.997997997997998  2.0672156282841785e-25 
7.004504504504505  8.880436407058847e-26 
7.011011011011011  3.787353405700111e-26 
7.0175175175175175  1.6035774393658167e-26 
7.024024024024024  6.74056383683273e-27 
7.03053053053053  2.812900109732193e-27 
7.037037037037037  1.1653699456929267e-27 
7.043543543543543  4.793186999397973e-28 
7.05005005005005  1.9572019230414142e-28 
7.056556556556557  7.93409240690693e-29 
7.063063063063063  3.1930734006257974e-29 
7.06956956956957  1.2757637405728443e-29 
7.076076076076076  5.060355170493648e-30 
7.0825825825825826  1.9926950146124015e-30 
7.089089089089089  7.790215371790616e-31 
7.095595595595595  3.023476556798604e-31 
7.102102102102102  1.1649625947460485e-31 
7.108608608608608  4.456206656177941e-32 
7.115115115115115  1.6922572043064835e-32 
7.121621621621622  6.37991474151038e-33 
7.128128128128128  2.3878695021470948e-33 
7.134634634634635  8.872648482052271e-34 
7.141141141141141  3.272975140366989e-34 
7.147647647647648  1.1986121016416522e-34 
7.1541541541541545  4.357735980147368e-35 
7.16066066066066  1.57285709423466e-35 
7.167167167167167  5.635902982847794e-36 
7.173673673673673  2.0048572071549383e-36 
7.18018018018018  7.0802548008620214e-37 
7.186686686686687  2.4823307446121297e-37 
7.193193193193193  8.640035829049672e-38 
7.1996996996997  2.9854953865174514e-38 
7.206206206206206  1.024146440500992e-38 
7.212712712712713  3.487806204262267e-39 
7.2192192192192195  1.1791990025031893e-39 
7.2257257257257255  3.957912395597787e-40 
7.232232232232232  1.3188318249455858e-40 
7.238738738738738  4.3627133805188264e-41 
7.245245245245245  1.432741452041055e-41 
7.251751751751752  4.671138179723783e-42 
7.258258258258258  1.511893552074847e-42 
7.264764764764765  4.858063623356351e-43 
7.271271271271271  1.5497032359894022e-43 
7.277777777777778  4.907689962314086e-44 
7.2842842842842845  1.542939216972665e-44 
7.2907907907907905  4.81574544337476e-45 
7.297297297297297  1.4921796829380365e-45 
7.303803803803803  4.590093272923168e-46 
7.31031031031031  1.4017306931455602e-46 
7.316816816816817  4.249621381664965e-47 
7.323323323323323  1.279023073297954e-47 
7.32982982982983  3.821632397044198e-48 
7.336336336336336  1.1336049631167928e-48 
7.342842842842843  3.338233997836806e-49 
7.34934934934935  9.759193626105205e-50 
7.3558558558558556  2.832390511509549e-50 
7.362362362362362  8.160829089613489e-51 
7.368868868868868  2.3343034433927797e-51 
7.375375375375375  6.628604968142591e-52 
7.381881881881882  1.8686531180428925e-52 
7.388388388388388  5.229701413246645e-53 
7.394894894894895  1.4530035633191865e-53 
7.401401401401402  4.007725596116679e-54 
7.407907907907908  1.0974145760881675e-54 
7.414414414414415  2.9832170537100302e-55 
7.420920920920921  8.050823434132007e-56 
7.4274274274274275  2.1569347670477928e-56 
7.433933933933934  5.736868833154159e-57 
7.44044044044044  1.514795386313276e-57 
7.446946946946947  3.970764361917586e-58 
7.453453453453453  1.0333210857396218e-58 
7.45995995995996  2.6695462544325736e-59 
7.466466466466467  6.846688040694417e-60 
7.472972972972973  1.743269423962703e-60 
7.47947947947948  4.406454805620033e-61 
7.485985985985986  1.1057448255530217e-61 
7.4924924924924925  2.754617197507902e-62 
7.498998998998999  6.812527884341377e-63 
7.505505505505505  1.6726150045873122e-63 
7.512012012012012  4.07684593684682e-64 
7.518518518518518  9.86491135949073e-65 
7.525025025025025  2.3697504359398146e-65 
7.531531531531532  5.651354306193266e-66 
7.538038038038038  1.3379593617067552e-66 
7.544544544544545  3.14466029191053e-67 
7.551051051051051  7.337446433917153e-68 
7.5575575575575575  1.699638303957629e-68 
7.564064064064064  3.9084845816068086e-69 
7.57057057057057  8.922788344825496e-70 
7.577077077077077  2.0222416185792725e-70 
7.583583583583583  4.549940649478055e-71 
7.59009009009009  1.0162922763830225e-71 
7.596596596596597  2.2535733396552094e-72 
7.603103103103103  4.960950775850031e-73 
7.60960960960961  1.084172191211172e-73 
7.616116116116116  2.3521862532136856e-74 
7.622622622622623  5.066233762837898e-75 
7.629129129129129  1.0832751764403452e-75 
7.635635635635635  2.2994945429194894e-76 
7.642142142142142  4.845805493272029e-77 
7.648648648648648  1.0137702750813548e-77 
7.655155155155155  2.105489534654579e-78 
7.661661661661662  4.341167660743082e-79 
7.668168168168168  8.88586986663899e-80 
7.674674674674675  1.8056486029109992e-80 
7.681181181181181  3.6425573846170837e-81 
7.687687687687688  7.294901438722701e-82 
7.6941941941941945  1.4503482545837733e-82 
7.7007007007007005  2.862628489146896e-83 
7.707207207207207  5.609155615276769e-84 
7.713713713713713  1.091113123351073e-84 
7.72022022022022  2.107083975566653e-85 
7.726726726726727  4.0395563269346304e-86 
7.733233233233233  7.688209974325527e-87 
7.73973973973974  1.4526350959546226e-87 
7.746246246246246  2.7247555376542344e-88 
7.752752752752753  5.07385738393797e-89 
7.7592592592592595  9.379693670770056e-90 
7.7657657657657655  1.72138783032233e-90 
7.772272272272272  3.1362340296432424e-91 
7.778778778778778  5.672543646480782e-92 
7.785285285285285  1.0185605850023357e-92 
7.791791791791792  1.8156641211987498e-93 
7.798298298298298  3.213096512699875e-94 
7.804804804804805  5.644839947794301e-95 
7.811311311311311  9.845076301385894e-96 
7.817817817817818  1.7046142776366372e-96 
7.824324324324325  2.930034462861519e-97 
7.8308308308308305  4.999872123106926e-98 
7.837337337337337  8.470023542020757e-99 
7.843843843843843  1.4244587611561262e-99 
7.85035035035035  2.378234515293882e-100 
7.856856856856857  3.941840068652865e-101 
7.863363363363363  6.486088024571936e-102 
7.86986986986987  1.0595127445802422e-102 
7.876376376376376  1.7181814741526033e-103 
7.882882882882883  2.7661222588752503e-104 
7.88938938938939  4.42092549226633e-105 
7.895895895895896  7.014464106729806e-106 
7.902402402402402  1.1048803992908285e-106 
7.908908908908909  1.7277285287340732e-107 
7.915415415415415  2.6821014219118435e-108 
7.921921921921922  4.1334657015152765e-109 
7.928428428428428  6.324015473556747e-110 
7.934934934934935  9.605300294429598e-111 
7.941441441441442  1.4483329176849313e-111 
7.947947947947948  2.168029970494273e-112 
7.954454454454455  3.221822287838682e-113 
7.960960960960961  4.753103770212582e-114 
7.9674674674674675  6.961333166531195e-115 
7.973973973973974  1.0121548178704046e-115 
7.98048048048048  1.4609685691473284e-116 
7.986986986986987  2.0935059167507123e-117 
7.993493493493493  2.9781522877242195e-118 
8.0  4.205900507268082e-119 
