0.52632  2.493650621  15.57988665  1463.119074
0.521843  2.494930425  15.61790405  1458.459679
0.517348  2.496137523  15.65526989  1453.776274
0.512835  2.503192524  15.53897892  1449.528643
0.508305  2.498247173  15.73256514  1444.37032
0.503757  2.499080002  15.77100709  1439.615433
0.499192  2.499731551  15.80912655  1434.732422
0.494609  2.506613091  15.66392404  1430.297191
0.490008  2.506669413  15.68145499  1424.807474
0.48539  2.506899782  15.73076939  1420.166581
0.480754  2.501913166  15.97320317  1415.001669
0.476101  2.503592849  16.01607092  1410.242184
0.47143  2.504831476  16.05885103  1405.403536
0.466743  2.505567448  16.10118208  1400.484099
0.462038  2.505414421  16.14400697  1395.316831
0.457316  2.504752508  16.1854999  1390.135729
0.452577  2.503605726  16.22655713  1384.885918
0.447821  2.502016422  16.26811022  1379.506717
0.443049  2.500022008  16.3101114  1374.014837
0.43826  2.49762378  16.35263572  1368.403663
0.433455  2.494977345  16.39462363  1362.801024
0.428634  2.491839392  16.43821337  1356.968425
0.423798  2.488312412  16.48297162  1350.972272
0.418945  2.484572614  16.5279338  1344.938086
0.414077  2.480154283  16.57335602  1338.730423
0.409195  2.478509098  16.60982639  1333.537333
0.404297  2.474299883  16.66247132  1327.498936
0.399385  2.469550361  16.70834159  1321.304757
0.394459  2.464505545  16.75419188  1315.068398
0.389519  2.459579325  16.79869455  1308.992639
0.384566  2.453617192  16.84489251  1302.561223
0.3796  2.447708033  16.89000998  1296.308865
0.374622  2.440900174  16.93621732  1289.750933
0.369632  2.433864381  16.9810575  1283.299873
0.364631  2.425706115  17.02012597  1276.606399
0.359618  2.417239557  17.06791721  1269.826753
0.354596  2.408216212  17.11592881  1262.987612
0.349564  2.398361398  17.16130858  1255.965322
0.344522  2.38796323  17.20855501  1248.719367
0.339473  2.377358111  17.25589193  1241.465925
0.334416  2.367811173  17.28586525  1234.354221
0.329353  2.359719874  17.11562016  1228.24141
0.324284  2.349817762  17.30738076  1221.654621
0.319209  2.339125483  17.42243458  1214.678537
0.314131  2.32626634  17.49112865  1206.817258
0.30905  2.312941798  17.53469223  1199.460053
0.303966  2.298645905  17.58052746  1191.75562
0.298882  2.284857448  17.58614063  1184.239295
0.293798  2.269862745  17.65242573  1176.724278
0.288715  2.253898096  17.71182892  1168.904256
0.283634  2.236831249  17.75441498  1160.940178
0.278558  2.220167232  17.79491137  1153.241094
0.273486  2.201784638  17.83721325  1145.004056
0.268422  2.183043375  17.86584514  1136.89276
0.263365  2.163141205  17.92010193  1128.438796
0.258318  2.142702533  17.95926599  1120.090721
0.253282  2.120160156  17.99312026  1111.433263
0.248259  2.096466474  18.00712892  1102.677801
0.24325  2.063227505  18.04608914  1092.129164
0.238258  2.039271303  18.04703725  1083.523223
0.233284  2.015535491  18.11270889  1074.717211
0.228329  1.989868741  18.14685145  1065.536484
0.223397  1.963686957  18.18151567  1056.238035
0.218488  1.937395524  18.21300473  1047.142505
0.213605  1.909556181  18.24597823  1037.56496
0.20875  1.880585052  18.27266249  1028.029124
0.203925  1.850503065  18.29679032  1018.339855
0.199132  1.819384728  18.31958156  1008.446971
0.194373  1.787401662  18.33764702  998.5769608
0.189651  1.754024977  18.35859299  988.1355302
0.184967  1.722052345  18.38539708  977.7952987
0.180324  1.687610894  18.40222267  967.1063391
0.175724  1.6525277  18.15775809  955.9912197
0.17117  1.610890638  17.89087252  943.3088634
0.166663  1.575499944  17.90167019  931.9667724
0.162206  1.526521824  18.38921384  920.5530579
0.157801  1.508806506  18.15657044  913.9540774
0.15345  1.450544256  18.41841635  897.1570693
0.149156  1.425319635  18.42640471  889.7191128
0.144919  1.386378592  18.4254037  877.9239323
0.140743  1.347291926  18.42250967  866.0909433
0.136629  1.307918992  18.41420994  854.2140574
0.13258  1.268051877  18.39932431  842.3066537
0.128596  1.229334664  18.39775589  829.9981775
0.12468  1.182059369  17.9904068  815.6085722
0.120832  1.140165157  17.93503879  801.9031915
0.117056  1.084408843  18.32207396  783.3169824
0.113351  1.045575477  18.3154117  769.9956812
0.10972  1.006304691  18.3050351  756.2994422
0.106162  0.9763346902  18.27132172  747.2699179
0.10268  0.9369978426  18.23480459  733.3569252
