3.134419221  17.17497013
3.125580502  17.23250752
3.116105241  17.28883764
3.105310234  17.34549753
3.093279195  17.40252346
3.080106314  17.45828651
3.064136197  17.51384177
3.045717726  17.57284493
3.04124587  17.64132579
3.024156159  17.69591345
3.008016181  17.75374721
2.987941984  17.81261593
2.968445759  17.86776697
2.946007153  17.92446202
2.922289738  17.96171244
2.8979736  18.03062509
2.868424182  18.07316918
2.822168437  18.09779292
2.791015912  18.14430067
2.758734443  18.19100303
2.724710358  18.23813837
2.653262731  18.33029112
2.615676162  18.3785027
2.577401884  18.42593578
2.552163966  18.48299006
2.510539045  18.49807375
2.466171704  18.55062649
2.418812998  18.57867924
2.369516617  18.60251138
2.318982269  18.63012737
2.266670448  18.65184925
2.212886386  18.66947629
2.154626845  18.66949733
2.085898423  18.64332338
1.716447191  18.57498737
1.651088704  18.57149927
1.575544286  18.49576459
1.499307417  18.4329066
1.442303855  18.40648925
1.37848458  18.37196762
1.316061201  18.32227319
0.9937722278  17.97465565
0.9412783079  17.92182279
0.8639876409  17.83433129
0.8208470347  17.80679612
0.7732422721  17.76788349
0.5783831687  17.62492229
0.5249864439  17.62935732
0.4561214433  17.74817885
0.3826613047  18.03783241
0.3408645275  18.50876242
0.3186751467  18.5832879
