#central values for couplings
ms = 502.2303545
mw = 782.5
mp = 763.0
gs2 = 100.25574844165376
gw2 = 159.94894689710125
gp2 = 83.08017667927881
kappa = 4.475103985
lambda = -0.01870805824
zeta = 0.000399945274706
lambda_v = 0.004248329329141

2.69019
2.67171
2.68934
2.68934
2.6824
2.68621
2.70718
2.6662
2.7168
2.69596
2.69596
2.68308
2.68308
2.68305
2.67901
2.67204
2.67223
2.67223
2.66841
2.69327
2.68202
2.68673
2.696
2.696
2.67627
2.67885
2.67695
2.67627
2.65163
2.68767
2.68358
2.63963
2.63494
2.66636
2.64119
2.63143
2.63909
2.63868
2.63269
2.66303
2.66426
2.66376
2.66376
2.64037
2.64069
2.64029
2.63902
2.64557
2.67082
2.66476
2.65903
2.65621
2.65621
2.66472
2.6654
2.69103
2.69131
2.69131
2.70022
2.70009
2.70689
2.70369
2.69646
2.70152
2.69949
2.69949
2.68681
2.69666
2.69438
2.70082
2.67388
2.6732
2.62814
2.66904
2.66904
2.66734
2.67185
2.66305
2.67871
2.66696
2.66455
2.66454
2.66513
2.62539
2.62904
2.65792
2.68435
2.69166
2.68304
2.70961
2.70961
2.71319
2.71319
2.68908
2.68501
2.68455
2.68512
2.68511
2.69943
2.69023
2.69459
2.70149
2.70156
2.70313
2.70313
2.70314
2.70095
2.69912
2.71055
2.70066
2.69827
2.699
2.69779
2.6959
2.6968
2.70594
2.70596
2.70596
2.70596
2.71173
2.72563
2.71138
2.70185
2.70185
2.70182
2.67548
2.68488
2.72966
2.71101
2.71609
2.70759
2.68028
2.68691
2.70374
2.70205
2.70952
2.70952
2.70952
2.69585
2.69586
2.7
2.7
2.69962
2.70918
2.66421
2.67792
2.67793
2.64251
2.7157
2.71073
2.71292
2.68833
2.68878
2.68779
2.67772
2.65782
2.66765
2.64725
2.61604
2.67937
2.70505
2.70505
2.70143
2.69264
2.69206
2.69206
2.69445
2.69445
2.69521
2.68356
2.66257
2.66494
2.64574
2.63042
2.68651
2.70005
2.69933
2.707
2.707
2.69839
2.69839
2.7158
2.71137
2.71137
2.7199
2.71318
2.70905
2.70201
2.70144
2.64783
2.64513
2.7059
2.70574
2.70573
2.70267
2.70267
2.69172
2.71227
2.71415
2.67148
2.66131
2.67481
2.68502
2.70649
2.74167
2.74501
2.742
2.72877
2.72745
2.72745
2.72744
2.66025
2.69629
2.73492
2.71727
2.72153
2.72215
2.72215
2.72775
2.72354
2.7187
2.71875
2.70881
2.7096
2.69611
2.67254
2.68874
2.68874
2.6767
2.70681
2.70681
2.70681
2.69775
2.69775
2.70932
2.71625
2.68363
2.68215
2.66011
2.65287
2.64234
2.67182
2.67855
2.66945
2.65703
2.65703
2.71256
2.7061
2.70335
2.70335
2.68923
2.68846
2.68899
2.6888
2.68061
2.67319
2.67844
2.6988
2.69906
2.6935
2.6935
2.69368
2.66349
2.66349
2.66924
2.66251
2.6603
2.65374
2.6775
2.6775
2.68564
2.71756
2.70489
2.70271
2.70271
2.70275
2.7048
2.67495
2.69213
2.69599
2.68304
2.68304
2.69737
2.69736
2.69736
2.68925
2.67473
2.68609
2.68425
2.68425
2.68422
2.68433
2.6836
2.6918
2.66324
2.66324
2.67388
2.66512
2.66345
2.67965
2.71079
2.69739
2.71156
2.68602
2.69026
2.70326
2.6877
2.67285
2.69543
2.69542
2.69546
2.7056
2.70807
2.71876
2.72355
2.69243
2.70292
2.69153
2.67145
2.69129
2.6845
2.67917
2.68313
2.71561
2.71688
2.71668
2.7066
2.70809
2.71164
2.71164
2.70568
2.71186
2.71181
2.6871
2.68758
2.68754
2.63827
2.62368
2.60157
2.60156
2.60138
2.63548
2.63932
2.59889
2.59889
2.64206
2.62652
2.60939
2.61153
2.64445
2.68347
2.70099
2.70099
2.70022
2.69302
2.68123
2.68663
2.68572
2.69471
2.6963
2.68201
2.68201
2.65821
2.65805
2.64634
2.64249
2.65446
2.65446
2.65446
2.68091
2.68091
2.67947
2.68787
2.68795
2.68795
2.68823
2.68777
2.68738
2.68739
2.68688
2.68916
2.70825
2.6645
2.66011
2.66868
2.66969
2.67037
2.68344
2.65606
2.65571
2.6499
2.66785
2.68311
2.68324
2.67897
2.67752
2.68367
2.64709
2.64706
2.66127
2.6613
2.6613
2.7113
2.71195
2.7118
2.70833
2.71806
2.71871
2.70469
2.69341
2.72101
2.70166
2.70375
2.70606
2.6947
2.65253
2.65313
2.64806
2.62207
2.6434
2.67457
2.67791
2.66857
2.66767
2.66011
2.66726
2.69434
2.6949
2.67268
2.71774
2.7121
2.71933
2.70719
2.70462
2.67706
2.67597
2.67936
2.68763
2.68763
2.68764
2.69146
2.68965
2.6906
2.6906
2.69028
2.68897
2.71255
2.70419
2.70454
2.70454
2.68597
2.68595
2.68524
2.68804
2.68842
2.68842
2.68849
2.68913
2.69764
2.70873
2.70808
2.69828
2.69828
2.69758
2.70239
2.69895
2.69374
2.67684
2.67552
2.69911
2.6886
2.69024
2.69337
2.69125
2.68269
2.73831
2.69642
2.69839
2.69839
2.69817
2.69798
2.71512
2.71896
2.71329
2.71329
2.71175
2.71175
2.71182
2.69588
2.70266
2.70266
2.70886
2.69926
2.7061
2.72046
2.72046
2.72554
2.7202
2.69685
2.70733
2.70053
2.71213
2.64965
2.62129
2.61915
2.62505
2.64747
2.68331
2.68332
2.72147
2.73402
2.71162
2.72123
2.71609
2.7148
2.70966
2.71167
2.71628
2.70634
2.70634
2.70714
2.64767
2.64495
2.64319
2.64379
2.63128
2.65134
2.67124
2.62283
2.60926
2.60141
2.60296
2.60326
2.55565
2.54696
2.64858
2.64892
2.65045
2.69759
2.71115
2.67557
2.70613
2.70439
2.69438
2.70234
2.70254
2.70254
2.68447
2.66101
2.65951
2.66201
2.662
2.66803
2.66806
2.66809
2.66716
2.70261
2.70262
2.67592
2.66924
2.67183
2.68206
2.67373
2.69679
2.69684
2.68001
2.69171
2.68783
2.66337
2.66389
2.66969
2.65098
2.69064
2.69063
2.69062
2.69957
2.70096
2.70065
2.70072
2.70068
2.70883
2.68849
2.68793
2.68193
2.68193
2.68064
2.68837
2.68459
2.67884
2.6754
2.67944
2.68331
2.68536
2.68615
2.68621
2.71664
2.72029
2.69938
2.69975
2.69971
2.71802
2.71465
2.72434
2.73034
2.73035
2.72062
2.72299
2.72186
2.71857
2.71857
2.68408
2.67614
2.67913
2.66144
2.65908
2.65305
2.66719
2.65045
2.65112
2.70974
2.70812
2.70812
2.71871
2.70773
2.66188
2.69431
2.69355
2.69961
2.69961
2.71351
2.6913
2.69714
2.68711
2.68715
2.70444
2.67992
2.69035
2.68675
2.69434
2.70205
2.71768
2.71765
2.71993
2.70672
2.70672
2.70672
2.69519
2.69415
2.62076
2.61366
2.64883
2.64431
2.66057
2.65308
2.66161
2.66177
2.67873
2.68019
2.6216
2.68913
2.71978
2.70043
2.69489
2.69489
2.68397
2.68995
2.68345
2.68345
2.68398
2.67577
2.67617
2.6412
2.65261
2.69967
2.69968
2.69966
2.69937
2.69315
2.73358
2.7298
2.72838
2.73251
2.73263
2.69669
2.69575
2.68758
2.68596
2.67978
2.6892
2.70665
2.70663
2.70966
2.71416
2.70027
2.7052
2.70518
2.6929
2.70894
2.70183
2.70776
2.70447
2.68368
2.6764
2.67666
2.68
2.69421
2.67947
2.682
2.67647
2.67647
2.69809
2.70175
2.70175
2.70193
2.69717
2.70072
2.68586
2.68902
2.68717
2.67321
2.67321
2.68915
2.66748
2.72196
2.68299
2.70096
2.69788
2.69788
2.69807
2.69807
2.70515
2.66366
2.68399
2.684
2.68619
2.68621
2.70492
2.68552
2.68552
2.69136
2.69136
2.69878
2.69263
2.71642
2.71878
2.72079
2.72511
2.72511
2.69519
2.69519
2.65567
2.65708
2.66297
2.66297
2.65365
2.65491
2.66556
2.66555
2.66555
2.66555
2.66554
2.68092
2.69236
2.65204
2.65712
2.67471
2.61825
2.65415
2.64088
2.63986
2.63988
2.64738
2.64736
2.67085
2.67061
2.67183
2.55833
2.56241
2.56006
2.61543
2.66109
2.66005
2.65044
2.65012
2.66802
2.66802
2.6712
2.6621
2.67038
2.6748
2.67929
2.68229
2.68802
2.68287
2.7078
2.71018
2.71018
2.71018
2.70997
2.67887
2.67003
2.67003
2.66525
2.6537
2.64645
2.64645
2.62593
2.62593
2.68947
2.69794
2.68608
2.65592
2.65592
2.65592
2.65592
2.63643
2.64535
2.64535
2.64654
2.63422
2.64781
2.68077
2.68077
2.68165
2.67817
2.66006
2.66005
2.66938
2.66907
2.66538
2.66558
2.66285
2.65846
2.65845
2.65845
2.67928
2.67363
2.66281
2.66134
2.66711
2.66711
2.67319
2.69566
2.70066
2.6826
2.68214
2.64203
2.65254
2.63084
2.66658
2.70148
2.71587
2.71755
2.71755
2.71209
2.71209
2.69946
2.69047
2.67146
2.66107
2.65761
2.6576
2.6576
2.66342
2.68024
2.67907
2.69205
2.68452
2.68452
2.69266
2.69266
2.69266
2.69289
2.67486
2.69267
2.66248
2.66248
2.65957
2.68051
2.68047
2.68917
2.69874
2.70261
2.70772
2.70064
2.71548
2.72386
2.72386
2.72386
2.71177
2.70841
2.72185
2.71329
2.71177
2.70403
2.70389
2.65511
2.70384
2.69892
2.71778
2.71652
2.63023
2.61636
2.61983
2.61961
2.62414
2.62415
2.62743
2.63022
2.62209
2.6221
2.60419
2.61512
2.68638
2.69594
2.69594
2.69594
2.70314
2.70117
2.70494
2.69296
2.69492
2.69164
2.69895
2.68397
2.70439
2.69361
2.69173
2.69173
2.69384
2.72752
2.72751
2.72751
2.66613
2.66839
2.66435
2.64643
2.62325
2.63172
2.62813
2.6278
2.61879
2.62085
2.63388
2.62529
2.62332
2.62019
2.62315
2.62723
2.66807
2.64632
2.65666
2.66401
2.66629
2.66602
2.66093
2.67812
2.68487
2.67338
2.67374
2.67698
2.67696
2.65859
2.65967
2.66565
2.66323
2.65621
2.65734
2.65901
2.62294
2.62365
2.65824
2.64438
2.66161
2.66447
2.67547
2.67643
2.67492
2.67368
2.67373
2.66534
2.68756
2.69444
2.69415
2.70943
2.70943
2.70941
2.70143
2.70301
2.69913
2.70244
2.70052
2.65897
2.68933
2.68933
2.69779
2.69779
2.69929
2.6952
2.68867
2.68867
2.68822
2.68977
2.68196
2.69633
2.65265
2.63193
2.67932
2.69641
2.66187
2.66268
2.7077
2.68945
2.69381
2.68472
2.67528
2.68781
2.68781
2.67985
2.69632
2.68802
2.70968
2.69251
2.71277
2.69992
2.67366
2.67366
2.70504
2.69778
2.69945
2.70498
2.70242
2.7041
2.70493
2.6856
2.6685
2.67719
2.67821
2.67729
2.67803
2.69806
2.69035
2.67966
2.66636
2.68651
2.70763
2.67535
2.67535
2.63932
2.63934
2.638
2.638
2.67631
2.67529
2.66678
2.66714
2.66773
2.66773
2.67214
2.67357
2.6745
2.673
2.6464
2.65944
2.65944
2.6677
2.6677
2.66772
2.67766
2.6592
2.66291
2.67009
2.68801
2.66164
2.67914
2.68023
2.68028
2.69079
2.70096
2.68464
2.71669
2.71105
2.65279
2.70014
2.70014
2.70015
2.68971
2.68989
2.68966
2.68232
2.69206
2.73999
2.73545
2.73595
2.69323
2.69442
2.69725
2.6965
2.6877
2.64092
2.6425
2.67649
2.67626
2.66787
2.67118
2.67716
2.67716
2.67716
2.65788
2.65823
2.65217
2.65767
2.65392
2.66072
2.65932
2.66201
2.6966
2.66861
2.66872
2.66833
2.66206
2.70597
2.68619
2.68698
2.6916
2.6916
2.68945
2.68955
2.70862
2.70847
2.71193
2.69574
2.64377
2.64866
2.65273
2.65282
2.65275
2.65284
2.64861
2.64793
2.64839
2.65047
2.67746
2.62706
2.65758
2.6642
2.66206
2.64396
2.63737
2.655
2.64226
2.65156
2.68064
2.68064
2.67752
2.6815
2.69329
2.69689
2.69728
2.71351
2.71378
2.67736
2.65252
2.65918
2.658
2.65417
2.69079
2.68328
2.71298
2.69223
2.67993
2.67989
2.64011
2.64011
2.65473
2.65279
2.6776
2.69272
2.70592
2.71487
2.71109
2.69839
2.67784
2.70179
2.70179
2.6792
2.70511
2.69753
2.65866
2.65426
2.66703
2.68023
2.64993
2.64532
2.6888
2.6866
2.68666
2.69857
2.69857
2.69032
2.69225
2.6751
2.67338
2.65208
2.65091
2.66098
2.66162
2.64062
2.64062
2.65219
2.65219
2.65081
2.65471
2.65791
2.65789
2.65978
2.66369
2.66369
2.66902
2.68129
2.69251
2.70479
2.70423
2.70485
2.71351
2.71355
2.71492
2.70594
2.71234
2.71287
2.69535
2.7133
2.70772
2.70953
2.70953
2.68569
2.69604
2.70344
2.70344
2.68106
2.68576
2.68761
2.64619
2.67802
2.68597
2.68597
2.68597
2.68445
2.68087
2.68129
2.68284
2.67642
2.7305
2.679
2.679
2.66419
2.65699
2.65095
2.66081
2.6653
2.66271
2.69858
2.67252
2.67262
2.66836
2.66901
2.66014
2.68031
2.67682
2.6515
2.65382
2.69526
2.70133
2.69213
2.69134
2.69134
2.69135
2.68382
2.66633
2.66927
2.66694
2.66694
2.69445
2.69446
2.69446
2.69446
2.7011
2.70298
2.6831
2.65321
2.67379
2.66529
2.66093
2.67171
2.67171
2.67213
2.65941
2.65777
2.66031
2.67621
2.69572
2.68373
2.66668
2.66852
2.6835
2.68169
2.68914
2.68914
2.69429
2.70342
2.70424
2.68166
2.68166
2.7072
2.71637
2.7164
2.71796
2.71837
2.71836
2.68777
2.69372
2.65909
2.65415
2.65415
2.66318
2.64619
2.7109
2.7109
2.71096
2.70822
2.66292
2.68007
2.69316
2.70032
2.70166
2.69792
2.6987
2.69991
2.69783
2.69783
2.71953
2.71953
2.69887
2.69091
2.69091
2.69097
2.68006
2.68006
2.68596
2.67552
2.68024
2.67897
2.67897
2.68007
2.68448
2.68279
2.685
2.68525
2.69478
2.67882
2.67419
2.67302
2.69069
2.6444
2.63271
2.63287
2.66546
2.65704
2.67199
2.67156
2.67359
2.67193
2.63417
2.63457
2.66569
2.72884
2.72886
2.71227
2.71223
2.71251
2.71286
2.72571
2.72366
2.70035
2.72115
2.72125
2.70626
2.72529
2.72441
2.72517
2.70655
2.70362
2.64509
2.66748
2.66826
2.65801
2.62535
2.62342
2.65245
2.65073
2.65622
2.65622
2.65259
2.65343
2.6243
2.62177
2.65366
2.65366
2.65342
2.69798
2.69558
2.69547
2.70235
2.7021
2.7021
2.70636
2.70636
2.65645
2.65309
2.68314
2.66735
2.66735
2.68798
2.68888
2.6888
2.68881
2.71241
2.70313
2.70411
2.67161
2.67697
2.64369
2.64688
2.65546
2.6534
2.66421
2.67297
2.66995
2.68556
2.67335
2.69519
2.69065
2.69614
2.69563
2.6564
2.65905
2.65488
2.64543
2.66999
2.67913
2.68187
2.67596
2.70287
2.70064
2.70162
2.70162
2.71412
2.69918
2.70982
2.69839
2.69454
2.69073
2.69349
2.69349
2.66429
2.66334
2.68246
2.65501
2.66808
2.73665
2.73408
2.73712
2.73692
2.74248
2.74258
2.72545
2.74221
2.7266
2.73021
2.73021
2.7312
2.72894
2.72894
2.68776
2.68721
2.69301
2.67606
2.66331
2.66157
2.61931
2.61208
2.61208
2.7259
2.7259
2.71848
2.71846
2.71847
2.69594
2.69593
2.69633
2.70708
2.7071
2.72639
2.67455
2.64903
2.64903
2.64972
2.64922
2.64556
2.69981
2.66946
2.6693
2.67061
2.67954
2.6759
2.66172
2.66627
2.67519
2.69579
2.69256
2.68425
2.70122
2.69803
2.69262
2.69563
2.71726
2.71726
2.71726
2.69025
2.70149
2.69333
2.69532
2.69467
2.69979
2.6975
2.69161
2.69161
2.69689
2.69095
2.68345
2.68502
2.68493
2.68412
2.68841
2.69906
2.70147
2.7009
2.70225
2.68125
2.67664
2.67664
2.67042
2.66615
2.66537
2.67964
2.67436
2.67439
2.69303
2.71227
2.71442
2.71434
2.72411
2.70961
2.68019
2.68019
2.65111
2.64996
2.64996
2.65552
2.67281
2.66791
2.68857
2.69083
2.69153
2.6948
2.6948
2.69253
2.69263
2.69263
2.68673
2.68936
2.65488
2.6582
2.66055
2.62562
2.62478
2.62837
2.65144
2.64503
2.65656
2.64472
2.65039
2.65039
2.70348
2.69119
2.69126
2.68887
2.68887
2.68887
2.68597
2.68711
2.69389
2.69639
2.69148
2.64026
2.64085
2.65855
2.65815
2.65815
2.65265
2.65431
2.65433
2.65194
2.65304
2.64771
2.64771
2.71174
2.71173
2.69947
2.69803
2.66656
2.64944
2.65416
2.65467
2.65467
2.65469
2.65554
2.65561
2.66014
2.65982
2.65735
2.64847
2.62176
2.6218
2.62399
2.62399
2.63426
2.63587
2.63646
2.63646
2.6728
2.65125
2.67639
2.66377
2.67617
2.70215
2.69809
2.65826
2.63745
2.63751
2.63967
2.63967
2.63972
2.6679
2.66222
2.66222
2.67023
2.6702
2.67988
2.67871
2.69766
2.69961
2.69534
2.6514
2.65907
2.65735
2.68681
2.71313
2.71369
2.71368
2.66731
2.69981
2.70476
2.70117
2.6499
2.65504
2.65504
2.65993
2.65993
2.65993
2.66073
2.68368
2.68366
2.68367
2.67769
2.65673
2.63663
2.62288
2.6232
2.62365
2.65072
2.64616
2.64616
2.6382
2.6382
2.66113
2.67958
2.67815
2.67742
2.65785
2.65758
2.65758
2.65758
2.66882
2.66724
2.65036
2.65017
2.64417
2.6437
2.63669
2.63131
2.66098
2.62518
2.62648
2.62648
2.62648
2.6214
2.63811
2.63811
2.64748
2.63067
2.63333
2.6323
2.66671
2.66738
2.67456
2.67119
2.67073
2.66638
2.67927
2.6782
2.67821
2.66378
2.68038
2.67976
2.67908
2.67907
2.67877
2.67663
2.67674
2.68437
2.68362
2.6833
2.67366
2.67769
2.67775
2.67662
2.67676
2.67425
2.66188
2.68954
2.68198
2.66759
2.66759
2.68483
2.68735
2.68067
2.66312
2.66895
2.66935
2.67024
2.67024
2.67024
2.66878
2.65885
2.66174
2.6616
2.66176
2.68269
2.68269
2.68239
2.65194
2.65111
2.68811
2.70291
2.70291
2.70291
2.70367
2.70496
2.7117
2.70359
2.69343
2.70119
2.69214
2.70022
2.66443
2.65472
2.69677
2.69677
2.6968
2.70675
2.69529
2.69552
2.68772
2.68577
2.68404
2.68545
2.67199
2.67059
2.66685
2.67161
2.67486
2.67543
2.67653
2.6774
2.67907
2.67894
2.60961
2.61145
2.60799
2.6164
2.6164
2.6138
2.6672
2.64245
2.6499
2.64897
2.66088
2.6624
2.69829
2.7044
2.71185
2.68171
2.68169
2.68169
2.68169
2.70029
2.69753
2.69287
2.7331
2.72392
2.71446
2.70919
2.70904
2.71038
2.71056
2.68473
2.68669
2.68483
2.68291
2.69842
2.70356
2.68169
2.68068
2.61188
2.59549
2.60094
2.62774
2.62826
2.62824
2.63754
2.64195
2.64138
2.68881
2.69321
2.69092
2.69327
2.66981
2.67382
2.67978
2.67848
2.68186
2.67613
2.67613
2.68127
2.68405
2.68255
2.68039
2.67584
2.67387
2.67385
2.6714
2.68329
2.67829
2.66624
2.6694
2.66942
2.66985
2.67178
2.6679
2.66795
2.66243
2.64737
2.64893
2.67278
2.67278
2.68054
2.6696
2.69607
2.69807
2.69807
2.66279
2.71684
2.71713
2.71736
2.71724
2.727
2.72619
2.72613
2.72628
2.72067
2.67329
2.64687
2.64686
2.64686
2.64686
2.66592
2.70544
2.70907
2.68253
2.71324
2.70433
2.65901
2.65531
2.6558
2.65724
2.65724
2.64895
2.6486
2.67813
2.65685
2.63609
2.68219
2.67676
2.68042
2.67073
2.68065
2.68065
2.67741
2.68487
2.68677
2.68068
2.68068
2.68068
2.68475
2.68246
2.68058
2.68953
2.68953
2.68879
2.6888
2.67997
2.65237
2.65236
2.64249
2.65456
2.65101
2.6178
2.62456
2.62887
2.62915
2.63787
2.63781
2.65306
2.67327
2.65326
2.65329
2.65874
2.65874
2.62908
2.62821
2.6143
2.61521
2.61521
2.63518
2.63447
2.67414
2.67284
2.67104
2.67104
2.67113
2.65233
2.66304
2.65161
2.65448
2.66268
2.67663
2.67521
2.6768
2.67512
2.67512
2.67507
2.66527
2.66548
2.68225
2.68225
2.67716
2.67716
2.68277
2.68255
2.68249
2.67803
2.6552
2.64939
2.65822
2.65889
2.66607
2.60024
2.62629
2.62598
2.63895
2.64044
2.67363
2.69247
2.68044
2.68043
2.68043
2.67775
2.67863
2.68257
2.66526
2.66924
2.66043
2.66455
2.66164
2.66164
2.66285
2.646
2.646
2.66078
2.66062
2.6085
2.62547
2.62361
2.6257
2.6495
2.6531
2.67984
2.67261
2.67261
2.6609
2.65881
2.65881
2.68494
2.69231
2.64841
2.64818
2.65793
2.65757
2.65767
2.65106
2.64218
2.63708
2.63708
2.66949
2.67544
2.66137
2.65214
2.6393
2.62132
2.66328
2.68408
2.68408
2.70771
2.71091
2.66817
2.66817
2.65163
2.64426
2.63845
2.67636
2.67054
2.66047
2.66815
2.68237
2.61652
2.61703
2.61705
2.61768
2.61767
2.59612
2.57257
2.59087
2.62347
2.67572
2.66199
2.66958
2.68056
2.65934
2.68704
2.68678
2.68234
2.68086
2.67796
2.66759
2.67353
2.67019
2.66256
2.65347
2.64922
2.64009
2.65857
2.62264
2.62415
2.6492
2.62406
2.65613
2.65613
2.68874
2.6889
2.6887
2.70532
2.71467
2.7152
2.7152
2.70587
2.70306
2.70599
2.66642
2.66705
2.65941
2.69962
2.69794
2.65576
2.65577
2.65373
2.67993
2.66329
2.6982
2.70475
2.70429
2.69831
2.69831
2.69831
2.694
2.694
2.68594
2.66812
2.67581
2.67109
2.67109
2.65655
2.65653
2.65653
2.65653
2.6576
2.65767
2.68848
2.68849
2.68759
2.67963
2.65562
2.6608
2.66676
2.658
2.659
2.68629
2.70788
2.70762
2.69422
2.69123
2.69123
2.69218
2.69741
2.68146
2.68705
2.68705
2.68129
2.67604
2.64925
2.64912
2.6491
2.64921
2.63878
2.65321
2.71556
2.6811
2.681
2.67985
2.67985
2.68031
2.64928
2.66654
2.67286
2.67946
2.67947
2.67948
2.6752
2.6887
2.6779
2.65746
2.6543
2.65561
2.66791
2.66815
2.65957
2.67492
2.67423
2.6753
2.68414
2.71184
2.71298
2.71149
2.71115
2.71114
2.71093
2.71515
2.71541
2.7157
2.70354
2.70437
2.70413
2.70379
2.69017
2.69456
2.69057
2.68914
2.66502
2.66501
2.66302
2.64077
2.63277
2.59196
2.63798
2.63734
2.63794
2.64772
2.6605
2.66045
2.65865
2.66682
2.65539
2.66793
2.671
2.67051
2.65046
2.65042
2.67151
2.66286
2.66286
2.6757
2.6757
2.67346
2.67317
2.66316
2.68003
2.68514
2.68313
2.71239
2.70455
2.69245
2.69245
2.69245
2.69759
2.6844
2.68127
2.68127
2.68126
2.68128
2.68278
2.68601
2.68357
2.68211
2.68131
2.68131
2.68093
2.6807
2.6807
2.67079
2.67591
2.67591
2.67591
2.68656
2.67722
2.67722
2.67757
2.67757
2.67948
2.67396
2.68455
2.67519
2.68117
2.68131
2.69037
2.68925
2.69875
2.69875
2.7022
2.69935
2.68076
2.68076
2.67378
2.67434
2.67434
2.68366
2.68971
2.68971
2.65494
2.65733
2.73093
2.74223
2.74223
2.74223
2.74221
2.73948
2.73546
2.73527
2.72133
2.71357
2.70833
2.71693
2.71738
2.69521
2.7006
2.68575
2.70279
2.70288
2.70288
2.70288
2.70255
2.70118
2.70119
2.70212
2.70212
2.70212
2.70212
2.68686
2.6866
2.67741
2.6705
2.67051
2.67227
2.67212
2.65199
2.65199
2.68125
2.68125
2.65072
2.6118
2.60854
2.60834
2.62546
2.62971
2.6331
2.67882
2.68158
2.68181
2.67488
2.6585
2.67161
2.66955
2.65534
2.65931
2.69797
2.69797
2.69826
2.7057
2.7057
2.70569
2.6721
2.6721
2.6766
2.6766
2.67904
2.67905
2.66577
2.65421
2.67273
2.67557
2.67557
2.68848
2.64748
2.64836
2.65371
2.6596
2.66438
2.6358
2.62432
2.65281
2.65791
2.65396
2.65396
2.64039
2.65668
2.65474
2.65619
2.64198
2.66434
2.66078
2.64721
2.64839
2.67176
2.66886
2.69897
2.70088
2.67001
2.68069
2.68275
2.67668
2.67666
2.68
2.64394
2.64394
2.64423
2.65406
2.65617
2.64443
2.63925
2.63525
2.68248
2.67655
2.68096
2.68086
2.68072
2.68072
2.68692
2.68284
2.68356
2.68356
2.68356
2.68356
2.68519
2.68796
2.68797
2.66516
2.65673
2.65672
2.65402
2.66077
2.64781
2.67036
2.67337
2.67043
2.67305
2.67307
2.63978
2.59694
2.61767
2.63784
2.64037
2.64074
2.65234
2.67519
2.6821
2.65399
2.66912
2.6733
2.68099
2.6656
2.66976
2.67873
2.66773
2.63302
2.64562
2.6557
2.65647
2.65264
2.64025
2.6538
2.64749
2.68067
2.66124
2.68206
2.68241
2.68011
2.68011
2.67499
2.66665
2.64392
2.67429
2.70302
2.70302
2.7022
2.6952
2.68983
2.68982
2.68979
2.68978
2.68282
2.68553
2.68148
2.67275
2.67278
2.67501
2.67529
2.65156
2.68392
2.68392
2.6802
2.67647
2.67061
2.66721
2.66722
2.66722
2.66723
2.67603
2.66656
2.70179
2.67295
2.68433
2.68433
2.66655
2.66403
2.68631
2.67164
2.67164
2.69377
2.68682
2.68682
2.67839
2.64393
2.64282
2.68577
2.68735
2.68735
2.69187
2.70317
2.66541
2.66065
2.66368
2.65957
2.66397
2.66299
2.67506
2.67547
2.68261
2.70371
2.72637
2.70845
2.71253
2.71311
2.71945
2.71853
2.72029
2.72296
2.68401
2.67452
2.67691
2.68928
2.69303
2.6946
2.6946
2.6917
2.70704
2.72191
2.72191
2.69444
2.67546
2.67413
2.70447
2.68884
2.70207
2.6959
2.6959
2.6962
2.69485
2.69483
2.68553
2.68552
2.68915
2.68448
2.67166
2.67166
2.65719
2.64196
2.63393
2.63393
2.64877
2.64868
2.66182
2.65091
2.65455
2.65895
2.65615
2.65615
2.65615
2.649
2.66675
2.66398
2.69075
2.69308
2.66337
2.70975
2.69631
2.65564
2.65698
2.67316
2.67356
2.66812
2.66807
2.68503
2.68596
2.68329
2.70275
2.70358
2.70306
2.71234
2.709
2.73533
2.72199
2.70857
2.69463
2.71777
2.70923
2.679
2.71568
2.73251
2.72753
2.69429
2.69732
2.7339
2.74793
2.74731
2.74675
2.73938
2.74386
2.64869
2.62839
2.62839
2.69387
2.69387
2.70046
2.70046
2.69001
2.69001
2.67052
2.65363
2.65363
2.66535
2.66535
2.6654
2.67056
2.69042
2.68838
2.69663
2.72555
2.72555
2.72495
2.72934
2.72501
2.72301
2.72302
2.72839
2.731
2.69441
2.7248
2.73347
2.73347
2.7151
2.69207
2.65436
2.68946
2.676
2.70616
2.71166
2.71884
2.71644
2.69355
2.7045
2.7045
2.68716
2.687
2.68757
2.69496
2.66949
2.67412
2.66579
2.6708
2.68019
2.68118
2.65821
2.66043
2.65321
2.65319
2.65319
2.65428
2.70953
2.70688
2.704
2.70402
2.70402
2.70533
2.70533
2.70533
2.73073
2.73073
2.73073
2.71686
2.71647
2.6975
2.71005
2.70993
2.71108
2.70586
2.69964
2.69934
2.69028
2.69028
2.69396
2.70747
2.68238
2.69763
2.68956
2.70324
2.70324
2.69963
2.69868
2.69868
2.64689
2.64689
2.64931
2.65271
2.65023
2.68189
2.67223
2.6645
2.6659
2.66831
2.66831
2.63944
2.65056
2.65057
2.6897
2.73195
2.72891
2.72891
2.72891
2.72891
2.72905
2.71495
2.71139
2.72182
2.72182
2.72792
2.73847
2.72853
2.72852
2.71268
2.71269
2.71634
2.69659
2.71821
2.71808
2.72423
2.73478
2.73105
2.73766
2.7355
2.73089
2.73811
2.73615
2.72571
2.72571
2.72571
2.70923
2.7134
2.7057
2.71012
2.70721
2.70121
2.70119
2.70173
2.71679
2.71679
2.71679
2.71679
2.68241
2.68241
2.69772
2.6625
2.7041
2.70517
2.72755
2.72755
2.73186
2.73228
2.73228
2.73228
2.68235
2.70052
2.68562
2.68675
2.66629
2.6663
2.70511
2.72378
2.73055
2.70625
2.70625
2.70625
2.70382
2.71935
2.72249
2.72747
2.70041
2.68776
2.68871
2.67256
2.67919
2.70748
2.72554
2.72554
2.73438
2.68489
2.68666
2.70804
2.66192
2.64342
2.64201
2.70929
2.70948
2.69865
2.70543
2.69284
2.69116
2.69179
2.71832
2.7165
2.7166
2.68102
2.67035
2.66425
2.66425
2.67938
2.67945
2.66657
2.67695
2.68315
2.68315
2.68894
2.69876
2.69996
2.67837
2.66618
2.66766
2.67025
2.678
2.64953
2.64967
2.60273
2.59606
2.59385
2.61916
2.61916
2.61916
2.61916
2.62382
2.65589
2.65776
2.65491
2.67909
2.6809
2.66434
2.66207
2.66207
2.64763
2.67206
2.67206
2.67173
2.70947
2.69329
2.67831
2.67831
2.70729
2.66496
2.65187
2.62906
2.60136
2.67224
2.68141
2.6745
2.67391
2.66916
2.66242
2.65108
2.65058
2.67513
2.6529
2.62418
2.63101
2.63348
2.65707
2.65715
2.64996
2.67034
2.66159
2.69623
2.69627
2.69618
2.6966
2.69517
2.69019
2.68991
2.71242
2.69578
2.68928
2.6891
2.6891
2.69839
2.69727
2.69809
2.65661
2.65661
2.63918
2.66522
2.66458
2.68481
2.67459
2.64409
2.70237
2.69441
2.69418
2.71317
2.71605
2.68133
2.68131
2.68012
2.67005
2.67541
2.61354
2.6968
2.69848
2.69031
2.68294
2.68411
2.70979
2.69762
2.71154
2.70255
2.70255
2.7014
2.7014
2.69887
2.69592
2.68054
2.67352
2.6638
2.68511
2.68503
2.68804
2.67013
2.67008
2.67111
2.67111
2.66912
2.67312
2.66854
2.66854
2.6651
2.6651
2.6651
2.69382
2.68936
2.69687
2.69484
2.71807
2.71457
2.69169
2.69555
2.69556
2.69556
2.68273
2.67577
2.68697
2.69039
2.69195
2.69119
2.66594
2.69245
2.72649
2.72923
2.7311
2.73109
2.7056
2.70349
2.72972
2.67853
2.67614
2.68655
2.68771
2.69928
2.70036
2.68141
2.71744
2.71745
2.71637
2.72494
2.72494
2.70695
2.70695
2.70495
2.70909
2.69968
2.6762
2.67665
2.68566
2.68563
2.68574
2.6907
2.67955
2.66093
2.65486
2.66279
2.69146
2.69147
2.69147
2.69147
2.6875
2.66351
2.70264
2.70262
2.65381
2.64511
2.61978
2.61257
2.61531
2.63179
2.63367
2.63471
2.63471
2.69223
2.69205
2.69272
2.68114
2.66698
2.66576
2.64942
2.6501
2.64144
2.66951
2.6676
2.67331
2.68153
2.68142
2.65938
2.66468
2.63759
2.66401
2.67916
2.67916
2.70279
2.71519
2.71519
2.72075
2.70024
2.64162
2.69088
2.69505
2.69123
2.69051
2.69624
2.71035
2.70661
2.70919
2.70438
2.7093
2.70934
2.70934
2.70445
2.7161
2.7161
2.70167
2.7116
2.7116
2.67533
2.6854
2.71234
2.68248
2.68498
2.68496
2.68496
2.68086
2.68083
2.67157
2.67087
2.67523
2.69086
2.67473
2.68638
2.67116
2.66779
2.66426
2.69937
2.70282
2.68171
2.69205
2.69251
2.68253
2.68048
2.68268
2.67743
2.68486
2.68498
2.68293
2.68293
2.6837
2.69056
2.67883
2.66969
2.69263
2.69263
2.71183
2.70494
2.70614
2.73835
2.63025
2.6243
2.63983
2.63964
2.64686
2.67052
2.601
2.60801
2.60799
2.58745
2.60047
2.68931
2.68916
2.69131
2.69132
2.69132
2.66521
2.66531
2.66531
2.6638
2.70242
2.69385
2.69517
2.68998
2.67313
2.66713
2.69046
2.6992
2.70542
2.70534
2.69665
2.69647
2.68281
2.68242
2.69927
2.70018
2.69468
2.69678
2.69596
2.70009
2.70009
2.68947
2.68947
2.68968
2.69259
2.67039
2.6662
2.66663
2.67478
2.69325
2.71342
2.71342
2.72616
2.72616
2.70832
2.7386
2.6727
2.64792
2.64792
2.64776
2.64592
2.6841
2.68779
2.68634
2.6858
2.70912
2.6849
2.6832
2.70716
2.70648
2.70115
2.70024
2.7014
2.6882
2.67035
2.66295
2.66352
2.66224
2.66224
2.64194
2.6423
2.63711
2.63709
2.65987
2.66593
2.66593
2.66658
2.6988
2.68467
2.6962
2.71274
2.7078
2.70773
2.70157
2.70132
2.70181
2.69629
2.68405
2.6838
2.67203
2.69715
2.69579
2.69238
2.69258
2.69259
2.69147
2.69135
2.67648
2.68766
2.6616
2.67183
2.68903
2.69068
2.68904
2.67669
2.67669
2.67869
2.67672
2.68707
2.68775
2.67275
2.6704
2.61467
2.6171
2.60017
2.63216
2.70619
2.71375
2.71424
2.71512
2.71511
2.71165
2.68312
2.68312
2.68185
2.68185
2.67623
2.66479
2.67576
2.66951
2.67244
2.67497
2.6715
2.66862
2.66865
2.67013
2.66856
2.67667
2.6765
2.7045
2.69997
2.69043
2.70466
2.68616
2.71259
2.66919
2.6692
2.67153
2.67641
2.68184
2.68184
2.66197
2.66197
2.67444
2.67464
2.68403
2.68116
2.6904
2.69116
2.67967
2.66332
2.66233
2.66347
2.66279
2.66181
2.66187
2.64459
2.63004
2.60662
2.64073
2.63967
2.63979
2.63979
2.64013
2.66943
2.66247
2.66009
2.6734
2.67478
2.67354
2.71328
2.71839
2.69071
2.69061
2.68909
2.69106
2.69106
2.69315
2.69147
2.69147
2.69597
2.68513
2.68461
2.68454
2.68945
2.67486
2.67841
2.67842
2.67781
2.67412
2.67458
2.65893
2.65893
2.63905
2.63907
2.64959
2.64942
2.67425
2.67012
2.61898
2.61892
2.64475
2.64192
2.64462
2.62398
2.62809
2.62758
2.67745
2.67478
2.67527
2.67528
2.67528
2.62319
2.64539
2.64324
2.66537
2.67504
2.67489
2.66993
2.66944
2.66805
2.65423
2.66848
2.66895
2.66585
2.67009
2.66967
2.67699
2.66261
2.66075
2.66091
2.66091
2.67917
2.66814
2.69379
2.69379
2.69345
2.69652
2.69614
2.67116
2.69443
2.69446
2.69449
2.69127
2.65645
2.62756
2.62264
2.63662
2.62982
2.63469
2.63518
2.66842
2.66842
2.68842
2.68666
2.65885
2.69708
2.69708
2.70341
2.70456
2.70362
2.65897
2.65123
2.65123
2.65117
2.63626
2.63477
2.63487
2.62881
2.64114
2.64114
2.64331
2.64506
2.64011
2.67111
2.6708
2.6708
2.67045
2.67808
2.6786
2.67603
2.6801
2.67345
2.68584
2.69164
2.68743
2.68643
2.67937
2.65429
2.65808
2.65814
2.6616
2.69525
2.68495
2.6944
2.68386
2.69104
2.62412
2.62412
2.6282
2.65184
2.6324
2.6324
2.63188
2.63093
2.63093
2.63093
2.64085
2.71714
2.71356
2.71898
2.71612
2.69642
2.65789
2.65789
2.66481
2.64312
2.66122
2.66748
2.64538
2.64538
2.64868
2.6305
2.63063
2.65908
2.66577
2.6685
2.70128
2.70128
2.70129
2.69975
2.70007
2.70311
2.69558
2.68813
2.67881
2.69124
2.69125
2.66256
2.64445
2.63943
2.67724
2.68314
2.68253
2.6825
2.69884
2.68991
2.68991
2.68991
2.68889
2.69025
2.65936
2.65753
2.68333
2.66682
2.66285
2.67054
2.66127
2.66127
2.66193
2.66646
2.65409
2.66369
2.66369
2.66234
2.67399
2.66342
2.6407
2.63176
2.61911
2.62121
2.63824
2.65771
2.66555
2.66555
2.67246
2.67144
2.67052
2.67871
2.65823
2.67756
2.67229
2.66368
2.65284
2.64916
2.64916
2.6516
2.64792
2.68983
2.68993
2.68597
2.68616
2.69261
2.69347
2.69372
2.69364
2.69283
2.70294
2.68613
2.66609
2.68135
2.68935
2.68114
2.66511
2.6652
2.66072
2.65918
2.6784
2.68457
2.68032
2.69933
2.68929
2.69826
2.69478
2.69835
2.70877
2.70959
2.71229
2.71171
2.71171
2.72016
2.68567
2.68568
2.69821
2.69206
2.69206
2.69206
2.6987
2.71363
2.73182
2.73183
2.71888
2.68763
2.7179
2.7179
2.63249
2.64032
2.68956
2.68955
2.68994
2.68912
2.68649
2.68885
2.67471
2.68133
2.68894
2.68649
2.69447
2.69358
2.69747
2.68323
2.69187
2.68483
2.68483
2.70079
2.70031
2.70167
2.70167
2.68535
2.70146
2.70146
2.70118
2.69383
2.68112
2.68112
2.68112
2.68166
2.68153
2.68282
2.68246
2.68249
2.67748
2.6771
2.67649
2.6785
2.66121
2.66121
2.65422
2.65405
2.66493
2.66438
2.66347
2.66035
2.6638
2.68297
2.68224
2.68102
2.70564
2.70727
2.70152
2.72366
2.6945
2.70162
2.68218
2.6672
2.66368
2.66098
2.66092
2.62406
2.65152
2.70744
2.71182
2.70847
2.68403
2.66555
2.69342
2.6961
2.66633
2.66028
2.65545
2.66116
2.66664
2.66914
2.6768
2.67763
2.67696
2.67639
2.66599
2.66599
2.65767
2.66572
2.67773
2.67774
2.67993
2.66876
2.66874
2.65478
2.65988
2.66867
2.65994
2.66057
2.66824
2.66954
2.66938
2.6448
2.64881
2.65753
2.65554
2.65552
2.65832
2.65832
2.66565
2.66584
2.65771
2.65771
2.65521
2.67471
2.66561
2.64335
2.62983
2.66407
2.65827
2.69319
2.69734
2.69734
2.69734
2.68263
2.68264
2.69654
2.70391
2.67697
2.67885
2.67944
2.67921
2.68604
2.67125
2.67125
2.66975
2.72626
2.7223
2.70879
2.71033
2.71033
2.70809
2.69865
2.69756
2.69756
2.67702
2.65131
2.6476
2.60066
2.62651
2.6216
2.63835
2.67977
2.69701
2.69701
2.71177
2.67958
2.67985
2.68045
2.68423
2.68423
2.68423
2.68412
2.68686
2.68688
2.68688
2.69044
2.69022
2.69017
2.70168
2.71986
2.71681
2.70044
2.7003
2.69824
2.69619
2.69567
2.68893
2.67519
2.68456
2.66932
2.6946
2.6946
2.70129
2.65544
2.65442
2.65442
2.64741
2.65632
2.65632
2.65551
2.64445
2.62565
2.62565
2.62565
2.62718
2.6273
2.66617
2.66617
2.68527
2.65993
2.65973
2.65973
2.6997
2.67285
2.67874
2.69002
2.69013
2.68759
2.69688
2.69688
2.69653
2.69652
2.69989
2.68321
2.68321
2.64488
2.62392
2.63079
2.63079
2.63079
2.70051
2.70051
2.70051
2.6746
2.67471
2.65887
2.63757
2.71275
2.71282
2.71282
2.69451
2.67749
2.67363
2.68452
2.69782
2.69813
2.70373
2.70424
2.70676
2.70676
2.70181
2.70663
2.70847
2.68901
2.68901
2.65671
2.65418
2.65166
2.67296
2.66646
2.66646
2.66938
2.72309
2.69704
2.70172
2.73673
2.73676
2.73676
2.7409
2.74101
2.73589
2.73589
2.73597
2.72979
2.7265
2.72649
2.7265
2.73074
2.72838
2.73073
2.72986
2.72986
2.72564
2.72564
2.72564
2.72564
2.72558
2.72558
2.72558
2.71333
2.70513
2.70535
2.69188
2.69188
2.68454
2.67674
2.68954
2.67635
2.69032
2.68543
2.68543
2.67135
2.64666
2.65236
2.65214
2.6524
2.65993
2.69207
2.69557
2.67435
2.7064
2.67971
2.67971
2.66866
2.69894
2.70409
2.70409
2.70409
2.69625
2.70563
2.68896
2.68897
2.69376
2.69202
2.7014
2.70275
2.70179
2.70942
2.70941
2.70941
2.70941
2.70941
2.70941
2.71083
2.71306
2.70875
2.71764
2.71299
2.6986
2.71759
2.71783
2.71783
2.72278
2.65479
2.67409
2.6989
2.70768
2.68126
2.64363
2.64797
2.64797
2.65586
2.65586
2.65823
2.68835
2.69501
2.69308
2.69179
2.69614
2.6943
2.70553
2.7127
2.7127
2.69627
2.70224
2.70219
2.70219
2.70017
2.70017
2.70017
2.70661
2.69437
2.70492
2.70129
2.69774
2.6944
2.68195
2.67913
2.68274
2.68274
2.68274
2.6541
2.68351
2.68478
2.67896
2.67897
2.69737
2.69738
2.71334
2.7206
2.71581
2.72279
2.70433
2.7209
2.72341
2.69097
2.65738
2.65227
2.67641
2.68831
2.68832
2.69106
2.69106
2.69164
2.69164
2.69164
2.67045
2.65648
2.65084
2.68035
2.68411
2.6704
2.66479
2.66408
2.65034
2.65034
2.6474
2.65445
2.63073
2.6597
2.67434
2.67434
2.67508
2.69426
2.69853
2.68024
2.68024
2.6783
2.6783
2.6783
2.67827
2.68347
2.68094
2.67143
2.6749
2.67626
2.67375
2.67389
2.65816
2.66589
2.66589
2.66222
2.66119
2.66158
2.66989
2.66989
2.66892
2.67314
2.67391
2.68678
2.69158
2.69285
2.69395
2.68744
2.68751
2.68971
2.68968
2.6896
2.67848
2.67842
2.67842
2.67851
2.66817
2.67852
2.67745
2.66259
2.66151
2.66164
2.65979
2.65815
2.66675
2.65966
2.64247
2.64232
2.65163
2.65146
2.65674
2.65674
2.63002
2.63183
2.62559
2.68562
2.68562
2.69456
2.69814
2.69735
2.69731
2.69662
2.69662
2.69662
2.69447
2.66984
2.66733
2.66699
2.66608
2.66368
2.66648
2.67085
2.67815
2.68635
2.68635
2.69803
2.69803
2.71962
2.71752
2.70738
2.70177
2.70177
2.69852
2.71834
2.71834
2.71834
2.71251
2.69904
2.70212
2.68244
2.68245
2.67591
2.69285
2.69163
2.69163
2.69954
2.69294
2.69294
2.6925
2.66171
2.66159
2.68124
2.66121
2.66121
2.64616
2.64616
2.64615
2.61931
2.68543
2.68286
2.68486
2.69014
2.69143
2.63291
2.64452
2.63574
2.68056
2.66133
2.66133
2.66142
2.66142
2.66254
2.65841
2.64291
2.63604
2.65609
2.67524
2.67386
2.67053
2.67054
2.67613
2.67615
2.6801
2.71385
2.70997
2.71121
2.70079
2.68614
2.69047
2.6893
2.69766
2.67736
2.67735
2.67732
2.67996
2.71143
2.70964
2.68642
2.68654
2.69202
2.6953
2.6953
2.6793
2.6793
2.68901
2.6891
2.68912
2.69564
2.69517
2.66097
2.66097
2.66226
2.66259
2.66345
2.66288
2.65086
2.65037
2.66737
2.67652
2.624
2.64132
2.70477
2.7037
2.70349
2.70099
2.70099
2.70052
2.70885
2.66728
2.6634
2.66241
2.66863
2.66864
2.6678
2.6687
2.66871
2.67222
2.68514
2.71943
2.71937
2.66056
2.66659
2.66539
2.66253
2.66253
2.66819
2.66402
2.66423
2.66251
2.6624
2.66288
2.65648
2.66131
2.66154
2.66129
2.66096
2.66127
2.66139
2.66208
2.61099
2.611
2.61564
2.63807
2.6875
2.71672
2.70768
2.70769
2.70297
2.69841
2.69306
2.69646
2.69079
2.68217
2.68471
2.68472
2.66627
2.66793
2.67018
2.67066
2.66156
2.66156
2.66737
2.66734
2.65891
2.67796
2.67363
2.67273
2.67312
2.65236
2.66901
2.66744
2.65317
2.65317
2.64862
2.64884
2.67182
2.65723
2.6552
2.65449
2.67063
2.63606
2.63565
2.62828
2.65745
2.65744
2.64583
2.64427
2.64199
2.65217
2.6543
2.66082
2.6684
2.66834
2.67083
2.67074
2.66429
2.6587
2.65873
2.67685
2.6761
2.68509
2.68186
2.68147
2.68156
2.68389
2.63735
2.63735
2.66678
2.64069
2.62613
2.62613
2.62543
2.62317
2.61761
2.66709
2.67475
2.68055
2.67718
2.63771
2.63794
2.63843
2.64019
2.63507
2.66173
2.66362
2.66358
2.64709
2.64713
2.65382
2.65004
2.68033
2.65514
2.65466
2.66038
2.66222
2.63572
2.6273
2.62743
2.62752
2.64323
2.64094
2.60017
2.60115
2.60115
2.61914
2.61978
2.64126
2.65523
2.65527
2.64613
2.64238
2.64602
2.65915
2.66502
2.66575
2.67072
2.67202
2.67284
2.66436
2.66433
2.65986
2.65959
2.67694
2.64862
2.64423
2.64458
2.65595
2.66128
2.67365
2.67074
2.67068
2.66977
2.67042
2.67117
2.69839
2.69651
2.70448
2.701
2.70255
2.70165
2.69272
2.7031
2.70281
2.71377
2.71377
2.6809
2.67093
2.64544
2.64001
2.63998
2.64687
2.65784
2.63376
2.60759
2.60523
2.62285
2.63982
2.6962
2.69632
2.69632
2.67658
2.67697
2.67756
2.66248
2.66207
2.66207
2.66602
2.67143
2.66092
2.65647
2.67168
2.67021
2.6778
2.68668
2.68666
2.68131
2.68134
2.68109
2.69025
2.69116
2.69027
2.69022
2.69022
2.69068
2.68721
2.6866
2.67774
2.68217
2.68217
2.67437
2.67437
2.66916
2.67358
2.6736
2.67453
2.6699
2.66986
2.65984
2.67717
2.6876
2.6876
2.6876
2.67718
2.65235
2.6531
2.6531
2.65114
2.65698
2.65698
2.62623
2.62623
2.61797
2.61482
2.61465
2.61567
2.64838
2.64787
2.65685
2.68747
2.65052
2.6423
2.66606
2.67105
2.67025
2.66158
2.66141
2.65987
2.6547
2.65471
2.67094
2.67097
2.67103
2.67029
2.67029
2.67197
2.67751
2.67748
2.67758
2.67695
2.67342
2.67389
2.66906
2.68952
2.68135
2.68173
2.70569
2.7113
2.70854
2.70838
2.70049
2.69115
2.70298
2.69031
2.69044
2.69042
2.69042
2.69535
2.70069
2.70078
2.65329
2.65133
2.64392
2.64576
2.64576
2.66407
2.66407
2.68587
2.68487
2.68323
2.68186
2.68152
2.68277
2.65165
2.67631
2.65093
2.65093
2.64793
2.64793
2.64793
2.65008
2.65081
2.65079
2.65079
2.65465
2.65095
2.66055
2.64658
2.64723
2.64798
2.64155
2.64545
2.64545
2.64541
2.64567
2.64442
2.69712
2.6528
2.66201
2.68151
2.67511
2.69966
2.68619
2.68646
2.65965
2.65965
2.71751
2.69309
2.67718
2.67656
2.70262
2.70067
2.70091
2.70762
2.70136
2.70136
2.70795
2.70808
2.70227
2.66567
2.62179
2.69222
2.68609
2.69552
2.69552
2.69686
2.66847
2.67993
2.67527
2.71947
2.7284
2.7284
2.71756
2.72024
2.69685
2.6889
2.68594
2.68463
2.6847
2.68576
2.67714
2.67727
2.68235
2.68192
2.682
2.68002
2.68
2.68
2.67954
2.67993
2.67466
2.70654
2.70606
2.70602
2.61826
2.6007
2.60147
2.60148
2.58819
2.59603
2.61323
2.63074
2.61645
2.61792
2.63431
2.63261
2.64761
2.62068
2.70318
2.66635
2.66238
2.66316
2.66315
2.66126
2.66143
2.66138
2.65977
2.6608
2.68592
2.6839
2.64907
2.64978
2.64904
2.64904
2.65925
2.63148
2.66005
2.62488
2.62794
2.61626
2.61626
2.64647
2.65466
2.65141
2.65141
2.65142
2.63499
2.63196
2.63869
2.63868
2.64868
2.65195
2.64891
2.67317
2.69835
2.68405
2.68757
2.69201
2.69047
2.69857
2.69666
2.69744
2.67603
2.6739
2.67828
2.66692
2.6766
2.67308
2.67338
2.69784
2.6891
2.68361
2.67988
2.67988
2.67988
2.67988
2.69502
2.69506
2.69917
2.69916
2.69919
2.69454
2.69511
2.72006
2.70039
2.69818
2.68096
2.67943
2.67924
2.64735
2.66793
2.58465
2.63716
2.63987
2.64633
2.70336
2.70336
2.71233
2.71477
2.67415
2.67351
2.70288
2.70818
2.71122
2.71402
2.71402
2.70657
2.70515
2.70515
2.70687
2.70684
2.70806
2.6969
2.69406
2.69995
2.69995
2.71125
2.71126
2.70951
2.66297
2.65887
2.63668
2.65152
2.65928
2.69096
2.71274
2.67799
2.68435
2.66014
2.65742
2.71216
2.7109
2.7109
2.7105
2.69551
2.70557
2.7071
2.68481
2.68136
2.68134
2.68962
2.69049
2.68712
2.68223
2.69298
2.68012
2.67967
2.68229
2.68392
2.66242
2.7048
2.70467
2.70469
2.70554
2.64997
2.6092
2.61014
2.61016
2.64106
2.67035
2.67969
2.66738
2.67425
2.6652
2.65675
2.65656
2.66834
2.63898
2.64505
2.64949
2.64224
2.68732
2.68732
2.6876
2.69826
2.70872
2.70063
2.71302
2.69823
2.68402
2.69753
2.68893
2.68893
2.68949
2.6963
2.67804
2.72036
2.71513
2.71513
2.69379
2.69091
2.71113
2.7148
2.71049
2.71238
2.70695
2.70695
2.70695
2.68779
2.69847
2.69847
2.69871
2.70145
2.66854
2.66622
2.65643
2.71819
2.71487
2.70694
2.70905
2.70905
2.70905
2.70908
2.70928
2.68258
2.64421
2.64994
2.6253
2.6253
2.60058
2.60637
2.60475
2.66798
2.66449
2.6508
2.64958
2.64943
2.67675
2.68979
2.69009
2.69007
2.69488
2.69653
2.70575
2.70568
2.64581
2.65315
2.65315
2.64879
2.6447
2.64119
2.63481
2.63481
2.66679
2.65864
2.66553
2.66553
2.66553
2.67228
2.66708
2.66708
2.66708
2.66643
2.66977
2.67316
2.66444
2.66277
2.67098
2.68336
2.6703
2.65428
2.6408
2.60139
2.61919
2.61762
2.63706
2.63705
2.63706
2.63591
2.62828
2.69622
2.67912
2.68821
2.66613
2.6725
2.67249
2.67249
2.67268
2.67157
2.66981
2.66435
2.68804
2.67836
2.67078
2.68814
2.70272
2.70272
2.68438
2.68438
2.68647
2.68367
2.68367
2.67827
2.67827
2.67827
2.66417
2.68413
2.68144
2.68144
2.67611
2.67611
2.67279
2.67453
2.68326
2.67644
2.6922
2.69521
2.68246
2.69074
2.69411
2.67512
2.69245
2.68774
2.68994
2.64648
2.67996
2.68232
2.68232
2.6907
2.68681
2.70344
2.66281
2.66445
2.65026
2.65989
2.70525
2.71657
2.71616
2.72708
2.70138
2.64446
2.64688
2.64469
2.67775
2.69313
2.68326
2.69958
2.69588
2.69185
2.67998
2.68205
2.68205
2.67679
2.6904
2.68923
2.69616
2.64768
2.64184
2.64482
2.64492
2.64633
2.68182
2.67187
2.68385
2.68391
2.68423
2.69194
2.68208
2.68405
2.68403
2.68705
2.6932
2.69171
2.69171
2.67096
2.66878
2.67084
2.66893
2.69809
2.68538
2.68541
2.68336
2.68149
2.68155
2.68045
2.68045
2.68327
2.68327
2.68332
2.68329
2.68328
2.69811
2.71454
2.72157
2.72159
2.70498
2.70498
2.68456
2.68778
2.6757
2.62434
2.63907
2.68851
2.67937
2.68834
2.66859
2.66503
2.66504
2.66543
2.68491
2.67881
2.67881
2.67892
2.65517
2.6544
2.66422
2.66088
2.66107
2.66935
2.66937
2.68563
2.68633
2.67247
2.66462
2.66284
2.66287
2.6811
2.67189
2.68217
2.69344
2.70354
2.70355
2.71916
2.68044
2.68174
2.66928
2.66928
2.70229
2.72644
2.72674
2.72674
2.72674
2.72673
2.69769
2.6683
2.69897
2.69642
2.69793
2.69793
2.69793
2.70157
2.69438
2.70421
2.71098
2.71085
2.7116
2.71083
2.71083
2.69856
2.69856
2.69856
2.71824
2.71824
2.72032
2.72032
2.72032
2.72032
2.72032
2.72033
2.72031
2.72031
2.71964
2.71964
2.72158
2.72164
2.72164
2.72887
2.72887
2.72887
2.72889
2.72889
2.73208
2.73208
2.73208
2.727
2.73302
2.7311
2.73074
2.72728
2.69265
2.71921
2.72595
2.71355
2.72145
2.66964
2.68372
2.68372
2.65898
2.68223
2.68222
2.68635
2.68631
2.66767
2.66767
2.68429
2.6531
2.61738
2.62092
2.62742
2.62876
2.62876
2.63381
2.66869
2.66656
2.6666
2.6666
2.65939
2.63548
2.63538
2.6695
2.68103
2.63291
2.63288
2.64624
2.64852
2.6445
2.64068
2.64071
2.63605
2.65954
2.65925
2.65541
2.65558
2.65561
2.65703
2.65618
2.65578
2.65578
2.66045
2.66045
2.67975
2.67901
2.71172
2.71172
2.7142
2.69469
2.6962
2.69621
2.69648
2.66985
2.66986
2.66684
2.69278
2.68854
2.69382
2.6907
2.67555
2.67592
2.66522
2.6631
2.6989
2.69271
2.69355
2.67119
2.66034
2.67002
2.67003
2.67003
2.67003
2.70957
2.70958
2.69418
2.67309
2.68965
2.68258
2.69854
2.72417
2.70673
2.69405
2.69405
2.69403
2.6894
2.70013
2.69624
2.67297
2.67299
2.67299
2.67298
2.72351
2.72368
2.72234
2.72402
2.7272
2.72718
2.73155
2.68562
2.70037
2.73441
2.72453
2.72453
2.70983
2.71718
2.71718
2.71139
2.71007
2.71007
2.71021
2.72659
2.66978
2.6714
2.67582
2.65152
2.65448
2.69807
2.68886
2.68035
2.68407
2.68407
2.66346
2.66358
2.66358
2.67371
2.64486
2.66618
2.66621
2.66257
2.66249
2.66251
2.65394
2.65394
2.65688
2.66092
2.66092
2.65997
2.65997
2.60009
2.66225
2.65809
2.67998
2.70872
2.70872
2.70872
2.68615
2.68039
2.66969
2.66416
2.66393
2.6602
2.66074
2.66656
2.66656
2.67022
2.67022
2.66254
2.66445
2.66663
2.67189
2.68211
2.69587
2.69587
2.70866
2.70334
2.69789
2.69787
2.7098
2.70945
2.70959
2.70837
2.69092
2.6894
2.6894
2.68901
2.67105
2.67031
2.66419
2.66383
2.66386
2.66327
2.66327
2.66327
2.66328
2.66127
2.66499
2.66483
2.66483
2.67135
2.67193
2.67097
2.67096
2.67395
2.6534
2.6535
2.65597
2.67165
2.66436
2.66502
2.68441
2.71316
2.70241
2.58774
2.58774
2.58771
2.58771
2.59099
2.59747
2.63186
2.65468
2.65468
2.64187
2.69685
2.68533
2.68555
2.69715
2.697
2.69734
2.71334
2.71334
2.7144
2.702
2.69273
2.69049
2.71337
2.70764
2.71008
2.69114
2.69945
2.7086
2.70859
2.70514
2.65894
2.6542
2.69638
2.69161
2.69225
2.69225
2.69971
2.69971
2.69972
2.68484
2.68444
2.68225
2.68282
2.68282
2.66463
2.66554
2.70046
2.69366
2.69817
2.70532
2.70409
2.71444
2.71721
2.71724
2.6911
2.69929
2.71275
2.71227
2.7231
2.71142
2.71142
2.69917
2.70553
2.70223
2.70468
2.67939
2.65879
2.63618
2.63619
2.64117
2.65298
2.66319
2.66046
2.66967
2.66255
2.6721
2.67283
2.69792
2.69794
2.70343
2.70828
2.72168
2.71408
2.7142
2.71165
2.70731
2.67045
2.70709
2.68347
2.65818
2.67565
2.67051
2.66997
2.70542
2.69395
2.68517
2.68504
2.65846
2.65223
2.66669
2.66669
2.668
2.66798
2.66792
2.68972
2.68795
2.66889
2.67648
2.6758
2.67915
2.6843
2.63838
2.63614
2.64368
2.64916
2.65438
2.66211
2.66235
2.65447
2.6645
2.68036
2.66698
2.68871
2.68295
2.67997
2.68118
2.67661
2.686
2.68636
2.6817
2.67957
2.67951
2.69224
2.69902
2.7023
2.67979
2.67979
2.67742
2.67739
2.67739
2.67739
2.68316
2.66506
2.66528
2.65784
2.65749
2.6731
2.67339
2.67884
2.66269
2.66269
2.61229
2.64486
2.67305
2.67305
2.65918
2.67503
2.67572
2.67571
2.65609
2.6492
2.6492
2.67134
2.67691
2.67281
2.66795
2.62506
2.62388
2.62962
2.68603
2.6792
2.72728
2.72426
2.71497
2.7148
2.71661
2.70573
2.69673
2.69673
2.72551
2.7255
2.70584
2.7007
2.69986
2.70205
2.70368
2.68082
2.68578
2.6709
2.6604
2.64847
2.65394
2.6545
2.65449
2.65449
2.66079
2.6608
2.67179
2.7257
2.72693
2.71701
2.71508
2.70842
2.71223
2.70302
2.65096
2.7254
2.67669
2.67065
2.69149
2.68866
2.6799
2.6799
2.67414
2.68489
2.66786
2.68817
2.69033
2.67686
2.68416
2.69375
2.69375
2.66834
2.67794
2.65385
2.6685
2.64642
2.67082
2.68986
2.69219
2.69471
2.69013
2.69013
2.68569
2.68569
2.68274
2.67947
2.68692
2.66594
2.68736
2.64522
2.64784
2.6466
2.63099
2.64228
2.64228
2.64261
2.64185
2.64027
2.64557
2.6547
2.66433
2.68366
2.67995
2.68016
2.66839
2.66046
2.66064
2.66036
2.66037
2.6599
2.65152
2.62555
2.64049
2.65409
2.65572
2.65389
2.69222
2.68981
2.66432
2.68176
2.6831
2.67917
2.67064
2.67064
2.67064
2.67028
2.67028
2.67139
2.67128
2.66662
2.69594
2.68005
2.68509
2.68438
2.68488
2.68488
2.68642
2.66411
2.68843
2.68091
2.67561
2.65629
2.6769
2.67962
2.66492
2.70911
2.70855
2.67312
2.67461
2.67476
2.67518
2.67617
2.66379
2.66372
2.66352
2.67828
2.67828
2.68608
2.67151
2.67151
2.67553
2.65305
2.67908
2.67908
2.672
2.66791
2.66794
2.666
2.66062
2.6606
2.61243
2.67563
2.67941
2.66296
2.66781
2.67976
2.68457
2.68215
2.67636
2.68274
2.67966
2.65609
2.64234
2.6543
2.65431
2.62364
2.62327
2.60922
2.62498
2.65016
2.63578
2.65004
2.69622
2.6969
2.67214
2.65884
2.65532
2.65531
2.64438
2.64828
2.64828
2.64032
2.64207
2.63718
2.63661
2.64392
2.64676
2.64676
2.64726
2.64817
2.64892
2.64904
2.64903
2.66262
2.66428
2.68804
2.68815
2.70161
2.70161
2.68303
2.6549
2.6549
2.65487
2.64877
2.64868
2.66874
2.66818
2.63108
2.63107
2.63402
2.62461
2.65574
2.656
2.65718
2.66677
2.66693
2.67083
2.67777
2.68157
2.68572
2.68816
2.69135
2.71403
2.703
2.703
2.703
2.70413
2.71223
2.68351
2.68028
2.68006
2.67015
2.68251
2.68731
2.68816
2.69567
2.67547
2.67547
2.67537
2.6748
2.67482
2.66551
2.66551
2.66551
2.62497
2.62276
2.6322
2.63228
2.64088
2.64983
2.64974
2.64974
2.64613
2.5939
2.59456
2.60197
2.60199
2.60152
2.61278
2.6127
2.65763
2.65567
2.65849
2.70663
2.70052
2.71233
2.69447
2.6975
2.6975
2.70767
2.71262
2.70905
2.69755
2.69869
2.68656
2.69261
2.68531
2.67994
2.65783
2.68286
2.7077
2.68449
2.68427
2.68624
2.69402
2.69384
2.67551
2.68339
2.67992
2.68141
2.69361
2.69898
2.69898
2.69882
2.6988
2.69398
2.67953
2.68254
2.67034
2.66768
2.66181
2.65633
2.65531
2.70006
2.66566
2.65279
2.68417
2.69636
2.69639
2.71014
2.70761
2.71449
2.68259
2.70578
2.70578
2.68564
2.68944
2.69142
2.69142
2.68184
2.68354
2.68354
2.67685
2.67685
2.67756
2.68207
2.65419
2.66468
2.70751
2.65598
2.63271
2.6364
2.64159
2.6985
2.70558
2.72061
2.70028
2.67835
2.70742
2.68135
2.66028
2.65926
2.64524
2.65233
2.64178
2.64439
2.64376
2.67677
2.67926
2.68284
2.69019
2.68767
2.68939
2.6852
2.68467
2.66682
2.65811
2.59177
2.59675
2.61216
2.61216
2.67481
2.6728
2.66962
2.6748
2.67319
2.67551
2.66358
2.6704
2.67608
2.70622
2.71094
2.70423
2.67476
2.65388
2.64155
2.61951
2.60396
2.61759
2.62188
2.57576
2.60866
2.6256
2.6256
2.62206
2.63907
2.63906
2.65995
2.65995
2.65859
2.65143
2.66834
2.66835
2.66835
2.67826
2.67463
2.70627
2.71232
2.7318
2.72917
2.70747
2.7069
2.7045
2.70578
2.72177
2.72177
2.72564
2.71681
2.71678
2.72858
2.72858
2.70882
2.69557
2.71645
2.70787
2.70994
2.70238
2.70238
2.69917
2.69917
2.70887
2.70483
2.71754
2.69424
2.69385
2.64396
2.63268
2.64439
2.64771
2.64236
2.64291
2.59026
2.66869
2.6652
2.6712
2.63728
2.63729
2.63858
2.63858
2.65272
2.6383
2.6383
2.67817
2.67814
2.66769
2.67782
2.67468
2.66247
2.67714
2.68684
2.69628
2.70075
2.68264
2.66936
2.66208
2.69218
2.64372
2.64371
2.65826
2.64079
2.64079
2.65553
2.65553
2.65508
2.66469
2.6647
2.6647
2.64872
2.64273
2.65042
2.65081
2.71496
2.7047
2.70469
2.70469
2.70469
2.70469
2.70843
2.70843
2.70342
2.6938
2.68871
2.68871
2.69045
2.68633
2.68738
2.68126
2.65683
2.67354
2.67374
2.66082
2.64748
2.64821
2.67369
2.67092
2.66467
2.66368
2.66922
2.66078
2.6717
2.67673
2.68395
2.68395
2.71038
2.67798
2.69846
2.69844
2.69786
2.68628
2.68695
2.67989
2.67989
2.67989
2.69147
2.67582
2.67583
2.67244
2.6746
2.67463
2.66799
2.66632
2.66729
2.66809
2.7114
2.70042
2.66686
2.67005
2.66958
2.66954
2.66672
2.64908
2.64901
2.64901
2.66953
2.65812
2.68879
2.69868
2.69984
2.70524
2.70824
2.68415
2.68642
2.67604
2.68565
2.68407
2.67505
2.67666
2.64709
2.64197
2.64195
2.65401
2.65401
2.65997
2.70046
2.72524
2.6778
2.67007
2.66893
2.67034
2.67191
2.68481
2.68481
2.69169
2.69151
2.69151
2.69157
2.69155
2.69485
2.69083
2.69083
2.68613
2.68018
2.68001
2.68285
2.6779
2.6779
2.66483
2.65318
2.66573
2.65191
2.64172
2.67321
2.67329
2.67618
2.66517
2.67229
2.65943
2.69612
2.6907
2.66258
2.66302
2.6832
2.6832
2.68938
2.68456
2.68456
2.68537
2.71026
2.68529
2.68646
2.6847
2.64915
2.65619
2.65382
2.64525
2.67221
2.6675
2.6839
2.69178
2.6682
2.6745
2.67745
2.67054
2.67056
2.6709
2.67024
2.67364
2.68074
2.66851
2.68171
2.67286
2.6829
2.6487
2.65204
2.66849
2.70329
2.70356
2.70691
2.65982
2.67185
2.67465
2.7139
2.71452
2.71452
2.69407
2.69273
2.69273
2.69273
2.69309
2.70799
2.70487
2.66769
2.66162
2.66729
2.66547
2.66547
2.68275
2.68275
2.68269
2.62595
2.70641
2.70823
2.70826
2.7225
2.72251
2.69065
2.66514
2.66514
2.69555
2.68795
2.69872
2.69024
2.6899
2.68879
2.66646
2.66644
2.69471
2.69471
2.68128
2.64941
2.65079
2.64752
2.70342
2.69568
2.67738
2.6935
2.68959
2.68238
2.70695
2.70804
2.69631
2.63883
2.63538
2.62848
2.6314
2.63094
2.63094
2.62946
2.64563
2.63095
2.62175
2.63021
2.66603
2.69408
2.69487
2.69137
2.69138
2.67156
2.67062
2.6693
2.66924
2.63802
2.64826
2.71165
2.72818
2.71713
2.71405
2.69342
2.69342
2.692
2.68328
2.65796
2.70034
2.70485
2.70656
2.70092
2.69105
2.68918
2.66943
2.67986
2.68387
2.65373
2.63999
2.6452
2.66056
2.66605
2.66028
2.65771
2.67917
2.67744
2.67744
2.67744
2.66132
2.66732
2.66733
2.67612
2.69541
2.68469
2.68469
2.68426
2.6978
2.6978
2.69747
2.705
2.705
2.64643
2.67267
2.66939
2.67718
2.67718
2.70046
2.7046
2.7147
2.67365
2.67554
2.70665
2.69376
2.68018
2.68018
2.68083
2.68046
2.68906
2.68841
2.68889
2.66292
2.66292
2.66221
2.66943
2.66946
2.66415
2.67534
2.67918
2.67388
2.67428
2.67878
2.67878
2.6766
2.62478
2.65309
2.67944
2.67428
2.71539
2.69042
2.68955
2.6886
2.67845
2.67846
2.67847
2.67761
2.67761
2.67856
2.6626
2.68247
2.68164
2.66939
2.66695
2.67056
2.6983
2.69832
2.6747
2.65827
2.67202
2.66151
2.7137
2.71021
2.71168
2.71169
2.69901
2.69901
2.69578
2.69555
2.66728
2.66724
2.667
2.66208
2.6635
2.6635
2.66144
2.66552
2.66037
2.6639
2.6621
2.66591
2.67838
2.69129
2.66961
2.67878
2.68458
2.67674
2.68607
2.68537
2.68539
2.66847
2.64638
2.65191
2.72614
2.72006
2.71501
2.71075
2.6913
2.6913
2.68932
2.68959
2.69209
2.69209
2.69209
2.66834
2.66834
2.67045
2.64035
2.64035
2.64035
2.64388
2.66705
2.66791
2.69322
2.68568
2.68568
2.68567
2.67976
2.69575
2.69575
2.70726
2.70519
2.70505
2.66747
2.66788
2.66789
2.66395
2.66393
2.66396
2.69341
2.70029
2.7047
2.69887
2.68879
2.69855
2.68493
2.67627
2.69536
2.71495
2.71394
2.714
2.69856
2.69875
2.70116
2.70274
2.70277
2.67551
2.67551
2.67544
2.6667
2.66448
2.6688
2.68715
2.68688
2.70021
2.69808
2.7016
2.70287
2.69018
2.69866
2.67608
2.68405
2.68788
2.66957
2.66977
2.6708
2.67223
2.68718
2.68792
2.68792
2.68424
2.6955
2.67395
2.69939
2.6994
2.69378
2.71003
2.70735
2.72302
2.72299
2.70721
2.70166
2.69074
2.68058
2.68197
2.67841
2.66144
2.66144
2.66543
2.68346
2.67809
2.68616
2.68616
2.68016
2.6812
2.68107
2.68222
2.68138
2.67836
2.67778
2.67305
2.67672
2.67263
2.661
2.68557
2.68375
2.67958
2.6852
2.65405
2.64393
2.6175
2.62451
2.69236
2.67512
2.67215
2.66948
2.67981
2.67981
2.63441
2.63441
2.61881
2.6357
2.63115
2.64747
2.65146
2.68917
2.68793
2.66111
2.63152
2.63226
2.63243
2.7058
2.7058
2.69321
2.69405
2.68857
2.67871
2.65852
2.65852
2.66145
2.66145
2.64753
2.64746
2.64746
2.65602
2.65607
2.6561
2.65944
2.67268
2.69649
2.66682
2.66791
2.66791
2.66816
2.66816
2.67482
2.68692
2.68587
2.68587
2.69229
2.68995
2.68995
2.67517
2.67517
2.70187
2.68134
2.6888
2.68868
2.68597
2.69444
2.67889
2.67424
2.71362
2.69517
2.69571
2.69634
2.69624
2.65592
2.6606
2.6606
2.6877
2.6877
2.69522
2.64808
2.6485
2.6313
2.63036
2.63036
2.63726
2.62645
2.62645
2.6234
2.6209
2.61892
2.63497
2.58812
2.57808
2.57808
2.58926
2.61639
2.61624
2.63888
2.63805
2.62083
2.63066
2.65924
2.62748
2.6427
2.67374
2.64425
2.64512
2.6628
2.66499
2.68025
2.68025
2.68102
2.65253
2.65176
2.65176
2.70858
2.69298
2.641
2.64033
2.65986
2.65986
2.67067
2.61812
2.61764
2.61934
2.61926
2.62934
2.66703
2.72239
2.71883
2.71728
2.69097
2.69097
2.71895
2.71927
2.71927
2.72338
2.68814
2.68607
2.69557
2.67958
2.68821
2.68821
2.67322
2.67421
2.677
2.66314
2.71328
2.72768
2.71213
2.71097
2.71497
2.71497
2.71019
2.73122
2.72138
2.72158
2.72616
2.72523
2.70161
2.70274
2.70455
2.69244
2.6922
2.6972
2.7027
2.71479
2.69457
2.68456
2.68969
2.68969
2.70787
2.68268
2.68268
2.68268
2.68584
2.67502
2.66751
2.66469
2.67686
2.69123
2.7135
2.71328
2.70637
2.7027
2.68178
2.6818
2.6826
2.6826
2.67606
2.70745
2.71199
2.70239
2.70218
2.67557
2.66512
2.66638
2.66103
2.66103
2.67399
2.68134
2.68606
2.68607
2.68423
2.68139
2.70091
2.70918
2.70704
2.70011
2.70476
2.70632
2.69604
2.69604
2.69604
2.70762
2.68832
2.68832
2.68633
2.68631
2.68101
2.68058
2.68058
2.67879
2.68118
2.68799
2.67753
2.68249
2.68249
2.69036
2.6957
2.68155
2.68336
2.69743
2.69314
2.69537
2.69539
2.70053
2.68239
2.69146
2.69056
2.67499
2.67485
2.70739
2.68454
2.67403
2.67279
2.64566
2.64566
2.66624
2.66624
2.66703
2.66702
2.70397
2.70235
2.70245
2.67603
2.67272
2.67995
2.67841
2.65654
2.69194
2.6835
2.68805
2.68358
2.68266
2.67509
2.67324
2.6708
2.67218
2.6827
2.67862
2.67862
2.66631
2.66631
2.66763
2.66763
2.66944
2.66944
2.66944
2.66401
2.66401
2.66516
2.6508
2.65226
2.65283
2.64826
2.67051
2.67765
2.67768
2.66868
2.66868
2.66851
2.66851
2.66876
2.65631
2.65631
2.64909
2.64909
2.65655
2.66878
2.66878
2.67904
2.66315
2.65228
2.6682
2.66776
2.66776
2.66056
2.65995
2.67042
2.66772
2.66772
2.66772
2.66844
2.66084
2.66889
2.66834
2.68263
2.68263
2.6863
2.6749
2.69033
2.68537
2.68537
2.67338
2.67331
2.66879
2.61368
2.61368
2.61787
2.61903
2.61904
2.66194
2.6629
2.65039
2.64607
2.6377
2.66959
2.68739
2.69793
2.69709
2.69709
2.66609
2.66609
2.68799
2.6951
2.68429
2.68947
2.69108
2.69006
2.66246
2.66246
2.66246
2.66529
2.66538
2.65984
2.65661
2.66691
2.65471
2.65471
2.65471
2.65609
2.65713
2.66077
2.64212
2.64617
2.64085
2.64178
2.62136
2.65743
2.66775
2.65359
2.64424
2.64351
2.6437
2.64679
2.68119
2.68014
2.67815
2.65575
2.65658
2.65658
2.65658
2.65655
2.65655
2.65656
2.66539
2.66229
2.65266
2.65878
2.64858
2.63827
2.64002
2.63985
2.63897
2.64358
2.68554
2.68334
2.71551
2.72078
2.65224
2.65971
2.63783
2.6138
2.60457
2.70986
2.68357
2.67976
2.68562
2.69237
2.68037
2.6874
2.68256
2.68918
2.68744
2.676
2.68431
2.64634
2.64821
2.65021
2.62763
2.66979
2.66508
2.66511
2.66494
2.66494
2.67636
2.67505
2.66587
2.65848
2.65765
2.65775
2.6605
2.66061
2.66822
2.65955
2.66272
2.66272
2.66818
2.67512
2.69224
2.69225
2.68769
2.68014
2.68162
2.68617
2.68244
2.70852
2.69917
2.69851
2.6734
2.68752
2.68974
2.69772
2.69772
2.68186
2.68493
2.68493
2.68001
2.67125
2.66762
2.68287
2.6881
2.68501
2.68501
2.69277
2.69344
2.69656
2.69763
2.69763
2.69202
2.64867
2.64282
2.64282
2.65297
2.65342
2.67203
2.66859
2.70531
2.71043
2.69648
2.69576
2.70287
2.71679
2.69949
2.69693
2.72554
2.62329
2.66997
2.66358
2.66527
2.66822
2.66822
2.66384
2.71624
2.71408
2.715
2.71456
2.71604
2.70335
2.7034
2.7038
2.7038
2.7038
2.66858
2.7043
2.7043
2.70797
2.71213
2.71843
2.70977
2.70977
2.70977
2.70977
2.70111
2.70188
2.69172
2.70773
2.70773
2.70779
2.70327
2.70327
2.69748
2.70153
2.70186
2.69583
2.7073
2.70733
2.69759
2.72235
2.68561
2.72609
2.72526
2.72482
2.72824
2.72824
2.72355
2.72355
2.72059
2.72112
2.72112
2.72112
2.70414
2.72475
2.72295
2.72231
2.73583
2.73584
2.73555
2.73615
2.67809
2.65491
2.63757
2.6457
2.64571
2.64571
2.64414
2.64414
2.6437
2.7026
2.70098
2.701
2.7066
2.68023
2.68023
2.70809
2.70959
2.71218
2.7049
2.70514
2.71747
2.72167
2.71789
2.71789
2.70713
2.70713
2.7094
2.66158
2.65555
2.64899
2.64575
2.67746
2.69967
2.69216
2.69345
2.70737
2.71194
2.71177
2.69961
2.68435
2.68471
2.67667
2.69986
2.69612
2.69683
2.69637
2.70075
2.69797
2.68837
2.68764
2.69085
2.69085
2.69085
2.66652
2.66752
2.66949
2.68018
2.67345
2.67382
2.69647
2.69283
2.69094
2.69106
2.63015
2.63173
2.66859
2.67093
2.69976
2.70847
2.70588
2.70529
2.67533
2.67736
2.70822
2.68679
2.68679
2.68687
2.702
2.70321
2.71017
2.71019
2.72025
2.71868
2.71744
2.71848
2.72868
2.72133
2.71388
2.69553
2.72076
2.72076
2.71721
2.7092
2.7092
2.71221
2.7158
2.70724
2.70508
2.70232
2.69176
2.6899
2.68949
2.68949
2.69499
2.70802
2.7048
2.71097
2.69288
2.70604
2.70603
2.69923
2.69923
2.71103
2.72447
2.72447
2.72729
2.69675
2.70056
2.71283
2.69301
2.69195
2.69205
2.71758
2.73161
2.72271
2.69879
2.6523
2.67645
2.67537
2.71622
2.69916
2.69916
2.69922
2.69924
2.70551
2.70451
2.70452
2.6903
2.7001
2.69326
2.73572
2.72825
2.70079
2.70227
2.70563
2.69006
2.68942
2.68907
2.68915
2.68962
2.6903
2.69661
2.69661
2.70206
2.70208
2.69506
2.69506
2.69589
2.69461
2.69511
2.67586
2.69337
2.68466
2.68476
2.68476
2.68365
2.68653
2.69274
2.69198
2.70852
2.72771
2.71701
2.71712
2.7123
2.67836
2.70754
2.68265
2.6727
2.6589
2.66227
2.63107
2.65103
2.65103
2.65316
2.65319
2.67031
2.69625
2.70867
2.68935
2.7427
2.74515
2.74469
2.73937
2.71902
2.70676
2.70676
2.70626
2.70645
2.72887
2.739
2.71993
2.74299
2.72748
2.67516
2.67957
2.72864
2.69983
2.69255
2.70476
2.71276
2.65567
2.66933
2.69094
2.71147
2.70972
2.72734
2.7156
2.71334
2.71403
2.71403
2.7131
2.70117
2.72832
2.72833
2.71526
2.72403
2.72382
2.65907
2.68471
2.68297
2.68638
2.67005
2.67855
2.67855
2.63243
2.64645
2.71946
2.71193
2.71604
2.70233
2.67697
2.65225
2.65253
2.65334
2.65632
2.65561
2.66413
2.6529
2.65382
2.659
2.6554
2.65473
2.65328
2.68434
2.64291
2.65066
2.67579
2.6893
2.68927
2.68985
2.67568
2.67893
2.67148
2.67137
2.6665
2.66568
2.6958
2.67263
2.67253
2.67385
2.68638
2.68965
2.69597
2.70404
2.70622
2.70627
2.70753
2.70783
2.69556
2.71138
2.70994
2.70775
2.69438
2.69438
2.69629
2.70221
2.70762
2.70894
2.70769
2.70068
2.69809
2.69811
2.69449
2.69449
2.69609
2.69354
2.68648
2.69532
2.6948
2.68203
2.68575
2.6753
2.68317
2.67332
2.67463
2.68271
2.69426
2.69427
2.69427
2.69085
2.697
2.69006
2.69006
2.70246
2.691
2.69447
2.67955
2.68648
2.68341
2.69908
2.69969
2.68955
2.68955
2.70023
2.70023
2.70022
2.69927
2.69927
2.69624
2.69871
2.70999
2.71067
2.68605
2.68656
2.6436
2.6436
2.65503
2.65514
2.64443
2.64487
2.65233
2.65233
2.64634
2.64634
2.69106
2.65623
2.7021
2.7021
2.7021
2.707
2.70638
2.67554
2.67403
2.67584
2.69192
2.69371
2.69422
2.70247
2.70247
2.6775
2.6807
2.67709
2.67864
2.68017
2.68017
2.68842
2.70609
2.71659
2.70174
2.70159
2.70697
2.68498
2.69012
2.68856
2.69939
2.70178
2.7081
2.69036
2.70054
2.70615
2.70609
2.68544
2.69152
2.69724
2.71867
2.69258
2.69329
2.69329
2.70999
2.68614
2.69556
2.69556
2.69406
2.69324
2.69324
2.71566
2.71654
2.72734
2.71588
2.71443
2.67282
2.6775
2.67076
2.67317
2.60603
2.6123
2.63707
2.68129
2.6813
2.71602
2.71114
2.71114
2.70889
2.69615
2.69938
2.63959
2.64122
2.6384
2.62157
2.62153
2.70683
2.71126
2.70949
2.72307
2.68604
2.69732
2.69175
2.69298
2.69879
2.67126
2.67238
2.68228
2.68229
2.6758
2.67237
2.67237
2.67273
2.67925
2.68612
2.70144
2.67895
2.67188
2.67188
2.66273
2.65781
2.67993
2.67993
2.67538
2.67516
2.68051
2.68056
2.68056
2.63186
2.63186
2.63157
2.66616
2.66775
2.66775
2.66775
2.65559
2.65251
2.64885
2.64883
2.64879
2.60628
2.6366
2.62663
2.62695
2.61208
2.60602
2.61394
2.6388
2.64293
2.62523
2.64023
2.65728
2.65171
2.65195
2.65046
2.66992
2.67251
2.68455
2.68395
2.70761
2.69245
2.69198
2.67036
2.68391
2.6473
2.6504
2.64233
2.64234
2.64253
2.64258
2.6391
2.664
2.68121
2.67601
2.67601
2.67601
2.67691
2.68033
2.59419
2.61706
2.61706
2.62834
2.6331
2.63252
2.63972
2.64698
2.62395
2.61258
2.61512
2.634
2.63877
2.65083
2.65083
2.6629
2.67737
2.70149
2.69539
2.69539
2.69539
2.65074
2.66499
2.66058
2.6154
2.61947
2.69114
2.69114
2.66236
2.67084
2.66092
2.66251
2.66364
2.66462
2.66082
2.66095
2.66108
2.66923
2.66948
2.65666
2.65559
2.66502
2.66339
2.66339
2.66268
2.6738
2.67496
2.67559
2.67395
2.67172
2.6544
2.65449
2.68218
2.6841
2.69527
2.71011
2.6832
2.67006
2.65943
2.65693
2.60758
2.63062
2.63932
2.61721
2.62715
2.62015
2.62004
2.63317
2.6459
2.68468
2.68581
2.6582
2.65822
2.68022
2.6861
2.68053
2.67927
2.68593
2.69645
2.69645
2.69686
2.7034
2.69963
2.69425
2.6867
2.68669
2.69568
2.67107
2.64171
2.6469
2.6666
2.66673
2.68054
2.6776
2.65329
2.66755
2.66755
2.6677
2.66458
2.65671
2.63917
2.63974
2.65075
2.65108
2.64689
2.64513
2.64474
2.62351
2.62378
2.62377
2.61309
2.65367
2.64738
2.64738
2.6498
2.66321
2.67315
2.68649
2.69451
2.69943
2.69579
2.69566
2.71418
2.7102
2.71279
2.70825
2.70965
2.72365
2.74226
2.72005
2.71415
2.69966
2.69966
2.60578
2.60578
2.65355
2.65924
2.62577
2.67471
2.6672
2.6672
2.67102
2.67495
2.72619
2.7297
2.7289
2.72573
2.72618
2.72051
2.71133
2.70956
2.69192
2.68845
2.69099
2.69069
2.69073
2.70177
2.68743
2.67132
2.68212
2.67556
2.67582
2.68336
2.67624
2.68344
2.68656
2.67621
2.68862
2.69867
2.69874
2.69117
2.69617
2.69587
2.67281
2.65663
2.65663
2.64736
2.62944
2.62692
2.62692
2.62693
2.62682
2.65879
2.65869
2.69726
2.69726
2.69727
2.70696
2.70605
2.70605
2.70439
2.71094
2.71094
2.70819
2.72063
2.72282
2.72069
2.70771
2.71273
2.71046
2.71198
2.70184
2.71432
2.71428
2.71429
2.71429
2.7149
2.70636
2.70204
2.6894
2.6894
2.69185
2.68863
2.68863
2.71751
2.71471
2.70186
2.70851
2.70374
2.70477
2.70198
2.70281
2.70281
2.70797
2.70797
2.72516
2.70506
2.7054
2.7054
2.70567
2.70567
2.71188
2.70639
2.67942
2.6741
2.67409
2.6653
2.66509
2.64574
2.63983
2.65219
2.65486
2.65486
2.72747
2.72289
2.72289
2.70818
2.69895
2.69897
2.6895
2.71116
2.71116
2.71897
2.71897
2.72728
2.68071
2.68071
2.71226
2.74241
2.7441
2.74425
2.74001
2.74001
2.73672
2.72677
2.71915
2.72627
2.72627
2.76171
2.73005
2.72317
2.72317
2.72676
2.72677
2.72972
2.69935
2.71473
2.71473
2.71042
2.70639
2.6983
2.69175
2.70807
2.70919
2.70919
2.70652
2.69332
2.65543
2.65541
2.67459
2.70703
2.67972
2.63962
2.66187
2.69633
2.69126
2.69126
2.68958
2.654
2.64631
2.6451
2.6425
2.63346
2.63995
2.60841
2.61091
2.6592
2.67238
2.67238
2.6823
2.6823
2.68231
2.68231
2.6772
2.66534
2.66231
2.64696
2.60637
2.60637
2.63212
2.6485
2.6478
2.65471
2.65812
2.72362
2.73024
2.70589
2.6635
2.66084
2.66084
2.66866
2.6757
2.67305
2.68543
2.67447
2.67423
2.69614
2.69614
2.70505
2.69699
2.69699
2.71173
2.70156
2.70156
2.70156
2.6863
2.6863
2.6894
2.72535
2.73202
2.73235
2.72984
2.72982
2.72423
2.72759
2.72799
2.74521
2.72646
2.72459
2.72577
2.72666
2.64184
2.69158
2.71569
2.71821
2.71788
2.72272
2.7226
2.72291
2.7277
2.71692
2.71464
2.72416
2.72936
2.72936
2.73237
2.72351
2.72982
2.71019
2.71019
2.71421
2.72275
2.72067
2.72125
2.72125
2.70808
2.70563
2.69153
2.7213
2.72311
2.68476
2.68476
2.7075
2.7075
2.71557
2.71542
2.72533
2.72184
2.72482
2.71412
2.71534
2.7235
2.74163
2.70553
2.72308
2.70762
2.70712
2.73026
2.73024
2.73024
2.71557
2.71557
2.71547
2.71377
2.702
2.64887
2.66623
2.66054
2.66733
2.67378
2.67378
2.67024
2.67024
2.67067
2.6697
2.67502
2.6824
2.68244
2.68244
2.68018
2.68269
2.68107
2.67342
2.68444
2.68444
2.68442
2.68583
2.68712
2.687
2.64354
2.65698
2.66657
2.65841
2.68322
2.67693
2.6829
2.66294
2.66177
2.6637
2.66778
2.68603
2.68057
2.69035
2.6844
2.69018
2.70354
2.71021
2.71169
2.70808
2.70692
2.70741
2.70737
2.71318
2.71783
2.68004
2.68164
2.6881
2.69054
2.69054
2.69522
2.69522
2.70207
2.68977
2.68979
2.6849
2.6849
2.68504
2.68504
2.7083
2.70854
2.69685
2.69807
2.67205
2.66905
2.66174
2.65006
2.65006
2.65114
2.64888
2.68319
2.67223
2.71745
2.71669
2.69087
2.69081
2.69531
2.6943
2.66031
2.65712
2.67008
2.65647
2.66017
2.64679
2.6521
2.6521
2.6521
2.66221
2.65957
2.64659
2.64975
2.65145
2.63666
2.64076
2.64075
2.71072
2.68957
2.68132
2.67973
2.68724
2.67335
2.67061
2.66911
2.6528
2.64902
2.63123
2.62553
2.6248
2.62172
2.6216
2.63217
2.65469
2.66496
2.67411
2.67584
2.65981
2.65981
2.66547
2.68246
2.67579
2.6758
2.67927
2.69397
2.68751
2.69206
2.68597
2.67948
2.69808
2.68803
2.71603
2.7113
2.66813
2.67655
2.68352
2.67237
2.67236
2.6745
2.67323
2.6818
2.66992
2.66934
2.67704
2.67774
2.68086
2.68086
2.6807
2.6807
2.67929
2.68129
2.67945
2.68869
2.68869
2.68437
2.69541
2.68381
2.68305
2.68305
2.64975
2.67867
2.67785
2.68089
2.6687
2.73197
2.72527
2.68999
2.65388
2.62998
2.62668
2.63314
2.62918
2.63589
2.62536
2.61222
2.61222
2.60666
2.58896
2.58872
2.58857
2.62595
2.62554
2.63128
2.67798
2.67505
2.67099
2.66684
2.66684
2.65857
2.65855
2.65735
2.67759
2.67759
2.65759
2.65759
2.66801
2.70279
2.67609
2.67565
2.69229
2.68947
2.67553
2.67553
2.6871
2.69322
2.69322
2.69534
2.67643
2.67642
2.67641
2.67641
2.6865
2.66977
2.64979
2.65739
2.64712
2.65152
2.65147
2.66
2.66
2.64199
2.66887
2.67405
2.67467
2.64246
2.67508
2.67077
2.68008
2.68008
2.67604
2.68426
2.68431
2.69415
2.69103
2.66402
2.68239
2.68098
2.6808
2.57016
2.57039
2.57894
2.58776
2.57168
2.59311
2.62775
2.62088
2.62115
2.62551
2.62552
2.64901
2.6568
2.63373
2.63796
2.68959
2.67057
2.65971
2.63363
2.62671
2.6379
2.657
2.69564
2.68854
2.68855
2.68855
2.68815
2.6882
2.68528
2.68408
2.67792
2.70538
2.70538
2.68729
2.68729
2.68728
2.69167
2.69045
2.69045
2.6908
2.68823
2.68927
2.69291
2.68662
2.70104
2.67179
2.66739
2.69269
2.68968
2.69027
2.69027
2.69272
2.69273
2.69273
2.69273
2.69527
2.68934
2.68937
2.6948
2.67426
2.6796
2.67485
2.67483
2.66037
2.66633
2.66633
2.66643
2.66539
2.66088
2.65952
2.65442
2.6545
2.627
2.63615
2.65504
2.65503
2.6927
2.69415
2.69466
2.69538
2.69301
2.69301
2.69301
2.68573
2.67728
2.6444
2.63585
2.64829
2.67951
2.64842
2.64349
2.66527
2.65627
2.65678
2.70727
2.70687
2.70696
2.70525
2.66049
2.63308
2.61948
2.62119
2.63533
2.63533
2.63234
2.6362
2.6361
2.65477
2.65477
2.65333
2.66533
2.66842
2.6739
2.67397
2.68001
2.68002
2.68083
2.69854
2.65608
2.64557
2.65958
2.65977
2.66259
2.66265
2.66574
2.66602
2.67257
2.68795
2.67498
2.68502
2.67725
2.69257
2.70888
2.70705
2.67128
2.65192
2.65697
2.68863
2.68863
2.68863
2.68862
2.701
2.69925
2.699
2.70144
2.70143
2.67605
2.68848
2.65377
2.64708
2.64832
2.66439
2.64384
2.65716
2.66789
2.66643
2.66486
2.69938
2.69945
2.71575
2.71575
2.71415
2.71415
2.70628
2.72842
2.72842
2.71031
2.66143
2.69016
2.65185
2.6724
2.64943
2.70736
2.71479
2.70918
2.70918
2.69202
2.67601
2.62574
2.62592
2.63437
2.63095
2.69431
2.6956
2.68058
2.70706
2.71295
2.71295
2.6946
2.68046
2.68046
2.67691
2.65932
2.64915
2.62825
2.63222
2.62706
2.62539
2.63374
2.65622
2.597
2.65421
2.65421
2.65244
2.66692
2.66273
2.67863
2.68184
2.6985
2.67789
2.67789
2.66876
2.66958
2.66876
2.66534
2.67044
2.67044
2.65539
2.65743
2.67497
2.67497
2.67664
2.68447
2.68447
2.67618
2.66713
2.66216
2.66216
2.68053
2.66264
2.65904
2.67186
2.67066
2.66612
2.66334
2.65428
2.67276
2.67907
2.66321
2.67198
2.67585
2.66301
2.65841
2.64587
2.65049
2.67477
2.66994
2.66884
2.66884
2.65455
2.65454
2.67525
2.67525
2.67367
2.64104
2.66064
2.65755
2.6476
2.6535
2.65189
2.66039
2.68251
2.68007
2.68791
2.62641
2.69091
2.68853
2.68687
2.68078
2.69533
2.67226
2.6699
2.67027
2.66296
2.66294
2.61791
2.67047
2.68178
2.73191
2.72196
2.72168
2.72357
2.71619
2.71644
2.72269
2.72487
2.70868
2.70628
2.71002
2.71662
2.72265
2.7234
2.72162
2.71784
2.70958
2.70958
2.70851
2.72332
2.72576
2.72576
2.70647
2.70832
2.7317
2.72042
2.71419
2.71126
2.71141
2.71685
2.71659
2.71384
2.68818
2.69144
2.68305
2.68109
2.67576
2.67335
2.6697
2.66882
2.6661
2.68045
2.68244
2.68257
2.66163
2.66334
2.64029
2.62709
2.66124
2.66856
2.72224
2.72608
2.68319
2.67721
2.67526
2.66267
2.7081
2.68167
2.67065
2.66907
2.66907
2.66887
2.70374
2.69441
2.66396
2.71401
2.71086
2.71086
2.70289
2.69461
2.69174
2.71622
2.71584
2.71584
2.71584
2.71287
2.71288
2.71614
2.71614
2.71613
2.69458
2.69458
2.69467
2.69467
2.70952
2.70492
2.70492
2.69918
2.69918
2.68916
2.69768
2.6975
2.71354
2.7111
2.70488
2.69313
2.69321
2.68406
2.70785
2.70785
2.70784
2.7099
2.7099
2.68113
2.67885
2.71579
2.71781
2.72276
2.69366
2.67945
2.67945
2.67422
2.67058
2.65358
2.6409
2.63341
2.69657
2.69214
2.68242
2.69476
2.69453
2.69258
2.67819
2.67658
2.66988
2.66201
2.67565
2.66356
2.66672
2.68057
2.6872
2.64611
2.6384
2.68625
2.69412
2.69412
2.69576
2.68551
2.68551
2.7188
2.7188
2.69412
2.69101
2.67888
2.71135
2.73679
2.71414
2.7211
2.69857
2.67335
2.66247
2.6839
2.6839
2.67863
2.68037
2.69381
2.68207
2.71443
2.70233
2.71129
2.65416
2.68791
2.68808
2.68001
2.68653
2.68653
2.67621
2.68575
2.68549
2.67952
2.68996
2.68957
2.68388
2.68372
2.67656
2.69479
2.68839
2.69812
2.70363
2.72402
2.72372
2.731
2.73547
2.67214
2.67198
2.67626
2.69326
2.68505
2.68495
2.67654
2.70022
2.69551
2.70518
2.71011
2.71011
2.71726
2.69767
2.69767
2.68312
2.68312
2.68325
2.69016
2.7002
2.69328
2.68038
2.68506
2.68495
2.68495
2.68281
2.68281
2.6784
2.67708
2.67687
2.67687
2.67687
2.67585
2.68351
2.68924
2.70667
2.70894
2.71233
2.71249
2.67845
2.68434
2.70195
2.70237
2.70204
2.70204
2.70145
2.69303
2.70944
2.69779
2.70069
2.67791
2.69268
2.69629
2.70167
2.69276
2.69027
2.68798
2.67767
2.67767
2.67768
2.67768
2.67739
2.68766
2.67009
2.68073
2.68226
2.686
2.65887
2.63242
2.61775
2.64129
2.59282
2.60787
2.58168
2.59358
2.63463
2.68834
2.67996
2.6793
2.71135
2.69111
2.69111
2.69327
2.70391
2.70396
2.7119
2.69719
2.69769
2.69879
2.69881
2.69881
2.69946
2.6881
2.67295
2.70945
2.67303
2.67996
2.6766
2.674
2.68274
2.685
2.68501
2.68502
2.70546
2.70546
2.71466
2.71921
2.71956
2.71971
2.6995
2.68844
2.69189
2.69473
2.68999
2.715
2.69968
2.69968
2.67453
2.67831
2.66931
2.66193
2.68643
2.68573
2.67493
2.69525
2.68894
2.68765
2.6881
2.67704
2.61988
2.68182
2.67971
2.65994
2.68181
2.73248
2.71496
2.71494
2.717
2.71622
2.66859
2.65142
2.62187
2.73968
2.72882
2.72882
2.68734
2.68734
2.68705
2.69174
2.69257
2.68952
2.68544
2.68596
2.68595
2.69008
2.69034
2.71286
2.70858
2.70552
2.67954
2.71566
2.65695
2.65637
2.67992
2.74088
2.73821
2.75401
2.75432
2.75431
2.75434
2.73433
2.72562
2.6577
2.67593
2.67593
2.71442
2.71509
2.69245
2.69245
2.68828
2.68463
2.68117
2.67863
2.68027
2.71329
2.71329
2.70426
2.73273
2.73273
2.70909
2.70909
2.70205
2.70511
2.71264
2.71287
2.71288
2.71418
2.70922
2.70736
2.72114
2.72489
2.72713
2.7122
2.72869
2.72296
2.69545
2.71144
2.72884
2.71953
2.72102
2.72102
2.73535
2.73535
2.73535
2.67235
2.67235
2.67413
2.60948
2.68595
2.68576
2.68245
2.68041
2.68041
2.67815
2.69788
2.68611
2.68611
2.70463
2.69939
2.68718
2.65869
2.65746
2.66146
2.65973
2.69769
2.69768
2.69768
2.69504
2.68838
2.68463
2.68836
2.66444
2.66444
2.67347
2.67347
2.67043
2.6703
2.67029
2.67029
2.66523
2.66523
2.66919
2.70727
2.70806
2.7126
2.68721
2.67852
2.67852
2.68968
2.70061
2.68367
2.67921
2.67896
2.68466
2.69277
2.64131
2.65431
2.66948
2.71468
2.70888
2.70888
2.71707
2.71625
2.70326
2.72051
2.7025
2.7025
2.69429
2.69429
2.69804
2.71394
2.71394
2.71393
2.71882
2.69953
2.70783
2.69955
2.68763
2.68763
2.69467
2.69258
2.69258
2.69692
2.69054
2.69875
2.69744
2.69793
2.74077
2.71139
2.71014
2.7115
2.71251
2.74698
2.7524
2.7524
2.69162
2.67819
2.67404
2.66489
2.67413
2.67957
2.71658
2.72498
2.70039
2.69587
2.69629
2.69414
2.69415
2.70559
2.70559
2.72743
2.73486
2.73502
2.73502
2.74295
2.74277
2.73661
2.73661
2.70922
2.73019
2.73174
2.73172
2.73172
2.73171
2.72623
2.71536
2.6563
2.6563
2.6854
2.69894
2.68304
2.67676
2.71439
2.6961
2.69434
2.69122
2.68265
2.65535
2.65278
2.66223
2.66267
2.66271
2.66271
2.67366
2.66892
2.65956
2.65485
2.67425
2.68056
2.67919
2.67934
2.68505
2.68476
2.68116
2.6896
2.71394
2.71598
2.72877
2.73276
2.70051
2.69154
2.65159
2.70518
2.70432
2.68207
2.67487
2.67486
2.67489
2.68761
2.70615
2.70564
2.69326
2.63665
2.65786
2.68528
2.69154
2.68813
2.68812
2.6878
2.69214
2.65776
2.66086
2.66317
2.67005
2.69983
2.6996
2.68525
2.68666
2.68649
2.68605
2.68605
2.69665
2.69665
2.69667
2.66973
2.66923
2.66835
2.67487
2.68798
2.65132
2.65287
2.66366
2.64654
2.70275
2.71335
2.68033
2.68047
2.67252
2.68384
2.68936
2.67044
2.67045
2.67321
2.67275
2.66952
2.67521
2.67525
2.67524
2.67524
2.60776
2.64607
2.64628
2.65189
2.65189
2.66468
2.68752
2.68626
2.68626
2.68626
2.68627
2.61901
2.61786
2.61923
2.62475
2.64703
2.64904
2.6589
2.6589
2.64954
2.65247
2.67002
2.66842
2.66478
2.66478
2.66478
2.6645
2.66639
2.66977
2.66893
2.66893
2.67806
2.68705
2.68183
2.65514
2.66041
2.64503
2.64503
2.65842
2.65422
2.58671
2.58671
2.58852
2.63956
2.65753
2.65042
2.67794
2.67041
2.68218
2.68067
2.65644
2.68211
2.68211
2.68039
2.68028
2.67664
2.68728
2.68841
2.65808
2.66942
2.68808
2.67976
2.68876
2.68876
2.69814
2.70325
2.70325
2.71996
2.71996
2.71996
2.71996
2.72845
2.72325
2.7096
2.72071
2.72058
2.71336
2.68644
2.68709
2.68709
2.67837
2.67863
2.66945
2.72126
2.71791
2.7129
2.71291
2.73518
2.73304
2.73826
2.73522
2.65488
2.65086
2.65086
2.69184
2.71226
2.71189
2.71255
2.7201
2.70146
2.71484
2.71493
2.67578
2.69549
2.66472
2.70722
2.72389
2.66419
2.68481
2.69073
2.68724
2.68774
2.68764
2.68032
2.68175
2.65572
2.65293
2.67856
2.67436
2.68821
2.68425
2.68477
2.68667
2.67667
2.66105
2.68075
2.68104
2.68104
2.70688
2.69497
2.6971
2.69284
2.67057
2.67057
2.66942
2.67091
2.67808
2.65382
2.65413
2.65322
2.65322
2.65898
2.66711
2.66265
2.65927
2.67954
2.67954
2.67498
2.67231
2.68098
2.68713
2.68459
2.68832
2.68732
2.68724
2.68724
2.68975
2.6895
2.68734
2.68734
2.68736
2.66406
2.67521
2.68547
2.69626
2.70367
2.69752
2.69752
2.68585
2.70053
2.71895
2.7038
2.71094
2.71094
2.71209
2.71183
2.70255
2.69741
2.69171
2.70683
2.69043
2.69123
2.69119
2.69121
2.69883
2.69883
2.7081
2.7081
2.7081
2.71506
2.71542
2.71542
2.71575
2.71249
2.71249
2.69606
2.68035
2.70225
2.69472
2.62278
2.67585
2.65868
2.65843
2.655
2.65638
2.66014
2.66007
2.67195
2.6469
2.6469
2.665
2.69778
2.68973
2.68423
2.67169
2.70705
2.70705
2.70525
2.68666
2.6563
2.66292
2.64603
2.59633
2.67606
2.67797
2.66586
2.62564
2.65073
2.64489
2.6471
2.65503
2.65504
2.66058
2.64365
2.66333
2.64286
2.64286
2.64469
2.6449
2.63303
2.66641
2.70006
2.69664
2.69697
2.69798
2.69875
2.70165
2.69845
2.69845
2.69686
2.68361
2.68555
2.68608
2.68909
2.69394
2.6939
2.68955
2.70056
2.66541
2.661
2.64728
2.66486
2.65817
2.67934
2.67938
2.68079
2.67531
2.67447
2.67774
2.67778
2.689
2.68901
2.69029
2.69029
2.69557
2.69503
2.70005
2.69979
2.70611
2.69794
2.69001
2.68997
2.69008
2.69735
2.67584
2.59808
2.61712
2.62272
2.62091
2.62626
2.65377
2.64318
2.65713
2.65752
2.64915
2.64915
2.64157
2.64054
2.64039
2.64909
2.64962
2.64934
2.65649
2.65544
2.65526
2.63847
2.67508
2.69583
2.668
2.66816
2.66214
2.66354
2.67355
2.67721
2.68608
2.68133
2.68133
2.65787
2.67593
2.6716
2.66465
2.66354
2.66835
2.64952
2.66618
2.69534
2.69633
2.68231
2.68231
2.70504
2.72357
2.719
2.719
2.69127
2.64103
2.65273
2.65107
2.68293
2.68883
2.72546
2.70774
2.72161
2.69518
2.69514
2.69217
2.69344
2.67264
2.67264
2.67907
2.67904
2.67335
2.64632
2.64695
2.63679
2.63657
2.64579
2.64577
2.65006
2.68771
2.70319
2.68135
2.68132
2.68443
2.71374
2.69521
2.70697
2.70697
2.69318
2.69317
2.6923
2.70399
2.70396
2.70338
2.70124
2.71074
2.68178
2.67298
2.67303
2.6615
2.64939
2.62027
2.6212
2.6348
2.6419
2.64771
2.64771
2.63582
2.62559
2.62508
2.62502
2.62947
2.63025
2.67753
2.67753
2.7111
2.70579
2.67901
2.651
2.66545
2.66545
2.64134
2.64306
2.63777
2.63248
2.65853
2.67226
2.6663
2.67011
2.67267
2.67066
2.66601
2.66012
2.65941
2.65832
2.66269
2.67803
2.68653
2.68853
2.68853
2.69175
2.66972
2.66684
2.6699
2.68657
2.66824
2.66939
2.69001
2.67964
2.648
2.64584
2.65364
2.6789
2.69344
2.70074
2.69123
2.69125
2.69128
2.69934
2.69934
2.70343
2.70887
2.67929
2.66816
2.6238
2.63793
2.63793
2.70398
2.70135
2.70135
2.70627
2.66774
2.65897
2.64085
2.66572
2.65789
2.66021
2.72257
2.71249
2.71824
2.70532
2.68988
2.68651
2.68651
2.69091
2.68266
2.68254
2.68616
2.68531
2.68663
2.68677
2.6836
2.6836
2.68353
2.68265
2.68115
2.67197
2.67028
2.64941
2.649
2.66682
2.66682
2.67175
2.65668
2.65668
2.65668
2.65618
2.65818
2.66118
2.66121
2.66119
2.66119
2.6612
2.6483
2.65304
2.65301
2.6707
2.67175
2.70276
2.67796
2.67907
2.67908
2.69034
2.67123
2.69284
2.67063
2.67367
2.66705
2.66337
2.6807
2.70277
2.70435
2.69946
2.67203
2.67767
2.67767
2.6795
2.67373
2.67402
2.67402
2.66615
2.67329
2.65695
2.65695
2.67026
2.69745
2.69732
2.69161
2.69156
2.69158
2.69158
2.69459
2.67452
2.67452
2.67697
2.67453
2.67496
2.67496
2.68478
2.67979
2.67979
2.68799
2.688
2.68796
2.68887
2.68957
2.69049
2.69047
2.67549
2.67322
2.66839
2.67224
2.66427
2.67909
2.68036
2.65488
2.65916
2.65916
2.64764
2.68318
2.65016
2.66218
2.67267
2.6737
2.66949
2.66416
2.66197
2.65707
2.66829
2.66829
2.66791
2.66378
2.67509
2.67502
2.68536
2.68737
2.68737
2.69035
2.69616
2.6495
2.6505
2.65511
2.65513
2.65448
2.66114
2.66114
2.67219
2.67153
2.65994
2.65994
2.65288
2.65288
2.68418
2.6842
2.68394
2.68394
2.65138
2.66002
2.67073
2.65849
2.63734
2.62933
2.64807
2.64807
2.64629
2.65823
2.65825
2.65797
2.65797
2.65797
2.65586
2.65588
2.65681
2.63516
2.62282
2.6228
2.62626
2.62821
2.62928
2.67787
2.67792
2.65193
2.65194
2.65402
2.65384
2.65401
2.65154
2.66756
2.66849
2.65978
2.65979
2.63323
2.66006
2.65051
2.66146
2.62898
2.65079
2.69615
2.69615
2.68601
2.6867
2.68159
2.66646
2.67285
2.70349
2.7063
2.67692
2.67932
2.67931
2.68079
2.68974
2.68294
2.67634
2.67712
2.67364
2.67364
2.67269
2.67268
2.67268
2.68948
2.68922
2.68995
2.70085
2.69463
2.67318
2.67318
2.67318
2.65946
2.68561
2.68561
2.68002
2.68002
2.67999
2.63087
2.68649
2.68648
2.68646
2.68646
2.67982
2.65621
2.67182
2.6647
2.6647
2.66565
2.66621
2.66621
2.66983
2.66984
2.69254
2.69254
2.68706
2.68006
2.68006
2.67103
2.67097
2.67097
2.65018
2.65019
2.68993
2.69432
2.69604
2.69951
2.69972
2.69972
2.69849
2.70163
2.6515
2.65151
2.65148
2.651
2.65144
2.65144
2.68275
2.68268
2.68227
2.68125
2.66004
2.67515
2.67544
2.68132
2.67385
2.67467
2.62282
2.67473
2.70497
2.69032
2.68105
2.68099
2.6805
2.66958
2.69566
2.66877
2.66685
2.69473
2.68612
2.68277
2.68277
2.68069
2.68872
2.6911
2.69939
2.67124
2.67123
2.69186
2.67033
2.67063
2.67065
2.6561
2.68063
2.66643
2.65056
2.71608
2.71608
2.71872
2.71872
2.67959
2.70615
2.6988
2.70173
2.70174
2.70174
2.71878
2.7203
2.71645
2.72143
2.72141
2.65112
2.65112
2.69259
2.65634
2.66742
2.66928
2.71464
2.71469
2.69814
2.7299
2.70573
2.70678
2.70545
2.70058
2.74543
2.74749
2.74748
2.7475
2.74319
2.74319
2.74113
2.72608
2.72533
2.72272
2.72313
2.73343
2.70839
2.73616
2.73787
2.73787
2.7378
2.72427
2.72194
2.72194
2.7124
2.7124
2.71237
2.71946
2.70187
2.70003
2.7008
2.7008
2.70246
2.70336
2.68468
2.64572
2.63121
2.63121
2.66063
2.6559
2.65955
2.66058
2.65975
2.66561
2.64586
2.667
2.68223
2.67743
2.66941
2.68177
2.67848
2.67878
2.6757
2.69095
2.69499
2.69499
2.7039
2.69427
2.66961
2.67458
2.67458
2.66823
2.66499
2.66978
2.67183
2.67342
2.69728
2.67163
2.66563
2.66563
2.6575
2.65987
2.6602
2.65722
2.64894
2.6678
2.65799
2.63777
2.64319
2.63513
2.64025
2.67037
2.65695
2.66324
2.66744
2.6655
2.67652
2.67343
2.66293
2.65765
2.65764
2.69095
2.69095
2.65874
2.63929
2.64404
2.71281
2.72261
2.72261
2.73407
2.7353
2.73506
2.73222
2.73517
2.63403
2.65941
2.68819
2.69777
2.70177
2.71721
2.71761
2.71074
2.72089
2.73494
2.73494
2.74229
2.70155
2.70578
2.69933
2.68845
2.68462
2.71047
2.71047
2.7094
2.7204
2.71954
2.71777
2.68721
2.68721
2.68622
2.68613
2.68613
2.68604
2.70289
2.69912
2.68169
2.69022
2.69023
2.68882
2.69281
2.70786
2.72048
2.71356
2.7047
2.70467
2.68803
2.68805
2.68542
2.6868
2.68727
2.69163
2.6873
2.68315
2.66898
2.66898
2.66898
2.67205
2.67587
2.68755
2.68755
2.66894
2.66642
2.67666
2.67666
2.67786
2.66525
2.66525
2.70481
2.70585
2.71987
2.71825
2.70564
2.68385
2.68466
2.64864
2.64716
2.6483
2.71247
2.70423
2.68861
2.68861
2.68861
2.6903
2.68243
2.68243
2.6812
2.68039
2.69014
2.69014
2.69825
2.70371
2.69525
2.69525
2.69525
2.69525
2.68486
2.68486
2.68459
2.702
2.68538
2.66436
2.66814
2.65208
2.65965
2.65965
2.65965
2.65317
2.6579
2.69055
2.69055
2.67525
2.70811
2.71613
2.71477
2.71477
2.73356
2.73362
2.73246
2.72732
2.72157
2.72157
2.72157
2.72157
2.72084
2.72636
2.68636
2.66475
2.68162
2.68162
2.67265
2.68009
2.68027
2.68076
2.68608
2.69038
2.70221
2.68567
2.65526
2.66785
2.66393
2.66041
2.71009
2.70442
2.70455
2.70308
2.70308
2.7013
2.70132
2.7088
2.7339
2.72818
2.72846
2.72965
2.73193
2.68965
2.65931
2.66807
2.69495
2.6837
2.6857
2.6857
2.68395
2.67695
2.6834
2.6834
2.66327
2.66327
2.66262
2.66262
2.65728
2.65483
2.65482
2.6603
2.67637
2.69179
2.69179
2.68082
2.67816
2.6883
2.69793
2.69916
2.69272
2.69026
2.68652
2.70347
2.70346
2.69611
2.67584
2.67685
2.67251
2.69727
2.68351
2.68181
2.67391
2.67391
2.67326
2.6754
2.67129
2.67759
