-8.50689  3.56141  3.37821  3.44774  3.68057  0.183198  -0.232824
-8.54062  3.55646  3.37268  3.44234  3.67579  0.183783  -0.233458
-8.48121  3.5688  3.38358  3.45308  3.68779  0.185222  -0.234709
-8.66703  3.53691  3.35834  3.42801  3.65674  0.178566  -0.228729
-8.57598  3.54542  3.36497  3.43459  3.66504  0.180456  -0.230451
-8.64198  3.54286  3.36355  3.43315  3.66253  0.179308  -0.229384
-8.60992  3.54158  3.36246  3.43209  3.66127  0.179121  -0.229173
-8.66683  3.5365  3.35993  3.42952  3.65628  0.176565  -0.226761
-8.62502  3.53995  3.36275  3.43235  3.65961  0.177196  -0.227258
-8.57559  3.54787  3.36927  3.43881  3.66732  0.178609  -0.228514
-8.57705  3.54932  3.37011  3.43969  3.66872  0.179202  -0.229028
-8.61265  3.54528  3.36484  3.43447  3.66491  0.180441  -0.230443
-8.68236  3.53446  3.35731  3.42694  3.65433  0.177146  -0.22739
-8.6783  3.53337  3.35599  3.42565  3.65329  0.177382  -0.227647
-8.71713  3.52791  3.35111  3.42081  3.64801  0.176802  -0.227193
-8.55957  3.54682  3.36579  3.43541  3.66642  0.181028  -0.231016
-8.58521  3.54439  3.36423  3.43384  3.66405  0.180165  -0.23021
-8.59156  3.54823  3.36699  3.43661  3.66778  0.181235  -0.231174
-8.64515  3.54139  3.36106  3.43075  3.66113  0.180321  -0.23038
-8.72713  3.52485  3.34869  3.41838  3.64505  0.176165  -0.226671
-8.65958  3.53573  3.35723  3.42686  3.65564  0.178492  -0.228773
-8.71887  3.53062  3.35386  3.42349  3.65063  0.176759  -0.22714
-8.84673  3.51567  3.3422  3.41192  3.63608  0.173466  -0.224157
-8.61294  3.54355  3.36531  3.43485  3.66316  0.17824  -0.228315
-8.63604  3.53947  3.36105  3.43073  3.65918  0.178413  -0.228441
-8.5263  3.55404  3.37315  3.44267  3.67338  0.180898  -0.230708
-8.59468  3.54302  3.36221  3.43187  3.66274  0.180811  -0.230871
-8.82319  3.51958  3.34515  3.41482  3.63992  0.174433  -0.225098
-8.77366  3.52293  3.34643  3.41614  3.64322  0.17649  -0.227083
-8.68944  3.53249  3.35519  3.42481  3.65247  0.177299  -0.227659
-8.74942  3.52426  3.34825  3.41796  3.64446  0.176004  -0.226507
-8.83438  3.51559  3.33975  3.40954  3.63611  0.175839  -0.226565
-8.71796  3.53049  3.3519  3.42158  3.6506  0.178596  -0.229019
-8.75205  3.52761  3.34951  3.41926  3.64777  0.178096  -0.228506
-8.67028  3.53795  3.35762  3.4273  3.65784  0.180334  -0.230543
-8.60028  3.54889  3.36783  3.43735  3.66847  0.181054  -0.231121
-8.6804  3.53779  3.35839  3.42798  3.65769  0.179403  -0.229709
-8.73453  3.53242  3.35375  3.42339  3.65248  0.17867  -0.229097
-8.85545  3.51062  3.33821  3.40788  3.63122  0.17241  -0.223339
-8.77207  3.52338  3.34741  3.41708  3.64364  0.175971  -0.226555
-8.76835  3.52059  3.34421  3.41393  3.64097  0.176386  -0.227041
-8.64285  3.53967  3.35871  3.42841  3.65953  0.180961  -0.231117
-8.53728  3.55291  3.36998  3.43962  3.67235  0.18293  -0.232735
-8.6068  3.5489  3.36619  3.43584  3.66849  0.182717  -0.232651
-8.54685  3.55382  3.37037  3.43999  3.67326  0.183445  -0.233269
-8.7425  3.52678  3.34938  3.41913  3.64694  0.177401  -0.227816
-8.66612  3.53559  3.35775  3.42738  3.65546  0.177836  -0.228082
-8.66424  3.53774  3.3579  3.42761  3.6576  0.179846  -0.229994
-8.66856  3.53582  3.35629  3.42602  3.65573  0.179536  -0.229706
-8.67927  3.53675  3.35857  3.42822  3.65659  0.17818  -0.228373
-8.65218  3.53998  3.36073  3.43041  3.65972  0.179252  -0.229315
-8.53936  3.54978  3.36839  3.43801  3.66927  0.181386  -0.231259
-8.57854  3.54781  3.37014  3.43964  3.66723  0.177679  -0.227583
-8.6451  3.53991  3.36124  3.43091  3.65962  0.178674  -0.228712
-8.54829  3.55555  3.37399  3.44354  3.67485  0.18156  -0.231308
-8.56102  3.54981  3.36927  3.43889  3.66925  0.180541  -0.230358
-8.56299  3.5526  3.37182  3.44139  3.67196  0.180777  -0.230565
-8.57766  3.54868  3.36763  3.4373  3.66817  0.181045  -0.230871
-8.50108  3.557  3.37451  3.44415  3.67624  0.182491  -0.232093
-8.59852  3.5441  3.36411  3.43379  3.66371  0.179987  -0.229915
-8.54209  3.55687  3.37394  3.44354  3.67617  0.182929  -0.232627
-8.54136  3.55245  3.37115  3.44075  3.67183  0.181299  -0.231083
-8.50563  3.55409  3.37245  3.44207  3.67341  0.181635  -0.231334
-8.45436  3.56629  3.38265  3.45213  3.6853  0.183631  -0.233173
-8.59359  3.54648  3.36683  3.43641  3.66603  0.179652  -0.229626
-8.68147  3.53195  3.35497  3.42464  3.6519  0.176982  -0.227261
-8.54269  3.55154  3.36903  3.43868  3.671  0.182503  -0.232325
-8.49492  3.56081  3.37773  3.44727  3.67998  0.183075  -0.232714
-8.71554  3.53104  3.35378  3.42352  3.65101  0.177264  -0.227493
-8.67101  3.53561  3.35829  3.42799  3.65541  0.177316  -0.227415
-8.52071  3.55319  3.37301  3.44253  3.67252  0.180177  -0.229985
-8.59108  3.54666  3.3676  3.43718  3.66616  0.179057  -0.228979
-8.56536  3.55787  3.37561  3.44514  3.67712  0.182256  -0.231981
-8.70989  3.5348  3.35779  3.42742  3.65466  0.177012  -0.227237
-8.59102  3.54759  3.36675  3.43634  3.66716  0.180848  -0.230824
-8.6751  3.53524  3.35647  3.42611  3.65517  0.178772  -0.229059
-8.72825  3.52826  3.35012  3.41985  3.6484  0.17814  -0.228547
-8.71657  3.52956  3.35264  3.42226  3.64965  0.176925  -0.227388
-8.80533  3.5189  3.34285  3.4126  3.63931  0.176057  -0.226707
-8.64326  3.54099  3.36105  3.43064  3.66079  0.179939  -0.230153
-8.70023  3.53758  3.35825  3.42783  3.6575  0.179337  -0.229674
-8.66908  3.53294  3.35568  3.42528  3.65291  0.177255  -0.227629
-8.61867  3.54462  3.36502  3.4346  3.66425  0.179591  -0.229645
-8.58728  3.54667  3.36599  3.43559  3.66627  0.180686  -0.230674
-8.66312  3.54007  3.36067  3.43033  3.65984  0.179404  -0.229505
-8.58347  3.54574  3.36616  3.43577  3.66529  0.179579  -0.229523
-8.50408  3.55942  3.37645  3.44602  3.67863  0.182974  -0.232604
-8.52403  3.55503  3.37328  3.44287  3.67433  0.181749  -0.231458
-8.44969  3.56626  3.38206  3.45162  3.68527  0.1842  -0.233651
-8.43191  3.57106  3.38641  3.45587  3.68995  0.184641  -0.234082
-8.54652  3.55395  3.37192  3.44155  3.6733  0.182032  -0.231751
-8.51868  3.55732  3.37496  3.44458  3.67655  0.182355  -0.231964
-8.49549  3.56247  3.37929  3.44887  3.68156  0.183175  -0.232695
-8.52822  3.55711  3.37591  3.44547  3.67631  0.181198  -0.230839
-8.52914  3.56018  3.37881  3.44832  3.67929  0.181371  -0.230977
-8.48208  3.56074  3.37967  3.44915  3.67983  0.181066  -0.230675
-8.67056  3.53832  3.36172  3.43136  3.65799  0.176597  -0.22663
-8.69146  3.53242  3.35735  3.42698  3.65225  0.175069  -0.22527
-8.62723  3.54219  3.36277  3.43244  3.66185  0.17942  -0.229417
-8.60428  3.54656  3.36576  3.43538  3.66616  0.1808  -0.230779
-8.55288  3.55334  3.37212  3.44166  3.67271  0.181214  -0.231048
-8.57906  3.54606  3.36625  3.43588  3.6656  0.17981  -0.22972
-8.44713  3.56781  3.38416  3.45368  3.68673  0.183651  -0.233048
-8.52286  3.55642  3.37527  3.44486  3.67563  0.181153  -0.230773
-8.62766  3.54247  3.36379  3.43342  3.6621  0.178683  -0.228675
-8.63955  3.53943  3.36046  3.43015  3.65917  0.178969  -0.229023
-8.5591  3.5492  3.36957  3.43915  3.66863  0.179628  -0.229479
-8.6731  3.53483  3.35787  3.42752  3.65467  0.176967  -0.227158
-8.61871  3.54785  3.36515  3.43476  3.66751  0.1827  -0.232751
-8.64385  3.54116  3.36143  3.43103  3.66093  0.179726  -0.229906
-8.75933  3.5287  3.35043  3.42016  3.64883  0.178266  -0.228671
-8.74924  3.53258  3.35348  3.42312  3.65266  0.179102  -0.229548
-8.63313  3.5392  3.35941  3.42901  3.65906  0.179787  -0.230056
-8.73202  3.52564  3.34801  3.41774  3.64586  0.177629  -0.228121
-8.73287  3.52495  3.34773  3.41748  3.64518  0.177222  -0.227705
-8.64976  3.53872  3.35763  3.42727  3.65866  0.181086  -0.231393
-8.66201  3.5406  3.35866  3.42828  3.66052  0.181943  -0.23224
-8.62443  3.54488  3.36203  3.43168  3.66465  0.182849  -0.23297
-8.72184  3.53058  3.35136  3.42116  3.65065  0.179227  -0.229489
-8.68334  3.53699  3.35781  3.42744  3.65689  0.179184  -0.22945
-8.76731  3.52697  3.34838  3.41817  3.64716  0.178594  -0.228998
-8.62683  3.5463  3.36658  3.43615  3.66587  0.179724  -0.229722
-8.54007  3.54898  3.36887  3.43851  3.66841  0.180106  -0.229899
-8.51354  3.55293  3.37188  3.44148  3.67228  0.18105  -0.230798
-8.6085  3.5453  3.36471  3.43433  3.66493  0.18059  -0.230601
-8.58801  3.54761  3.36607  3.4357  3.6672  0.181534  -0.231497
-8.55751  3.55092  3.36985  3.43942  3.67037  0.181068  -0.230948
-8.62384  3.54465  3.36347  3.43314  3.66431  0.18118  -0.231172
-8.55819  3.54902  3.36748  3.43716  3.66852  0.181542  -0.23136
-8.59528  3.55094  3.36829  3.43796  3.67043  0.182647  -0.232478
-8.68147  3.53592  3.3559  3.4256  3.65587  0.180025  -0.230275
-8.73025  3.5321  3.35414  3.4238  3.65211  0.177956  -0.228317
-8.63166  3.54339  3.36324  3.43286  3.66308  0.180145  -0.230225
-8.67771  3.53673  3.35801  3.42763  3.65662  0.178724  -0.228999
-8.63245  3.54977  3.3683  3.43787  3.66931  0.18147  -0.231435
-8.63756  3.54052  3.36267  3.43226  3.66022  0.177851  -0.227958
-8.59428  3.54553  3.36478  3.43441  3.66516  0.180755  -0.230758
-8.49123  3.56014  3.37641  3.44599  3.67937  0.183733  -0.233379
-8.53696  3.55592  3.37257  3.44219  3.67527  0.183348  -0.233087
-8.52176  3.55549  3.37128  3.44096  3.67487  0.18421  -0.233912
-8.48154  3.55556  3.37349  3.44312  3.67483  0.182066  -0.231711
-8.581  3.5517  3.37057  3.44016  3.67111  0.181132  -0.230953
-8.53598  3.55596  3.37326  3.44283  3.6753  0.182707  -0.232476
-8.62284  3.54332  3.36307  3.43274  3.66299  0.180256  -0.230252
-8.66013  3.53469  3.35715  3.42686  3.65453  0.177535  -0.227673
-8.68992  3.53856  3.35918  3.42881  3.6584  0.179375  -0.229587
-8.56815  3.55121  3.36776  3.43742  3.67074  0.183445  -0.233318
-8.626  3.54392  3.36076  3.43049  3.6637  0.183158  -0.233207
-8.55254  3.55597  3.37149  3.44111  3.6754  0.184487  -0.23429
-8.46974  3.56391  3.37909  3.44861  3.68308  0.184828  -0.23447
-8.56  3.54751  3.36545  3.43509  3.66713  0.182068  -0.232035
-8.63544  3.54088  3.35884  3.42855  3.66074  0.18204  -0.232197
-8.76804  3.5258  3.34679  3.41656  3.64608  0.179011  -0.229519
-8.6987  3.53644  3.35433  3.42407  3.65648  0.182105  -0.23241
-8.62711  3.54289  3.36037  3.4301  3.66268  0.18252  -0.232586
-8.68033  3.53882  3.35764  3.42729  3.65875  0.181172  -0.231457
-8.66127  3.53575  3.35537  3.42509  3.65572  0.180378  -0.230622
-8.71653  3.53221  3.35337  3.42304  3.65227  0.178845  -0.229223
-8.6453  3.54522  3.36363  3.43325  3.66493  0.181591  -0.231677
-8.57835  3.55148  3.3694  3.43892  3.671  0.182085  -0.232079
-8.67605  3.53929  3.36109  3.43064  3.65908  0.178207  -0.228446
-8.71021  3.53446  3.35605  3.42569  3.65441  0.17841  -0.22872
-8.56983  3.5525  3.37267  3.44216  3.67187  0.179833  -0.229704
-8.59023  3.5496  3.36923  3.43886  3.66903  0.180372  -0.230176
-8.47581  3.56065  3.37845  3.44799  3.67978  0.182205  -0.231793
-8.48614  3.5604  3.37761  3.44715  3.67958  0.182791  -0.232428
-8.6258  3.54244  3.36343  3.43306  3.6621  0.179016  -0.229038
-8.76829  3.52577  3.34952  3.41921  3.64593  0.176243  -0.226726
-8.89951  3.50895  3.33671  3.40644  3.62958  0.17224  -0.223141
-8.8792  3.50989  3.33693  3.40668  3.6305  0.172964  -0.223821
-8.84132  3.51221  3.33982  3.40948  3.63274  0.172391  -0.22326
-8.83484  3.5182  3.34238  3.41213  3.63863  0.175827  -0.226499
-8.76972  3.52608  3.34797  3.41772  3.64631  0.178113  -0.228591
-8.71454  3.53684  3.35783  3.42744  3.65675  0.179009  -0.22931
-8.67038  3.53337  3.35611  3.42573  3.6533  0.17726  -0.227569
-8.71667  3.53293  3.35562  3.42525  3.65289  0.177316  -0.227642
-8.61813  3.53932  3.36021  3.42984  3.65911  0.179106  -0.229278
-8.72661  3.53241  3.35373  3.42345  3.65241  0.178675  -0.22896
-8.62127  3.54522  3.3662  3.43575  3.6648  0.179019  -0.22905
-8.64421  3.53993  3.35969  3.4294  3.65971  0.180243  -0.230312
-8.44716  3.5642  3.38066  3.45021  3.68325  0.183535  -0.233035
-8.45606  3.56291  3.38034  3.44993  3.68194  0.18257  -0.232012
-8.43624  3.56883  3.38489  3.45437  3.68775  0.183943  -0.233387
-8.55837  3.54949  3.37171  3.44129  3.6688  0.177775  -0.22751
-8.49518  3.55494  3.37601  3.44558  3.67408  0.178925  -0.228504
-8.49833  3.56003  3.38038  3.4499  3.67903  0.179649  -0.229129
-8.5866  3.54322  3.36554  3.4352  3.66273  0.177682  -0.227527
-8.50095  3.56101  3.37892  3.44841  3.68015  0.182093  -0.231738
-8.55894  3.55016  3.36935  3.43895  3.66962  0.18081  -0.230674
-8.61895  3.54408  3.36469  3.4343  3.6637  0.179394  -0.229407
-8.60346  3.54846  3.3695  3.43903  3.66792  0.178956  -0.228891
-8.4218  3.5668  3.3834  3.45288  3.68578  0.183405  -0.232898
-8.49678  3.5576  3.37558  3.44518  3.67681  0.182019  -0.231637
-8.46653  3.56026  3.3774  3.44701  3.6794  0.18286  -0.232389
-8.50021  3.55833  3.37599  3.44553  3.67757  0.182341  -0.23203
-8.45478  3.56106  3.37783  3.4474  3.68021  0.183224  -0.232806
-8.48305  3.56442  3.38104  3.45053  3.68349  0.183384  -0.232964
-8.51085  3.55787  3.37382  3.44348  3.67715  0.184055  -0.23367
-8.5669  3.55283  3.3707  3.44031  3.67224  0.182127  -0.231928
-8.67338  3.5327  3.35322  3.423  3.6527  0.179474  -0.229705
-8.7289  3.53052  3.35201  3.42173  3.6506  0.178517  -0.228876
-8.60621  3.54525  3.36446  3.4341  3.66489  0.18079  -0.230791
-8.55498  3.55299  3.36973  3.43935  3.67246  0.183267  -0.233109
-8.68671  3.53778  3.35673  3.42644  3.65771  0.181053  -0.231266
-8.60073  3.54675  3.3653  3.43493  3.66637  0.181455  -0.231448
-8.63579  3.54421  3.36268  3.43232  3.66394  0.181526  -0.231614
-8.7295  3.52666  3.34947  3.41916  3.64685  0.177189  -0.227685
-8.64913  3.54528  3.36553  3.43504  3.66494  0.179747  -0.229898
-8.75632  3.53012  3.35408  3.42362  3.65018  0.176046  -0.226557
-8.73546  3.53036  3.35273  3.4224  3.65043  0.177631  -0.228028
-8.71002  3.5325  3.35455  3.42424  3.65248  0.177955  -0.228247
-8.60373  3.54928  3.36787  3.43751  3.66879  0.18141  -0.23128
-8.56596  3.55109  3.36916  3.43879  3.67055  0.181933  -0.231758
-8.70186  3.52958  3.35232  3.42203  3.64963  0.177259  -0.227599
-8.66983  3.53506  3.35587  3.42558  3.65499  0.179195  -0.229411
-8.62274  3.54191  3.36147  3.43115  3.66165  0.180443  -0.230502
-8.59398  3.55085  3.36693  3.43658  3.67044  0.183915  -0.233864
-8.63279  3.5431  3.36051  3.43024  3.66288  0.182584  -0.232642
-8.55195  3.55612  3.3723  3.44189  3.67551  0.183824  -0.233618
-8.51713  3.55918  3.37526  3.44487  3.67843  0.183911  -0.233568
-8.63392  3.54648  3.36513  3.43476  3.6661  0.181344  -0.231338
-8.63256  3.54406  3.36369  3.43333  3.66372  0.180378  -0.230397
-8.71222  3.52935  3.35281  3.42252  3.64936  0.17654  -0.226848
-8.70241  3.53463  3.35724  3.42684  3.65454  0.177384  -0.227698
-8.79071  3.52096  3.34406  3.41385  3.64131  0.176905  -0.227466
-8.73433  3.52764  3.34998  3.41971  3.64779  0.177663  -0.228079
-8.73534  3.5296  3.35157  3.42127  3.6497  0.178022  -0.228433
-8.67573  3.53765  3.35718  3.4269  3.65754  0.180476  -0.230642
-8.70507  3.53183  3.35281  3.42249  3.65192  0.179022  -0.22943
-8.76444  3.52788  3.35065  3.4203  3.64804  0.177234  -0.22774
-8.73439  3.52647  3.34887  3.4186  3.64666  0.177597  -0.228062
-8.65646  3.53956  3.35921  3.42887  3.6594  0.180359  -0.230537
-8.65158  3.53735  3.35782  3.4275  3.65722  0.179531  -0.229725
-8.63784  3.53917  3.35809  3.4278  3.65904  0.181088  -0.231244
-8.72484  3.53016  3.35057  3.42036  3.65027  0.179593  -0.229915
-8.73089  3.52833  3.34919  3.41894  3.64852  0.179146  -0.229577
-8.61325  3.54349  3.36129  3.43093  3.66329  0.182199  -0.232357
-8.59444  3.54539  3.36403  3.43365  3.66508  0.181362  -0.231429
-8.51032  3.56236  3.37671  3.44625  3.68163  0.185648  -0.235384
-8.58268  3.5483  3.36754  3.43712  3.66784  0.180767  -0.230723
-8.62051  3.54362  3.36353  3.43317  3.66329  0.180095  -0.230112
-8.56849  3.54565  3.36678  3.43636  3.66519  0.178874  -0.228831
-8.54421  3.54754  3.36592  3.43566  3.66707  0.181623  -0.231409
-8.55092  3.54799  3.3663  3.43604  3.6675  0.181687  -0.231452
-8.54878  3.54686  3.36697  3.43663  3.66635  0.179886  -0.229714
-8.5725  3.54798  3.36911  3.43868  3.66743  0.17887  -0.228745
-8.66058  3.53136  3.35563  3.4253  3.65127  0.175732  -0.225971
-8.73796  3.52607  3.35116  3.42082  3.64615  0.174908  -0.225331
-8.68623  3.5319  3.35571  3.42534  3.65183  0.176185  -0.22649
-8.66335  3.53848  3.36101  3.43063  3.65822  0.177469  -0.227593
-8.59364  3.54194  3.36316  3.4328  3.66159  0.178774  -0.228786
-8.55698  3.54641  3.36567  3.43532  3.66598  0.180748  -0.23066
-8.54639  3.55249  3.37138  3.44095  3.67187  0.181107  -0.230924
-8.63547  3.54431  3.36415  3.43375  3.66397  0.180168  -0.230225
-8.71402  3.53651  3.35789  3.42754  3.65638  0.178615  -0.228843
-8.76556  3.52907  3.3517  3.42136  3.64918  0.177373  -0.227819
-8.4623  3.5653  3.38108  3.45058  3.68438  0.184225  -0.233801
-8.49486  3.56092  3.37783  3.44738  3.68008  0.183091  -0.232702
-8.54459  3.55528  3.37289  3.4425  3.67461  0.182395  -0.232106
-8.4675  3.56821  3.3834  3.45287  3.68722  0.184812  -0.234352
-8.55516  3.55255  3.37078  3.44037  3.67197  0.181767  -0.231597
-8.57333  3.55281  3.37024  3.43983  3.67226  0.182561  -0.232434
-8.59254  3.5453  3.36446  3.43411  3.66493  0.180834  -0.230823
-8.70468  3.53241  3.35546  3.42509  3.65237  0.176957  -0.227281
-8.64842  3.53862  3.35947  3.42909  3.65845  0.179154  -0.229365
-8.59649  3.55172  3.36917  3.43878  3.67121  0.182548  -0.232434
-8.69759  3.53474  3.35746  3.42707  3.65463  0.177282  -0.227561
-8.80625  3.52105  3.34733  3.41697  3.64129  0.173722  -0.224318
-8.7612  3.52603  3.35025  3.41987  3.6462  0.175773  -0.226329
-8.84882  3.51035  3.33643  3.40617  3.63101  0.17392  -0.22484
-8.78467  3.52169  3.34453  3.41432  3.64203  0.177161  -0.227706
-8.75861  3.52835  3.34868  3.41843  3.64858  0.179671  -0.230146
-8.72271  3.53049  3.35131  3.42105  3.6506  0.179187  -0.229546
-8.61386  3.54541  3.36303  3.43269  3.66513  0.182374  -0.232444
-8.59304  3.54923  3.3671  3.43674  3.66878  0.182128  -0.232048
-8.63865  3.5409  3.36185  3.43149  3.66061  0.179048  -0.229121
-8.56045  3.54789  3.36619  3.43584  3.66747  0.181699  -0.231626
-8.61394  3.54578  3.36447  3.43409  3.66544  0.18131  -0.231353
-8.75548  3.5213  3.34605  3.41583  3.64153  0.175246  -0.225701
-8.68354  3.5353  3.35771  3.42733  3.65517  0.177586  -0.22784
-8.59048  3.54849  3.36832  3.4379  3.66798  0.180166  -0.230087
-8.56173  3.55106  3.37144  3.44096  3.67045  0.179624  -0.229487
-8.57869  3.55215  3.37104  3.44066  3.67152  0.181103  -0.230853
-8.63416  3.54044  3.36237  3.43203  3.6601  0.178074  -0.228074
-8.48686  3.5589  3.37859  3.44808  3.67801  0.180307  -0.229931
-8.51482  3.55674  3.37382  3.44348  3.676  0.182921  -0.232522
-8.49589  3.55903  3.37572  3.44533  3.67825  0.183318  -0.232921
-8.4886  3.56453  3.37997  3.44952  3.68364  0.184564  -0.234123
-8.57355  3.54851  3.3667  3.43631  3.66808  0.181807  -0.231771
-8.57626  3.55413  3.37101  3.44061  3.67356  0.183123  -0.232956
-8.52678  3.55349  3.3707  3.44034  3.6729  0.182787  -0.232566
-8.60778  3.54766  3.36613  3.43578  3.66723  0.181529  -0.23145
-8.62246  3.54358  3.36341  3.43307  3.66324  0.180177  -0.230169
-8.55293  3.55326  3.37187  3.44146  3.67262  0.181381  -0.231153
-8.51868  3.56251  3.37815  3.44772  3.68168  0.184359  -0.233954
-8.57662  3.5516  3.3697  3.43929  3.67107  0.181904  -0.231773
-8.54984  3.55048  3.3692  3.43884  3.66992  0.181282  -0.231083
-8.61402  3.54512  3.3656  3.4352  3.66471  0.179517  -0.229512
-8.69145  3.53245  3.35567  3.42532  3.65238  0.17678  -0.227059
-8.68811  3.53283  3.35501  3.42466  3.65281  0.177824  -0.228149
-8.78885  3.52355  3.34878  3.41846  3.64372  0.174767  -0.225268
-8.71639  3.53134  3.35554  3.42514  3.65129  0.175806  -0.226144
-8.77212  3.52079  3.34617  3.41588  3.64105  0.174612  -0.225173
-8.70494  3.53247  3.35574  3.4254  3.65239  0.176723  -0.226989
-8.6237  3.54412  3.36541  3.435  3.6637  0.178711  -0.228694
-8.53816  3.54985  3.37107  3.44064  3.66921  0.17878  -0.228579
-8.62751  3.53714  3.36196  3.43155  3.6568  0.175182  -0.22525
-8.57249  3.54803  3.37039  3.43997  3.66738  0.177637  -0.227406
-8.62171  3.54208  3.36511  3.43472  3.66163  0.176962  -0.226904
-8.72993  3.52874  3.35528  3.42488  3.64865  0.17346  -0.223772
-8.63082  3.54309  3.36558  3.43516  3.66265  0.177504  -0.227495
-8.53932  3.55653  3.37475  3.44431  3.6758  0.181782  -0.231491
-8.56055  3.54765  3.3688  3.43838  3.6671  0.178847  -0.228711
-8.63793  3.54096  3.36349  3.43313  3.66058  0.17747  -0.227456
-8.59262  3.53959  3.36123  3.43093  3.65927  0.178355  -0.228338
-8.64299  3.54213  3.36374  3.43338  3.66175  0.178398  -0.22837
-8.5291  3.54801  3.36949  3.43909  3.6674  0.178516  -0.228311
-8.59268  3.54571  3.36734  3.43696  3.66518  0.178372  -0.228226
-8.45801  3.56396  3.37954  3.4491  3.68308  0.184421  -0.233977
-8.51005  3.55283  3.37042  3.44009  3.67223  0.182407  -0.23214
-8.48246  3.55707  3.37284  3.44251  3.67639  0.184234  -0.233874
-8.5371  3.55392  3.37051  3.44019  3.67332  0.183402  -0.233132
-8.45992  3.56288  3.37775  3.44735  3.68205  0.185129  -0.234694
-8.54673  3.55551  3.37404  3.44359  3.6748  0.181473  -0.231207
-8.59496  3.54684  3.36626  3.43595  3.66637  0.180581  -0.230423
-8.49968  3.56268  3.37826  3.44783  3.68184  0.184423  -0.234012
-8.5928  3.55094  3.36881  3.43841  3.67044  0.182133  -0.232029
-8.62727  3.54616  3.36513  3.43474  3.66579  0.181025  -0.231055
-8.57954  3.55133  3.3689  3.43851  3.67082  0.182437  -0.232312
-8.65829  3.53707  3.35606  3.42585  3.65698  0.181009  -0.231131
-8.55068  3.55364  3.37083  3.44046  3.67305  0.182817  -0.232582
-8.62491  3.54473  3.36362  3.43329  3.66439  0.18111  -0.231105
-8.52636  3.55291  3.37007  3.4397  3.67235  0.182841  -0.232648
-8.48883  3.5529  3.36964  3.43932  3.67233  0.183256  -0.233013
-8.57397  3.55075  3.36673  3.43646  3.67029  0.184022  -0.233835
-8.58718  3.54709  3.366  3.43567  3.66665  0.181091  -0.230986
-8.62285  3.54321  3.36427  3.43383  3.66286  0.178943  -0.22903
-8.68332  3.53083  3.35378  3.42349  3.65081  0.177047  -0.227323
-8.68925  3.53176  3.35371  3.42342  3.65177  0.17805  -0.228351
-8.69644  3.53789  3.35787  3.42753  3.65778  0.180019  -0.230243
-8.62837  3.54627  3.36476  3.43435  3.66594  0.181509  -0.231583
-8.66254  3.53743  3.35815  3.4278  3.6573  0.179286  -0.229498
-8.73093  3.52851  3.35179  3.42147  3.64859  0.176726  -0.227119
-8.58978  3.55384  3.37141  3.44097  3.67326  0.182425  -0.232284
-8.61603  3.54422  3.3641  3.43371  3.66388  0.180115  -0.230162
-8.67012  3.53098  3.35393  3.42363  3.65095  0.177054  -0.227323
-8.66724  3.53445  3.35617  3.42586  3.65436  0.178279  -0.228505
-8.63732  3.54123  3.36271  3.43227  3.66094  0.178521  -0.228671
-8.58567  3.55112  3.3696  3.43918  3.67058  0.181525  -0.231399
-8.57571  3.54637  3.36553  3.43516  3.66597  0.180844  -0.230808
-8.55107  3.55052  3.36817  3.43781  3.67003  0.182356  -0.232223
-8.60539  3.54997  3.36747  3.4371  3.66952  0.182501  -0.232422
-8.57214  3.55191  3.36841  3.43805  3.67143  0.183507  -0.233373
-8.49456  3.55793  3.37445  3.44404  3.67723  0.183489  -0.233191
-8.48492  3.56514  3.37935  3.44894  3.68427  0.185785  -0.235329
-8.60383  3.5462  3.36523  3.43492  3.66578  0.180964  -0.230859
-8.55488  3.55314  3.3723  3.44187  3.67249  0.180837  -0.230619
-8.52463  3.56064  3.37833  3.44788  3.67977  0.182311  -0.231891
-8.44205  3.57191  3.386  3.45553  3.6908  0.185907  -0.23527
-8.48056  3.56779  3.38298  3.45254  3.68676  0.184807  -0.234222
-8.44177  3.57428  3.38943  3.45891  3.69303  0.184845  -0.234126
-8.60185  3.54886  3.36887  3.43848  3.66831  0.179985  -0.229833
-8.54027  3.55439  3.37273  3.44234  3.6737  0.181657  -0.231367
-8.5216  3.55695  3.37548  3.44507  3.67616  0.181463  -0.231089
-8.50496  3.5566  3.3745  3.44412  3.67585  0.182103  -0.231736
-8.59398  3.54744  3.36823  3.43779  3.66694  0.179219  -0.229148
-8.70235  3.5319  3.35579  3.42543  3.65182  0.17611  -0.226398
-8.57032  3.54696  3.36587  3.43553  3.66652  0.181082  -0.230992
-8.54518  3.55601  3.37367  3.44322  3.67534  0.182341  -0.232112
-8.49651  3.56048  3.37926  3.44875  3.67958  0.181223  -0.230824
-8.57545  3.54883  3.36995  3.43953  3.66823  0.178888  -0.228705
-8.55799  3.54978  3.3692  3.43883  3.66921  0.180578  -0.230384
-8.67659  3.53776  3.35981  3.42944  3.65755  0.177951  -0.228109
-8.64098  3.53388  3.3564  3.42608  3.65377  0.177477  -0.227695
-8.56509  3.55609  3.37509  3.44452  3.6754  0.180993  -0.230882
-8.60594  3.55143  3.37026  3.43977  3.67091  0.181165  -0.231137
-8.65606  3.54264  3.36216  3.43179  3.66238  0.18048  -0.230596
-8.68972  3.53613  3.35776  3.42739  3.65602  0.178375  -0.228629
-8.64339  3.54019  3.36136  3.43097  3.65994  0.178832  -0.228976
-8.66754  3.53732  3.35772  3.42741  3.65719  0.179599  -0.229773
-8.5981  3.54521  3.3634  3.43309  3.66488  0.181815  -0.231786
-8.71577  3.53446  3.3557  3.42541  3.65439  0.17876  -0.228979
-8.59903  3.54574  3.36555  3.43514  3.66535  0.180187  -0.23021
-8.65719  3.53959  3.35986  3.42953  3.65939  0.179733  -0.229864
-8.64961  3.54262  3.36062  3.43035  3.66239  0.182001  -0.232039
-8.66964  3.53645  3.35836  3.42804  3.65628  0.178087  -0.228234
-8.61138  3.54339  3.36431  3.43393  3.66301  0.179084  -0.229082
-8.71763  3.53191  3.35403  3.4237  3.65192  0.177876  -0.228225
-8.65892  3.53769  3.35909  3.4287  3.65754  0.178597  -0.228837
-8.69371  3.53535  3.35657  3.42623  3.65527  0.178773  -0.229038
-8.55829  3.54968  3.36734  3.4369  3.66927  0.182333  -0.232375
-8.60342  3.54605  3.36616  3.43569  3.66567  0.179889  -0.229978
-8.66695  3.53585  3.35652  3.42619  3.65578  0.179334  -0.229592
-8.71935  3.53139  3.35372  3.42337  3.65142  0.177671  -0.228043
-8.61596  3.54775  3.36635  3.43595  3.66734  0.181394  -0.23139
-8.64247  3.54301  3.3632  3.43279  3.66272  0.179808  -0.229923
-8.67436  3.54097  3.3602  3.42988  3.66077  0.180766  -0.230895
-8.62855  3.54272  3.36195  3.43159  3.66246  0.180763  -0.230863
-8.68169  3.5352  3.35542  3.42512  3.65518  0.17978  -0.230056
-8.74257  3.52947  3.35263  3.42229  3.64952  0.176839  -0.227232
-8.63457  3.53935  3.36023  3.42986  3.65915  0.17912  -0.229285
-8.62754  3.5459  3.365  3.43461  3.66554  0.1809  -0.230936
-8.62715  3.54564  3.36596  3.43554  3.66523  0.179684  -0.229689
-8.58032  3.548  3.366  3.43562  3.66761  0.182002  -0.231985
-8.68202  3.53628  3.35724  3.42687  3.6562  0.179043  -0.229335
-8.6324  3.54671  3.36572  3.43532  3.66632  0.180993  -0.230997
-8.4951  3.56233  3.38021  3.44966  3.68144  0.182127  -0.231772
-8.58162  3.54565  3.3657  3.43533  3.66522  0.179957  -0.229891
-8.46456  3.55943  3.37642  3.44597  3.67866  0.183011  -0.232696
-8.51588  3.55732  3.37606  3.44558  3.67654  0.18126  -0.230965
-8.58265  3.5482  3.36825  3.43787  3.66767  0.179953  -0.229797
-8.55112  3.55166  3.37051  3.44017  3.67104  0.181149  -0.23087
-8.5224  3.55543  3.37466  3.44422  3.67467  0.180761  -0.230451
-8.58149  3.54776  3.36644  3.43614  3.66728  0.18132  -0.231133
-8.50994  3.5577  3.37364  3.44333  3.67697  0.184059  -0.233644
-8.54622  3.55383  3.3716  3.44126  3.67317  0.182227  -0.231911
-8.51158  3.55244  3.37054  3.44021  3.67181  0.181897  -0.231601
-8.54777  3.546  3.36575  3.43545  3.66553  0.180246  -0.230082
-8.59651  3.55135  3.36951  3.43916  3.67078  0.181834  -0.231624
-8.52145  3.55776  3.37459  3.44417  3.67705  0.183179  -0.232883
-8.51496  3.55572  3.3732  3.44283  3.67503  0.182523  -0.232203
-8.45592  3.56498  3.38044  3.44998  3.68406  0.184541  -0.23408
-8.50321  3.55936  3.37488  3.4445  3.67864  0.184479  -0.234138
-8.50894  3.55862  3.37578  3.44531  3.67788  0.182836  -0.232572
-8.53067  3.5534  3.371  3.44061  3.67281  0.182407  -0.2322
-8.56884  3.55023  3.36905  3.43865  3.6697  0.181176  -0.231055
-8.5931  3.54747  3.36476  3.43438  3.66713  0.182709  -0.232751
-8.54421  3.55293  3.36904  3.43871  3.6724  0.183888  -0.233688
-8.61666  3.53879  3.35867  3.4284  3.6586  0.180123  -0.230209
-8.58452  3.54796  3.36775  3.43736  3.66747  0.180206  -0.23011
-8.55565  3.55321  3.37018  3.43983  3.67264  0.183021  -0.232809
-8.55988  3.54492  3.3633  3.43302  3.66457  0.181627  -0.231546
-8.77928  3.52072  3.34601  3.41577  3.64096  0.174706  -0.225188
-8.73744  3.52489  3.34849  3.41823  3.64507  0.176403  -0.226842
-8.8061  3.51989  3.3447  3.41442  3.64022  0.175185  -0.225805
-8.74197  3.52677  3.35051  3.42017  3.64692  0.176263  -0.226748
-8.77909  3.52078  3.34664  3.41627  3.64107  0.174142  -0.224798
-8.87567  3.51302  3.33802  3.40773  3.63365  0.175003  -0.225917
-8.83816  3.51846  3.34215  3.41184  3.63894  0.17631  -0.227105
-8.78646  3.52667  3.34763  3.41734  3.64696  0.179041  -0.229616
-8.60681  3.54816  3.36454  3.43418  3.66785  0.183612  -0.233668
-8.65712  3.53825  3.35753  3.4272  3.65817  0.18072  -0.230978
-8.59004  3.55097  3.36695  3.43654  3.67059  0.184017  -0.234045
-8.66076  3.53667  3.35641  3.42613  3.65659  0.180254  -0.23046
-8.67197  3.53766  3.3567  3.42642  3.65759  0.180965  -0.23117
-8.62279  3.54921  3.36792  3.43744  3.66878  0.181285  -0.231348
-8.54482  3.55109  3.37045  3.44002  3.67051  0.180647  -0.23049
-8.52387  3.55667  3.37452  3.44407  3.67596  0.182158  -0.231896
-8.59402  3.54596  3.36696  3.43652  3.6655  0.179001  -0.228977
-8.6362  3.54068  3.36266  3.43223  3.66038  0.178014  -0.228155
-8.70572  3.53401  3.3561  3.42579  3.65393  0.177912  -0.22814
-8.55991  3.5521  3.37046  3.44008  3.67151  0.181634  -0.231432
-8.5565  3.55259  3.37172  3.44132  3.67195  0.18087  -0.230625
-8.45461  3.56339  3.3795  3.44909  3.68248  0.183892  -0.233388
-8.56921  3.54788  3.36811  3.43773  3.66735  0.179768  -0.229627
-8.75663  3.52767  3.35212  3.42183  3.6477  0.175552  -0.225862
-8.67615  3.53257  3.3559  3.42559  3.65247  0.176678  -0.226879
-8.57462  3.5483  3.36799  3.43761  3.66779  0.180311  -0.23018
-8.56564  3.54531  3.36604  3.43564  3.66488  0.179275  -0.229239
-8.57934  3.55125  3.37101  3.44061  3.67062  0.180237  -0.230016
-8.55608  3.54902  3.36729  3.437  3.66851  0.181726  -0.23151
-8.50331  3.55965  3.37618  3.44572  3.6789  0.183473  -0.233177
-8.52926  3.55921  3.37701  3.44652  3.67842  0.182204  -0.231897
-8.5012  3.56151  3.37898  3.44849  3.68064  0.182523  -0.232156
-8.58596  3.55071  3.36839  3.43798  3.67024  0.182325  -0.232252
-8.67524  3.53587  3.35629  3.42599  3.6558  0.179586  -0.22981
-8.59715  3.5467  3.36624  3.43582  3.66629  0.180459  -0.230474
-8.62595  3.53986  3.36003  3.42971  3.65964  0.179828  -0.229922
-8.72548  3.53019  3.35392  3.42353  3.65021  0.176268  -0.22668
-8.68709  3.53125  3.355  3.42466  3.65119  0.176242  -0.226535
-8.56623  3.54873  3.36744  3.43706  3.66827  0.18129  -0.231203
-8.56262  3.5448  3.36465  3.43434  3.66438  0.180146  -0.230046
-8.54769  3.55449  3.37209  3.44173  3.67383  0.182397  -0.232099
-8.56448  3.5467  3.36746  3.43707  3.6662  0.17924  -0.229137
-8.59797  3.54821  3.36597  3.43564  3.66779  0.182234  -0.232147
-8.55965  3.55315  3.37088  3.44049  3.67255  0.182274  -0.232059
-8.62109  3.54131  3.36154  3.43119  3.66104  0.179766  -0.229846
-8.75029  3.5282  3.35244  3.42206  3.64827  0.175761  -0.226209
-8.86819  3.51075  3.33801  3.40776  3.6313  0.172741  -0.223539
-8.71647  3.52997  3.35199  3.42168  3.65005  0.177977  -0.228369
-8.68601  3.5323  3.35345  3.42315  3.65234  0.178848  -0.229187
-8.66546  3.53279  3.35508  3.42477  3.65274  0.177707  -0.227966
-8.5029  3.55924  3.37521  3.44479  3.67852  0.184032  -0.233725
-8.65867  3.53617  3.35743  3.42713  3.65603  0.178732  -0.228905
-8.56049  3.5518  3.36882  3.43843  3.67131  0.182978  -0.232884
-8.55225  3.54843  3.36704  3.43667  3.66797  0.181397  -0.231302
-8.5307  3.54998  3.36766  3.43733  3.66949  0.182321  -0.232155
-8.52069  3.55589  3.37232  3.44192  3.67527  0.183569  -0.233347
-8.53199  3.55025  3.36827  3.43789  3.66976  0.181982  -0.231868
-8.60526  3.5479  3.36664  3.43623  3.66748  0.181259  -0.231254
-8.65035  3.53713  3.35699  3.4267  3.65703  0.18014  -0.230338
-8.63113  3.54032  3.35863  3.42838  3.66016  0.181691  -0.231778
-8.74249  3.52672  3.34844  3.41821  3.64691  0.17828  -0.228699
-8.63636  3.53918  3.35912  3.4288  3.65901  0.180059  -0.230207
-8.64461  3.53802  3.35861  3.42827  3.65787  0.179414  -0.2296
-8.73165  3.53389  3.35444  3.4241  3.65392  0.179451  -0.229811
-8.71579  3.53503  3.35438  3.4241  3.65505  0.180651  -0.230957
-8.64795  3.54113  3.36111  3.43072  3.66091  0.18002  -0.230191
-8.60101  3.54558  3.36478  3.43441  3.66521  0.180804  -0.230803
-8.58085  3.54664  3.36682  3.4364  3.6662  0.179825  -0.229801
-8.75132  3.52754  3.35127  3.42101  3.6476  0.176269  -0.226595
-8.66006  3.53951  3.3611  3.43071  3.65926  0.178408  -0.228557
-8.50929  3.55672  3.3749  3.44439  3.67602  0.181829  -0.23163
-8.4993  3.55405  3.37159  3.44121  3.67342  0.182458  -0.232206
-8.61207  3.54442  3.36314  3.43276  3.66414  0.181285  -0.231372
-8.64649  3.54409  3.36397  3.4335  3.6638  0.180121  -0.230301
-8.73082  3.53143  3.35259  3.42226  3.65153  0.178842  -0.229274
-8.72774  3.53185  3.35319  3.42284  3.65193  0.17866  -0.229089
-8.79649  3.52101  3.3456  3.41528  3.64134  0.175412  -0.226059
-8.77303  3.5246  3.34708  3.41683  3.64485  0.177511  -0.228025
-8.72048  3.53313  3.35514  3.42475  3.65313  0.177985  -0.228375
-8.74369  3.52835  3.35065  3.42034  3.64849  0.177706  -0.228155
-8.81964  3.51791  3.3432  3.41288  3.63833  0.174704  -0.225448
-8.805  3.52129  3.34603  3.41568  3.6416  0.175257  -0.22592
-8.86859  3.51586  3.34209  3.4118  3.63629  0.173766  -0.224494
-8.73598  3.52718  3.35022  3.41993  3.64731  0.176958  -0.227379
-8.62003  3.54284  3.36197  3.43165  3.66256  0.180871  -0.230912
-8.53726  3.54909  3.36638  3.43605  3.66866  0.182713  -0.232608
-8.65306  3.53382  3.3563  3.42598  3.65372  0.177522  -0.227741
-8.73422  3.52535  3.34861  3.41832  3.64556  0.176742  -0.227239
-8.66721  3.53738  3.35602  3.42574  3.65734  0.18136  -0.231605
-8.69896  3.53407  3.35292  3.42264  3.65416  0.181155  -0.231522
-8.58319  3.55325  3.36765  3.43729  3.67284  0.185603  -0.235557
-8.52707  3.55872  3.37294  3.44254  3.67812  0.185786  -0.235574
-8.60103  3.55055  3.36658  3.43624  3.67014  0.183963  -0.233897
-8.47293  3.56654  3.38054  3.45007  3.68566  0.186006  -0.235584
-8.52963  3.55106  3.3694  3.43903  3.67051  0.181658  -0.231477
-8.52303  3.5564  3.37466  3.44423  3.67566  0.181741  -0.231428
-8.51813  3.55525  3.37463  3.44416  3.67451  0.180628  -0.230353
-8.56537  3.54742  3.36872  3.43829  3.66688  0.178704  -0.228591
-8.56326  3.55244  3.37268  3.44222  3.67177  0.179761  -0.229546
-8.55564  3.55359  3.37151  3.44116  3.67294  0.182085  -0.231783
-8.49499  3.55827  3.3754  3.44502  3.67749  0.182876  -0.232471
-8.45979  3.56601  3.38119  3.45077  3.68505  0.18482  -0.234277
-8.6088  3.54338  3.36413  3.43376  3.663  0.179252  -0.229247
-8.63038  3.53539  3.3564  3.42615  3.65526  0.178989  -0.229114
-8.71196  3.53344  3.35627  3.42591  3.65336  0.177168  -0.227452
-8.5204  3.55582  3.37288  3.44249  3.67515  0.182931  -0.232661
-8.58611  3.54801  3.36614  3.43581  3.66758  0.181868  -0.23177
-8.64158  3.54246  3.36187  3.43154  3.66219  0.180585  -0.230649
-8.647  3.53937  3.35805  3.42777  3.65924  0.181321  -0.231464
-8.64906  3.54393  3.36452  3.43405  3.6636  0.179411  -0.229559
-8.6124  3.54307  3.36507  3.43464  3.66267  0.178002  -0.228025
-8.65575  3.53801  3.36072  3.43031  3.65777  0.177292  -0.227461
-8.74902  3.52062  3.34658  3.41631  3.64084  0.174042  -0.224528
-8.77054  3.52203  3.34682  3.41653  3.64228  0.175204  -0.225749
-8.73147  3.53391  3.35472  3.42441  3.65391  0.179192  -0.229502
-8.76076  3.52866  3.3501  3.4199  3.64878  0.178561  -0.228884
-8.68719  3.53187  3.35334  3.42308  3.65188  0.178526  -0.228802
-8.64282  3.53491  3.35651  3.42614  3.65484  0.178398  -0.228704
-8.70179  3.53571  3.35573  3.42546  3.65565  0.179972  -0.230195
-8.4988  3.56088  3.37644  3.446  3.68014  0.18444  -0.23414
-8.57094  3.55096  3.36841  3.43809  3.67044  0.182545  -0.232355
-8.48744  3.55792  3.37502  3.44462  3.67717  0.182904  -0.232547
-8.59029  3.54549  3.36547  3.43513  3.66506  0.180022  -0.229933
-8.58987  3.54078  3.36073  3.43047  3.66049  0.180055  -0.230022
-8.49512  3.55873  3.37658  3.44612  3.67793  0.182152  -0.231804
-8.57148  3.54638  3.36635  3.43601  3.66591  0.180034  -0.229898
-8.49483  3.56024  3.37695  3.44656  3.67941  0.183294  -0.232851
-8.51793  3.55816  3.37633  3.4459  3.67735  0.181823  -0.231452
-8.5775  3.54754  3.36606  3.43577  3.66708  0.181482  -0.23131
-8.64958  3.54055  3.36155  3.43121  3.66027  0.179  -0.229059
-8.58809  3.54795  3.36694  3.43658  3.66749  0.181013  -0.230905
-8.55304  3.54887  3.36707  3.43673  3.6684  0.181799  -0.231668
-8.65611  3.53709  3.35824  3.4279  3.65695  0.178852  -0.229045
-8.62387  3.54716  3.36524  3.43482  3.66682  0.181918  -0.232002
-8.65208  3.54449  3.36517  3.4347  3.66415  0.179319  -0.229449
-8.60926  3.54764  3.36727  3.43681  3.66721  0.180366  -0.230404
-8.59354  3.54428  3.36441  3.43403  3.66392  0.179871  -0.229896
-8.62526  3.5439  3.36606  3.43558  3.66349  0.177835  -0.227901
-8.5828  3.54662  3.36664  3.43625  3.66616  0.179979  -0.229914
-8.60648  3.54387  3.36499  3.4346  3.66347  0.178874  -0.228873
-8.58058  3.54754  3.36653  3.43619  3.66707  0.18101  -0.230877
-8.47902  3.55907  3.37552  3.44513  3.67831  0.183549  -0.233175
-8.61108  3.54731  3.36594  3.43553  3.66693  0.181363  -0.231393
-8.44389  3.56508  3.37969  3.44925  3.6842  0.185393  -0.234947
-8.41432  3.57419  3.38588  3.45544  3.6931  0.188311  -0.237658
-8.56284  3.54937  3.36691  3.43657  3.66892  0.182465  -0.232355
-8.65366  3.5391  3.35779  3.42757  3.65894  0.181313  -0.231367
-8.5694  3.54954  3.36838  3.43804  3.669  0.181165  -0.230962
-8.55574  3.55442  3.37257  3.44214  3.67378  0.181849  -0.231633
-8.46874  3.56102  3.37665  3.44628  3.68021  0.184376  -0.233935
-8.45862  3.56692  3.38202  3.45158  3.68594  0.184901  -0.234358
-8.46002  3.56675  3.38306  3.45257  3.68573  0.183687  -0.233165
-8.5072  3.55939  3.37832  3.44782  3.67852  0.18107  -0.230703
-8.43409  3.56513  3.38257  3.4521  3.68409  0.182562  -0.231998
-8.5185  3.55781  3.37518  3.44481  3.67703  0.182637  -0.232223
-8.34478  3.5785  3.39171  3.46122  3.69718  0.186792  -0.235963
-8.45639  3.56953  3.38373  3.45329  3.68849  0.185798  -0.235195
-8.4263  3.56385  3.38056  3.45017  3.68286  0.183291  -0.23269
-8.45436  3.55934  3.37663  3.44628  3.67848  0.182706  -0.232203
-8.50975  3.56071  3.37938  3.44891  3.67979  0.181338  -0.230886
-8.37089  3.57588  3.39086  3.46034  3.69458  0.185021  -0.234245
-8.46177  3.56574  3.38319  3.45272  3.68468  0.182558  -0.231968
-8.43888  3.56521  3.38382  3.45327  3.68415  0.181389  -0.230872
-8.58881  3.54593  3.36791  3.43751  3.66539  0.178022  -0.227887
-8.46693  3.56548  3.38407  3.4535  3.68441  0.18141  -0.230907
-8.48433  3.55544  3.37617  3.4457  3.67461  0.179267  -0.228909
-8.47349  3.56452  3.38215  3.45161  3.68354  0.182378  -0.231929
-8.60946  3.54159  3.36357  3.4332  3.66121  0.178022  -0.228011
-8.64077  3.53998  3.36197  3.43163  3.65965  0.178009  -0.228022
-8.59752  3.54322  3.3646  3.43425  3.6628  0.178621  -0.228549
-8.68238  3.53219  3.35606  3.42569  3.65211  0.176134  -0.226423
-8.64958  3.5367  3.35897  3.42862  3.6565  0.177735  -0.227883
-8.59385  3.54376  3.3651  3.43466  3.66337  0.178663  -0.228716
-8.68497  3.53451  3.358  3.42764  3.65434  0.176506  -0.226703
-8.53178  3.55515  3.37388  3.44341  3.67446  0.181271  -0.231051
-8.67098  3.53693  3.35779  3.42757  3.65673  0.179135  -0.229159
-8.64744  3.53558  3.3581  3.42779  3.6554  0.177483  -0.227606
-8.54881  3.54918  3.36878  3.43845  3.6686  0.180409  -0.230157
-8.57733  3.54587  3.36585  3.43552  3.66541  0.180018  -0.229883
-8.61883  3.53999  3.36078  3.43051  3.65969  0.179211  -0.229186
-8.61823  3.54496  3.36525  3.4349  3.66453  0.179713  -0.229635
-8.59904  3.54751  3.36578  3.43545  3.66709  0.181725  -0.231633
-8.60922  3.5441  3.36311  3.43281  3.66376  0.180993  -0.230944
-8.65388  3.53916  3.36022  3.42992  3.65891  0.17894  -0.228987
-8.52564  3.55304  3.37127  3.44092  3.6724  0.181772  -0.231485
-8.54849  3.54831  3.36599  3.43571  3.66786  0.182324  -0.232154
-8.47106  3.56326  3.37823  3.44784  3.68241  0.185026  -0.234566
-8.51411  3.55969  3.37528  3.44491  3.67894  0.184412  -0.234029
-8.46833  3.55957  3.37534  3.44498  3.67881  0.184222  -0.233828
-8.57183  3.55061  3.36925  3.43887  3.67007  0.181366  -0.231199
-8.47781  3.56063  3.37736  3.44696  3.67979  0.183273  -0.232838
-8.49652  3.5614  3.37833  3.4479  3.68054  0.183069  -0.232641
-8.58384  3.54822  3.367  3.43666  3.66774  0.181228  -0.231085
-8.58355  3.54321  3.36297  3.43269  3.66284  0.18024  -0.230153
-8.7015  3.53122  3.35329  3.42303  3.65122  0.177926  -0.228194
-8.61285  3.54712  3.36498  3.43461  3.66677  0.182137  -0.232161
-8.64307  3.53829  3.35859  3.42828  3.65812  0.179701  -0.229837
-8.60526  3.54707  3.36561  3.43526  3.66666  0.181453  -0.231405
-8.60642  3.54355  3.36267  3.4324  3.66321  0.180876  -0.230817
-8.51599  3.5519  3.37115  3.4408  3.67125  0.180749  -0.23045
-8.54784  3.55299  3.37239  3.44193  3.67234  0.180596  -0.230406
-8.55492  3.55275  3.37245  3.44199  3.67209  0.180298  -0.230096
-8.56408  3.55429  3.37374  3.44326  3.6736  0.180547  -0.230343
-8.55849  3.55388  3.37453  3.444  3.67317  0.179348  -0.229169
-8.55291  3.55496  3.37324  3.44282  3.67427  0.181724  -0.231447
-8.54289  3.5561  3.37522  3.44472  3.67537  0.180882  -0.230653
-8.44732  3.56331  3.38043  3.44994  3.68239  0.182885  -0.232441
-8.51047  3.55533  3.37266  3.44229  3.67465  0.182667  -0.232366
-8.54305  3.55391  3.37154  3.4412  3.67326  0.182374  -0.23206
-8.59541  3.54686  3.36497  3.43464  3.66647  0.181892  -0.231839
-8.54512  3.55012  3.36832  3.43797  3.6696  0.181802  -0.231636
-8.549  3.55282  3.37089  3.44047  3.67224  0.181929  -0.23177
-8.6788  3.5328  3.35443  3.42415  3.65276  0.17837  -0.228612
-8.61454  3.54715  3.36649  3.43602  3.66677  0.180654  -0.230749
-8.73599  3.5288  3.3498  3.41953  3.64898  0.178999  -0.229448
-8.68821  3.53961  3.359  3.42857  3.65952  0.180616  -0.230957
-8.71824  3.52618  3.34777  3.41755  3.6464  0.178406  -0.228849
-8.60821  3.54992  3.36904  3.43854  3.66945  0.180889  -0.230917
-8.63364  3.54543  3.36444  3.43402  3.66511  0.180999  -0.231087
-8.57431  3.55003  3.36636  3.43602  3.66963  0.183678  -0.23361
-8.60767  3.54272  3.36183  3.43152  3.66244  0.18089  -0.230916
-8.63814  3.54034  3.35966  3.42938  3.66013  0.180675  -0.230753
-8.68151  3.53857  3.35856  3.42825  3.65842  0.180012  -0.230173
-8.62439  3.53896  3.36093  3.43055  3.6587  0.178028  -0.228144
-8.73085  3.52559  3.35035  3.42007  3.64567  0.175239  -0.225601
-8.59005  3.54367  3.36479  3.43443  3.66326  0.178877  -0.228828
-8.57279  3.54897  3.36994  3.43948  3.6684  0.179031  -0.228921
-8.63657  3.54039  3.36261  3.43221  3.66006  0.177778  -0.227849
-8.54914  3.55526  3.37437  3.44386  3.67457  0.180894  -0.230706
-8.5753  3.55122  3.37  3.43962  3.67064  0.181227  -0.231028
-8.59048  3.54243  3.36132  3.43109  3.66212  0.181107  -0.231024
-8.47637  3.56141  3.37836  3.44792  3.68055  0.183057  -0.232629
-8.55717  3.55044  3.36798  3.43768  3.66992  0.18246  -0.232248
-8.61317  3.54343  3.36403  3.43369  3.66305  0.179394  -0.229361
-8.5416  3.5496  3.37009  3.43963  3.66903  0.179508  -0.2294
-8.57308  3.54832  3.367  3.43659  3.66789  0.181315  -0.231298
-8.58632  3.54796  3.36671  3.43636  3.6675  0.181252  -0.231143
-8.66411  3.53898  3.35865  3.42839  3.65879  0.180323  -0.230395
-8.62223  3.54523  3.36371  3.43334  3.66492  0.181514  -0.231575
-8.80007  3.52222  3.34556  3.41532  3.64251  0.176659  -0.227195
-8.71329  3.52851  3.35114  3.4208  3.64864  0.177373  -0.227845
-8.68977  3.53315  3.35518  3.42477  3.65317  0.177972  -0.228401
-8.74521  3.52619  3.34887  3.41856  3.64641  0.177316  -0.227848
-8.68168  3.53692  3.35636  3.426  3.6569  0.180567  -0.230898
-8.56735  3.55265  3.36832  3.43792  3.67222  0.184337  -0.234294
-8.58426  3.54592  3.3655  3.43513  3.66551  0.180412  -0.230373
-8.56707  3.54672  3.36558  3.43524  3.6663  0.181142  -0.231066
-8.68317  3.53134  3.35487  3.42456  3.65127  0.176472  -0.226707
-8.6361  3.54097  3.36214  3.43175  3.66069  0.178837  -0.228931
-8.6602  3.53958  3.35916  3.42886  3.6594  0.180426  -0.230546
-8.76018  3.52627  3.34839  3.41811  3.6465  0.17788  -0.228394
-8.61444  3.54385  3.36302  3.43261  3.66358  0.180838  -0.230967
-8.60521  3.54515  3.36352  3.43316  3.66484  0.18163  -0.231676
-8.748  3.5251  3.34739  3.41718  3.64532  0.177712  -0.228144
-8.76308  3.5221  3.34567  3.41544  3.64238  0.176429  -0.226938
-8.72266  3.53268  3.35512  3.42478  3.65264  0.177558  -0.227865
-8.59742  3.54597  3.36643  3.43599  3.66555  0.179537  -0.229562
-8.54301  3.54906  3.37012  3.43967  3.66847  0.178939  -0.228792
-8.68276  3.53454  3.35722  3.42691  3.65439  0.177315  -0.227484
-8.64348  3.53773  3.35883  3.42852  3.65754  0.178903  -0.229015
-8.64512  3.53667  3.36014  3.42976  3.65642  0.176536  -0.226668
-8.57498  3.54749  3.36759  3.43718  3.667  0.179897  -0.229815
-8.48808  3.55943  3.37529  3.4449  3.67868  0.184136  -0.233782
-8.51859  3.55571  3.37184  3.44149  3.67508  0.183869  -0.233587
-8.60604  3.54682  3.36549  3.43517  3.6664  0.181331  -0.231228
-8.60128  3.5488  3.36565  3.4353  3.66842  0.183156  -0.233122
-8.69476  3.53503  3.35412  3.42384  3.65507  0.180914  -0.231225
-8.58181  3.55319  3.36849  3.43809  3.67276  0.184699  -0.234673
-8.71328  3.53296  3.35293  3.42262  3.65305  0.180025  -0.230434
-8.78461  3.52078  3.34375  3.41352  3.64116  0.177023  -0.22764
-8.74591  3.52822  3.35001  3.41973  3.64838  0.178213  -0.228648
-8.61732  3.54652  3.36411  3.43375  3.6662  0.18241  -0.232443
-8.62717  3.53976  3.35939  3.42908  3.65958  0.180373  -0.230502
-8.54873  3.55392  3.37071  3.44036  3.67333  0.183207  -0.232965
-8.53062  3.55045  3.36891  3.43852  3.66993  0.181548  -0.231405
-8.65783  3.53798  3.35951  3.42918  3.65777  0.178469  -0.228585
-8.75083  3.53036  3.35362  3.42327  3.65038  0.176738  -0.227104
-8.6928  3.53401  3.35748  3.42712  3.65386  0.176537  -0.226741
-8.57804  3.54936  3.37047  3.43999  3.66878  0.178887  -0.228785
-8.48826  3.55592  3.37446  3.44404  3.67518  0.181467  -0.231137
-8.44107  3.56881  3.38374  3.45328  3.68777  0.185074  -0.234489
-8.52674  3.55945  3.3759  3.44553  3.67865  0.183549  -0.23312
-8.49117  3.55755  3.37551  3.44511  3.67676  0.182049  -0.231653
-8.5258  3.55463  3.37316  3.44278  3.67392  0.181469  -0.231147
-8.64413  3.54124  3.36297  3.4326  3.66089  0.178272  -0.228288
-8.6439  3.53927  3.35973  3.42943  3.65904  0.179543  -0.22961
-8.65122  3.53695  3.3579  3.4276  3.6568  0.17905  -0.229206
-8.65659  3.54012  3.36071  3.43035  3.6599  0.179413  -0.229549
-8.63902  3.53885  3.36016  3.42981  3.65862  0.178689  -0.228808
-8.68211  3.53797  3.35949  3.42912  3.65779  0.178478  -0.228669
-8.66618  3.53616  3.3579  3.42751  3.65605  0.178259  -0.228544
-8.62058  3.54342  3.36296  3.43258  3.66313  0.180461  -0.23055
-8.79744  3.52299  3.34583  3.41557  3.6433  0.177158  -0.227728
-8.76503  3.527  3.34877  3.41847  3.64723  0.178234  -0.228764
-8.77446  3.52411  3.34643  3.41615  3.64441  0.177678  -0.228255
-8.81656  3.51606  3.34117  3.41092  3.63652  0.174884  -0.225599
-8.65848  3.53578  3.35644  3.42611  3.65571  0.179334  -0.229601
-8.5816  3.54956  3.36678  3.43641  3.66915  0.18278  -0.232736
-8.67219  3.53922  3.35867  3.42837  3.65907  0.180548  -0.230699
-8.60128  3.54796  3.36602  3.43568  3.66754  0.181931  -0.231862
-8.69235  3.53242  3.35528  3.42499  3.65234  0.177134  -0.227349
-8.50288  3.5588  3.37576  3.44527  3.67808  0.183042  -0.232811
-8.40114  3.569  3.38288  3.45246  3.68799  0.186115  -0.235527
-8.47139  3.56332  3.37804  3.44769  3.68245  0.185288  -0.234762
-8.49737  3.56075  3.37672  3.44636  3.67992  0.184025  -0.233566
-8.60518  3.54421  3.36394  3.43365  3.66382  0.180271  -0.230173
-8.48692  3.55916  3.37672  3.44628  3.67836  0.182438  -0.232077
-8.43606  3.56973  3.38492  3.45443  3.68865  0.184806  -0.234228
-8.51699  3.56115  3.3784  3.44793  3.6803  0.182752  -0.232364
-8.62219  3.54352  3.3649  3.43454  3.6631  0.178626  -0.22856
-8.55833  3.54391  3.36487  3.43456  3.66346  0.179032  -0.228897
-8.56519  3.54788  3.36744  3.43709  3.66738  0.180445  -0.23029
-8.63647  3.54361  3.36374  3.4334  3.66325  0.179874  -0.229852
-8.6751  3.53482  3.35696  3.42663  3.6547  0.177865  -0.228068
-8.62606  3.54575  3.36612  3.43571  3.66533  0.179627  -0.229617
-8.5372  3.55183  3.3718  3.44134  3.6712  0.180026  -0.229861
-8.59978  3.5496  3.36819  3.43782  3.66909  0.181417  -0.23127
-8.54826  3.55307  3.37328  3.44275  3.67242  0.17979  -0.229667
-8.61768  3.54623  3.36722  3.43673  3.66579  0.179009  -0.229058
-8.57871  3.55086  3.36965  3.43922  3.67033  0.181208  -0.231117
-8.6978  3.53178  3.3542  3.42387  3.65178  0.177578  -0.22791
-8.51819  3.54993  3.36933  3.43893  3.66938  0.180596  -0.230448
-8.60556  3.54435  3.36346  3.43313  3.66401  0.180888  -0.230875
-8.49382  3.5601  3.37557  3.44516  3.67936  0.184531  -0.2342
-8.59604  3.5497  3.36687  3.43658  3.66923  0.182824  -0.232653
-8.59125  3.54759  3.36631  3.43591  3.66718  0.181285  -0.231274
-8.70097  3.53139  3.35244  3.42221  3.65142  0.178952  -0.229208
-8.6641  3.54076  3.35992  3.42963  3.66055  0.180843  -0.230916
-8.6125  3.5428  3.36087  3.4306  3.66256  0.181932  -0.231965
-8.69401  3.52806  3.3497  3.41948  3.6482  0.178363  -0.228712
-8.6394  3.54058  3.36007  3.42976  3.66037  0.180514  -0.230614
-8.72467  3.5299  3.35273  3.42244  3.64993  0.177172  -0.227489
-8.79489  3.52443  3.35043  3.42005  3.64456  0.174002  -0.224503
-8.74173  3.52625  3.35182  3.42149  3.64629  0.174425  -0.224798
-8.74786  3.52117  3.34833  3.41797  3.64136  0.17284  -0.223387
-8.73044  3.52363  3.35071  3.42035  3.64371  0.172924  -0.223354
-8.78389  3.52001  3.34694  3.41661  3.64024  0.173078  -0.223629
-8.68068  3.53568  3.35745  3.42707  3.65558  0.178227  -0.22851
-8.72406  3.5305  3.35074  3.42048  3.65065  0.179758  -0.230167
-8.8189  3.51677  3.341  3.41079  3.63724  0.175771  -0.226447
-8.67125  3.53815  3.3586  3.42826  3.65801  0.179559  -0.229752
-8.71402  3.53469  3.35552  3.42516  3.65468  0.179174  -0.229512
-8.70461  3.53266  3.35313  3.42283  3.65272  0.179523  -0.229894
-8.69414  3.53633  3.35732  3.42692  3.65627  0.179009  -0.229343
-8.57828  3.5435  3.36243  3.43213  3.66319  0.181075  -0.231063
-8.75335  3.53002  3.35356  3.4232  3.65005  0.176461  -0.226845
-8.74059  3.52901  3.35162  3.42132  3.6491  0.177389  -0.227781
-8.79084  3.51669  3.34148  3.41125  3.63713  0.175209  -0.225885
-8.74449  3.53401  3.35504  3.42468  3.65402  0.178971  -0.229344
-8.79721  3.5197  3.34263  3.4124  3.64013  0.177078  -0.227731
-8.69879  3.52885  3.35023  3.41997  3.64899  0.178619  -0.229025
-8.71957  3.53159  3.35218  3.4219  3.65168  0.179416  -0.229778
-8.65793  3.53932  3.36069  3.43027  3.65912  0.178625  -0.228845
-8.64558  3.53962  3.36053  3.43012  3.65942  0.179093  -0.229296
-8.7435  3.53022  3.35376  3.42336  3.65026  0.176461  -0.226899
-8.87935  3.50732  3.33616  3.40587  3.62795  0.171154  -0.222084
-8.7056  3.52458  3.3494  3.41909  3.64473  0.175187  -0.225643
-8.69411  3.53497  3.35787  3.42745  3.65486  0.1771  -0.227408
-8.73894  3.52552  3.35107  3.42071  3.64561  0.174448  -0.2249
-8.78658  3.52282  3.34951  3.4191  3.64299  0.173309  -0.223883
-8.78403  3.52632  3.34948  3.41912  3.64653  0.176832  -0.227406
-8.76299  3.5264  3.34877  3.41843  3.64664  0.177631  -0.228202
-8.63758  3.53847  3.35874  3.42842  3.65831  0.179736  -0.229884
-8.68868  3.53456  3.35663  3.42628  3.65447  0.177931  -0.228193
-8.53967  3.55592  3.37489  3.44442  3.67519  0.181031  -0.230769
-8.67193  3.53638  3.35751  3.42723  3.65622  0.178874  -0.228989
-8.69809  3.53169  3.35449  3.42419  3.65165  0.177202  -0.227461
-8.79079  3.52372  3.34879  3.41847  3.6439  0.174938  -0.225426
-8.66885  3.53782  3.35862  3.42828  3.65766  0.179198  -0.229376
-8.52735  3.55868  3.37488  3.44442  3.67799  0.183798  -0.233571
-8.59212  3.54819  3.36536  3.43504  3.6678  0.182826  -0.232757
-8.55808  3.55055  3.36838  3.43808  3.67  0.182168  -0.231926
-8.50463  3.55811  3.37684  3.44636  3.6773  0.181278  -0.230945
-8.40865  3.56891  3.38406  3.45362  3.68783  0.184848  -0.23421
-8.42124  3.56932  3.38597  3.45546  3.68818  0.183349  -0.232721
-8.50357  3.56017  3.37957  3.44911  3.67922  0.180603  -0.230113
-8.54166  3.55047  3.3706  3.44023  3.66983  0.179868  -0.229602
-8.51873  3.56011  3.37788  3.44741  3.67927  0.18223  -0.231862
-8.52303  3.55594  3.3727  3.44232  3.67528  0.18324  -0.232963
-8.55829  3.55146  3.36866  3.43828  3.67097  0.182806  -0.232687
-8.65706  3.53941  3.35979  3.42943  3.65922  0.179624  -0.229795
-8.63917  3.53853  3.35848  3.42818  3.65837  0.180051  -0.230185
-8.62406  3.54302  3.36232  3.43197  3.66274  0.180694  -0.230763
-8.60334  3.54344  3.36262  3.43227  3.66315  0.180817  -0.230875
-8.52005  3.55429  3.37164  3.44123  3.67368  0.182651  -0.232452
-8.50098  3.55736  3.37495  3.44448  3.67665  0.182407  -0.232166
-8.56284  3.55407  3.37276  3.4423  3.67343  0.181316  -0.231132
-8.57815  3.54789  3.36645  3.43615  3.66742  0.181444  -0.231272
-8.52052  3.55883  3.37604  3.44565  3.67803  0.182791  -0.232385
-8.46948  3.55766  3.3752  3.44484  3.67686  0.182461  -0.232024
-8.53773  3.54902  3.36744  3.43715  3.66849  0.181573  -0.231339
-8.59243  3.54498  3.36408  3.43378  3.6646  0.180905  -0.230821
-8.5594  3.54772  3.36684  3.4365  3.66724  0.180877  -0.230738
-8.51154  3.55592  3.37247  3.44213  3.67525  0.183457  -0.233122
-8.55945  3.55026  3.36884  3.43849  3.66971  0.181422  -0.231225
-8.45313  3.56597  3.38213  3.45165  3.68499  0.183838  -0.233341
-8.58605  3.54848  3.36876  3.43835  3.66793  0.179719  -0.229583
-8.69484  3.53446  3.35767  3.42734  3.65429  0.176789  -0.226948
-8.60953  3.54819  3.36751  3.43716  3.66769  0.180687  -0.230529
-8.62414  3.54016  3.36195  3.43158  3.65986  0.178211  -0.228278
-8.62385  3.54197  3.36334  3.43295  3.66162  0.178629  -0.228671
-8.68038  3.53565  3.35668  3.42636  3.65556  0.178978  -0.229205
-8.6249  3.54445  3.36376  3.43337  3.66414  0.180694  -0.230768
-8.4777  3.56261  3.37893  3.44844  3.68176  0.18368  -0.233326
-8.61621  3.54759  3.36652  3.43611  3.66718  0.181071  -0.231066
-8.65084  3.54316  3.36306  3.43261  3.6629  0.180104  -0.23029
-8.65944  3.54572  3.36449  3.43404  3.66543  0.181235  -0.231387
-8.59716  3.55248  3.36926  3.43882  3.672  0.183214  -0.233179
-8.65687  3.53426  3.35589  3.42557  3.65419  0.178366  -0.22862
-8.7352  3.52738  3.35042  3.42017  3.64748  0.176956  -0.227318
-8.66377  3.53559  3.35845  3.42805  3.65545  0.177143  -0.2274
-8.8249  3.51854  3.34362  3.41332  3.63893  0.174925  -0.225605
-8.82911  3.5169  3.34249  3.41218  3.63733  0.174415  -0.225157
-8.80638  3.52272  3.34564  3.41534  3.64306  0.177086  -0.227725
-8.77553  3.52648  3.34896  3.41863  3.64671  0.177521  -0.228076
-8.71423  3.53162  3.35326  3.42291  3.65169  0.178355  -0.22877
-8.7216  3.52761  3.35143  3.42108  3.64771  0.176177  -0.226627
-8.54264  3.55093  3.36957  3.43916  3.67039  0.181363  -0.231227
-8.58632  3.54687  3.36689  3.43648  3.66641  0.179981  -0.229932
-8.56613  3.5535  3.37398  3.44352  3.67276  0.179521  -0.229241
-8.62148  3.5406  3.3631  3.43273  3.66023  0.177499  -0.2275
-8.62297  3.54219  3.36524  3.43479  3.66178  0.17695  -0.226991
-8.63166  3.53928  3.36349  3.43305  3.6589  0.175794  -0.225851
-8.69316  3.53583  3.35918  3.42878  3.65564  0.176656  -0.226865
-8.71706  3.53238  3.3553  3.42495  3.65233  0.177083  -0.227382
-8.77596  3.52317  3.34731  3.41698  3.64343  0.175864  -0.226454
-8.7355  3.53179  3.3549  3.4245  3.65179  0.176887  -0.227287
-8.7467  3.52717  3.3514  3.42104  3.64728  0.175764  -0.226238
-8.6843  3.53828  3.36  3.42961  3.65808  0.178284  -0.228471
-8.58893  3.55283  3.37217  3.44167  3.67222  0.180659  -0.230552
-8.73087  3.52185  3.34735  3.41709  3.64204  0.174501  -0.224953
-8.53733  3.55406  3.37253  3.44209  3.67342  0.181535  -0.231327
-8.70957  3.53422  3.35701  3.42666  3.6541  0.177214  -0.22744
-8.64904  3.53623  3.35796  3.42763  3.65608  0.178272  -0.228448
-8.58182  3.54702  3.36684  3.43651  3.66652  0.180175  -0.230005
-8.61629  3.5386  3.3592  3.42891  3.65839  0.179397  -0.229485
-8.64474  3.54094  3.36163  3.43127  3.66067  0.179309  -0.229397
-8.7311  3.53479  3.35607  3.42573  3.65474  0.178722  -0.229009
-8.73436  3.53206  3.35391  3.42359  3.65208  0.178151  -0.228498
-8.67674  3.53493  3.35693  3.42659  3.65483  0.177999  -0.228236
-8.61293  3.54488  3.36426  3.43389  3.66453  0.180621  -0.230641
-8.63761  3.54083  3.36058  3.43021  3.66063  0.180249  -0.230416
-8.7737  3.52796  3.35081  3.42046  3.64812  0.177155  -0.227659
-8.75366  3.53283  3.35498  3.42457  3.65285  0.177846  -0.228274
-8.66708  3.5392  3.36037  3.42999  3.65899  0.178824  -0.229002
-8.6312  3.54043  3.36225  3.4319  3.66011  0.178185  -0.228211
-8.56958  3.55069  3.37021  3.43979  3.67011  0.18048  -0.230317
-8.54914  3.54883  3.36749  3.4371  3.66836  0.18134  -0.231252
-8.56418  3.55151  3.36809  3.43775  3.67103  0.183412  -0.233281
-8.6065  3.54321  3.36284  3.43245  3.66292  0.180365  -0.230476
-8.61156  3.54541  3.36527  3.43489  3.66501  0.180146  -0.230122
-8.63782  3.53359  3.35608  3.42579  3.65349  0.177509  -0.227704
-8.75317  3.53044  3.35283  3.42247  3.65052  0.177614  -0.228045
-8.73387  3.53188  3.35421  3.42382  3.65192  0.177667  -0.228107
-8.61968  3.5454  3.36407  3.43367  3.66509  0.181329  -0.231416
-8.52701  3.55259  3.36988  3.43948  3.67205  0.182704  -0.232573
-8.67528  3.54033  3.35965  3.42925  3.66019  0.180678  -0.230936
-8.64914  3.54371  3.35999  3.4297  3.66355  0.183725  -0.233858
-8.62623  3.54679  3.36392  3.43353  3.66651  0.182873  -0.232974
-8.60124  3.54822  3.36641  3.43601  3.66782  0.181803  -0.231812
-8.70619  3.53784  3.35868  3.42833  3.65769  0.179156  -0.229355
-8.66198  3.54068  3.36048  3.43011  3.66048  0.180202  -0.230361
-8.59136  3.54744  3.36543  3.4351  3.66704  0.182009  -0.231936
-8.55292  3.55473  3.37161  3.44116  3.67416  0.18312  -0.233005
-8.57127  3.55414  3.37143  3.44096  3.67359  0.182716  -0.232631
-8.57742  3.54955  3.36764  3.4372  3.66912  0.181913  -0.231928
-8.61317  3.54254  3.36104  3.43074  3.66229  0.181498  -0.231547
-8.54809  3.55205  3.37005  3.43968  3.67148  0.181999  -0.231797
-8.62275  3.5421  3.36357  3.43327  3.6617  0.178532  -0.228428
-8.5978  3.54467  3.36469  3.43441  3.66422  0.179982  -0.229811
-8.51013  3.55485  3.3728  3.44239  3.67419  0.182053  -0.231805
-8.57045  3.55299  3.37105  3.44063  3.67241  0.181947  -0.231777
-8.60828  3.54528  3.36546  3.43512  3.66485  0.179822  -0.229729
-8.55084  3.54881  3.36886  3.43847  3.66826  0.179948  -0.229784
-8.63218  3.53812  3.35914  3.42885  3.65791  0.178981  -0.22906
-8.69029  3.54098  3.36027  3.42992  3.66079  0.180703  -0.230867
-8.63985  3.5421  3.36128  3.4309  3.66188  0.180824  -0.230978
-8.68495  3.52809  3.35175  3.42143  3.64817  0.17634  -0.226742
-8.65138  3.53779  3.35851  3.42816  3.65765  0.179287  -0.229488
-8.56734  3.55551  3.37081  3.44043  3.67497  0.184696  -0.234537
-8.69622  3.53702  3.35768  3.42733  3.65691  0.179338  -0.229573
-8.71154  3.52787  3.35025  3.41999  3.64799  0.17762  -0.227996
-8.65901  3.53644  3.35821  3.42786  3.65629  0.178235  -0.228428
-8.69575  3.53193  3.35593  3.42557  3.65184  0.176001  -0.226273
-8.59625  3.5452  3.36558  3.43516  3.6648  0.179619  -0.229635
-8.55384  3.5517  3.37067  3.44022  3.67113  0.181031  -0.230913
-8.46679  3.57065  3.38493  3.45444  3.68959  0.185726  -0.235155
-8.54696  3.55474  3.37345  3.44297  3.67408  0.181282  -0.231107
-8.66181  3.53964  3.3618  3.43138  3.65937  0.177844  -0.227989
-8.74328  3.5298  3.35353  3.42315  3.64983  0.176267  -0.226674
-8.60564  3.54579  3.36357  3.4332  3.66549  0.182221  -0.232292
-8.54878  3.557  3.37234  3.44194  3.6764  0.184661  -0.234463
-8.61384  3.5413  3.35967  3.42939  3.66111  0.181636  -0.231715
-8.75872  3.52845  3.34974  3.41942  3.64866  0.178708  -0.229241
-8.75842  3.52672  3.34925  3.41897  3.64691  0.177469  -0.227941
-8.75144  3.52787  3.34902  3.41874  3.64808  0.178851  -0.229343
-8.70239  3.53163  3.35238  3.42205  3.65174  0.179249  -0.22969
-8.69757  3.53611  3.35598  3.42563  3.65609  0.180132  -0.230462
-8.73113  3.53064  3.35105  3.4208  3.65076  0.179589  -0.229955
-8.80654  3.51826  3.34198  3.41178  3.63869  0.176279  -0.226913
-8.70489  3.53048  3.35289  3.42253  3.65055  0.177588  -0.228016
-8.72419  3.53232  3.35341  3.42306  3.65239  0.178908  -0.229332
-8.6799  3.53439  3.35441  3.42417  3.65437  0.179984  -0.230196
-8.74068  3.52846  3.35001  3.41977  3.6486  0.178445  -0.228825
-8.73554  3.5301  3.35127  3.42096  3.65024  0.178827  -0.229282
-8.77347  3.52829  3.35086  3.42053  3.64843  0.177429  -0.227906
-8.59739  3.54651  3.36482  3.43445  3.66616  0.181698  -0.23171
-8.45015  3.56511  3.38048  3.45004  3.68419  0.18463  -0.234158
-8.44432  3.56455  3.37987  3.44947  3.68362  0.184679  -0.234149
-8.531  3.55372  3.37293  3.44251  3.67302  0.180784  -0.23051
-8.59345  3.5473  3.36881  3.43842  3.66673  0.178491  -0.228311
-8.66331  3.53396  3.35897  3.42862  3.65371  0.174987  -0.225089
-8.60719  3.54258  3.36559  3.43513  3.66215  0.176996  -0.227022
-8.62003  3.53939  3.36147  3.43107  3.65913  0.177921  -0.228059
-8.58724  3.54642  3.36813  3.43769  3.6659  0.178286  -0.228209
-8.57781  3.54691  3.3682  3.4378  3.66636  0.178712  -0.22856
-8.50228  3.5556  3.37526  3.44481  3.67482  0.180344  -0.230012
-8.516  3.55537  3.37497  3.44452  3.6746  0.1804  -0.230074
-8.51927  3.55654  3.3741  3.44372  3.67581  0.182443  -0.23209
-8.50181  3.55507  3.37265  3.44229  3.67438  0.182414  -0.232099
-8.65823  3.53982  3.35976  3.42942  3.65964  0.180069  -0.230218
-8.66504  3.5401  3.36076  3.4304  3.65987  0.179343  -0.229464
-8.50778  3.55731  3.37592  3.44543  3.67655  0.181387  -0.23112
-8.64509  3.54267  3.3636  3.43319  3.66234  0.179067  -0.229152
-8.51995  3.55419  3.37232  3.4419  3.67354  0.181865  -0.231646
-8.44647  3.56768  3.38254  3.45208  3.68669  0.185137  -0.234607
-8.57164  3.55388  3.37205  3.44165  3.67324  0.181829  -0.231584
-8.56248  3.5447  3.36545  3.43515  3.66422  0.179244  -0.229069
-8.48783  3.55774  3.3752  3.44481  3.67697  0.182541  -0.232163
-8.6911  3.53321  3.35567  3.42536  3.65313  0.177538  -0.227767
-8.68867  3.5338  3.35739  3.42704  3.65365  0.176411  -0.226609
-8.56769  3.54904  3.36852  3.43817  3.6685  0.180519  -0.23033
-8.51368  3.56054  3.37887  3.44839  3.67966  0.181668  -0.231264
-8.53773  3.55146  3.37042  3.44004  3.67086  0.181041  -0.230816
-8.56044  3.54854  3.36863  3.43823  3.668  0.179908  -0.22977
-8.67965  3.53608  3.35906  3.4287  3.65588  0.177023  -0.227178
-8.62597  3.5414  3.36228  3.43193  3.66109  0.179124  -0.229152
-8.57205  3.5507  3.3693  3.43893  3.67015  0.181397  -0.231222
-8.64438  3.53987  3.36012  3.42979  3.65965  0.17975  -0.229865
-8.54374  3.5567  3.3727  3.44228  3.67608  0.183999  -0.233791
-8.52247  3.56122  3.37625  3.44586  3.68045  0.184969  -0.234592
-8.58125  3.55256  3.37064  3.44023  3.67198  0.181921  -0.231745
-8.49932  3.55788  3.37581  3.44538  3.6771  0.182066  -0.231724
-8.66826  3.53481  3.35683  3.42654  3.65468  0.177984  -0.228146
-8.69478  3.53734  3.35919  3.42885  3.65714  0.178155  -0.228293
-8.61078  3.53904  3.36034  3.43002  3.65879  0.178705  -0.228774
-8.61528  3.54168  3.36233  3.432  3.66136  0.179349  -0.229362
-8.55873  3.55171  3.37049  3.44011  3.67111  0.181222  -0.230999
-8.56802  3.54876  3.36817  3.43779  3.66824  0.180588  -0.230449
-8.54889  3.55056  3.36943  3.4391  3.66997  0.181127  -0.230869
-8.6388  3.5415  3.36358  3.43323  3.66112  0.177917  -0.227889
-8.47376  3.55868  3.37709  3.44663  3.67785  0.181584  -0.231227
-8.58797  3.55038  3.36802  3.43768  3.66988  0.182352  -0.232203
-8.68826  3.52953  3.35052  3.42031  3.64964  0.17901  -0.229326
-8.58926  3.54513  3.36259  3.43227  3.66485  0.18254  -0.23258
-8.78634  3.52318  3.34563  3.41537  3.64351  0.177548  -0.228145
-8.68543  3.53326  3.35248  3.42229  3.6533  0.180778  -0.231013
-8.53617  3.55117  3.36854  3.43821  3.67064  0.182628  -0.232425
-8.58468  3.54514  3.36497  3.43465  3.66472  0.180171  -0.230067
-8.6147  3.5446  3.36419  3.43386  3.66422  0.180403  -0.230354
-8.55404  3.55059  3.36967  3.43926  3.67003  0.180921  -0.230768
-8.5439  3.55433  3.37118  3.44083  3.67372  0.18315  -0.232881
-8.56817  3.54707  3.36719  3.43683  3.66657  0.179874  -0.229739
-8.56031  3.54937  3.36905  3.43866  3.66882  0.180319  -0.230162
-8.41838  3.56944  3.38475  3.45429  3.68835  0.184698  -0.23406
-8.51928  3.55278  3.37075  3.44037  3.67217  0.182029  -0.231804
-8.55922  3.54889  3.36715  3.4368  3.66842  0.181735  -0.231626
-8.58316  3.5495  3.36757  3.43723  3.66901  0.181931  -0.231784
