-8.19249  3.61367  3.41651  3.48582  3.73165  0.197164  -0.245826
-8.10616  3.62066  3.421  3.49032  3.73849  0.199663  -0.248175
-8.19433  3.61329  3.41574  3.48504  3.73131  0.197553  -0.246273
-8.1699  3.61692  3.41892  3.48822  3.73483  0.198  -0.246604
-8.14818  3.62062  3.42287  3.49212  3.73838  0.197755  -0.246262
-8.22948  3.60327  3.40869  3.47806  3.72147  0.194576  -0.243408
-8.19618  3.61008  3.41535  3.48462  3.72808  0.194731  -0.243466
-8.14805  3.61231  3.41534  3.48468  3.73031  0.196977  -0.245633
-8.29509  3.60194  3.40663  3.47596  3.72029  0.195313  -0.24433
-8.23353  3.60635  3.40994  3.47931  3.72455  0.196415  -0.245237
-8.11639  3.62371  3.42312  3.49245  3.74148  0.200587  -0.24903
-8.23564  3.60673  3.40933  3.47871  3.72497  0.197401  -0.246255
-8.24736  3.60468  3.40828  3.47764  3.72294  0.196399  -0.245297
-8.30982  3.59281  3.39984  3.46924  3.71134  0.192971  -0.242102
-8.40018  3.58065  3.38829  3.45785  3.69955  0.19236  -0.2417
-8.28719  3.60068  3.40288  3.47229  3.71918  0.197799  -0.24689
-8.32539  3.59634  3.40045  3.46987  3.71489  0.195891  -0.245018
-8.32219  3.59489  3.39916  3.46858  3.71348  0.195728  -0.244899
-8.33889  3.58735  3.39376  3.46325  3.7061  0.193586  -0.242851
-8.27862  3.60487  3.40663  3.47599  3.72324  0.198239  -0.247254
-8.40492  3.5844  3.38942  3.45893  3.70334  0.19498  -0.244416
-8.24182  3.60976  3.41031  3.47971  3.72799  0.199451  -0.248286
-8.20928  3.60685  3.40862  3.47804  3.7251  0.198228  -0.247056
-8.20282  3.61153  3.41223  3.48167  3.72965  0.199302  -0.247983
-8.17376  3.61203  3.41245  3.48185  3.73017  0.199584  -0.248314
-8.24362  3.60578  3.40769  3.47715  3.72404  0.198081  -0.246894
-8.18403  3.61207  3.41234  3.48181  3.73018  0.199733  -0.248368
-8.17226  3.62199  3.42114  3.49046  3.73984  0.20085  -0.24938
-8.15304  3.6216  3.42016  3.48953  3.73947  0.201437  -0.249949
-8.16639  3.61643  3.41577  3.4852  3.73443  0.20066  -0.249232
-8.22858  3.61041  3.41114  3.4806  3.72856  0.199272  -0.247959
-8.25399  3.60474  3.40649  3.4759  3.7231  0.198251  -0.247191
-8.25651  3.60706  3.40711  3.47659  3.72537  0.199943  -0.248781
-8.23136  3.61377  3.4117  3.48117  3.73196  0.202068  -0.25079
-8.20648  3.6089  3.40835  3.47783  3.72718  0.200553  -0.249346
-8.13334  3.62287  3.4214  3.49072  3.74072  0.20147  -0.250007
-8.13857  3.62331  3.42317  3.4925  3.74106  0.200141  -0.248565
-8.09163  3.6207  3.42095  3.49029  3.73852  0.199751  -0.248231
-8.14215  3.61907  3.41808  3.48748  3.73701  0.200997  -0.249534
-8.19682  3.61503  3.41649  3.48588  3.73299  0.198536  -0.247111
-8.17264  3.61582  3.41697  3.48636  3.73376  0.198844  -0.247396
-8.10533  3.62231  3.42237  3.49172  3.74008  0.19994  -0.248362
-8.22166  3.61056  3.41403  3.48337  3.7286  0.196523  -0.245231
-8.12163  3.62315  3.42425  3.49352  3.74087  0.198891  -0.247354
-8.25986  3.60473  3.40902  3.47842  3.72293  0.195716  -0.244511
-8.23315  3.60584  3.41137  3.48069  3.72396  0.194467  -0.243268
-8.22902  3.60571  3.41079  3.48013  3.72385  0.194918  -0.243723
-8.12886  3.61964  3.42033  3.48967  3.73748  0.199304  -0.247818
-8.1329  3.62768  3.42648  3.49573  3.74537  0.201194  -0.249645
-8.19248  3.61015  3.41219  3.48161  3.72825  0.197966  -0.246633
-8.10869  3.62693  3.42675  3.49604  3.74456  0.200184  -0.248522
-8.12272  3.62237  3.42238  3.49175  3.74012  0.199991  -0.248374
-8.21845  3.61084  3.41273  3.48216  3.72891  0.198114  -0.24675
-8.12641  3.62244  3.42224  3.49159  3.74022  0.200202  -0.248628
-8.15567  3.61266  3.41408  3.4835  3.7307  0.198575  -0.247198
-8.08873  3.62486  3.42396  3.49334  3.74257  0.200905  -0.249227
-8.19309  3.61598  3.41774  3.48703  3.73394  0.198243  -0.24691
-8.22241  3.61207  3.41381  3.48315  3.73015  0.198262  -0.247
-8.15307  3.61449  3.41573  3.48509  3.7325  0.198761  -0.247405
-8.16432  3.61967  3.42017  3.48947  3.73755  0.199503  -0.248083
-8.14577  3.61736  3.42009  3.48934  3.73522  0.197267  -0.245882
-8.1651  3.61269  3.41499  3.48435  3.73072  0.197702  -0.246369
-8.14843  3.61466  3.41673  3.48606  3.73263  0.197937  -0.246576
-8.18644  3.617  3.41852  3.4878  3.73494  0.198483  -0.247143
-8.17361  3.61056  3.41256  3.48196  3.72866  0.198004  -0.2467
-8.25062  3.60268  3.40734  3.47675  3.72094  0.195338  -0.244196
-8.22039  3.60703  3.4102  3.4796  3.7252  0.196827  -0.245603
-8.22407  3.60344  3.40764  3.47701  3.72172  0.195795  -0.244714
-8.25133  3.60935  3.41243  3.48175  3.72748  0.196922  -0.245729
-8.16329  3.61476  3.41626  3.48563  3.73274  0.1985  -0.247105
-8.28019  3.60235  3.40748  3.47684  3.72063  0.194873  -0.243792
-8.16779  3.61968  3.42054  3.48981  3.73756  0.199147  -0.247745
-8.21499  3.60543  3.40882  3.47823  3.72365  0.196615  -0.245428
-8.19581  3.61451  3.41594  3.48527  3.73253  0.19857  -0.247264
-8.19468  3.61809  3.41721  3.48655  3.7361  0.200873  -0.249542
-8.19885  3.60987  3.41264  3.48202  3.72796  0.197229  -0.245943
-8.25861  3.60449  3.40814  3.47753  3.72274  0.19635  -0.245211
-8.2566  3.59845  3.40348  3.47289  3.71687  0.194972  -0.243979
-8.25574  3.60468  3.4098  3.47908  3.72291  0.194874  -0.243832
-8.24906  3.60563  3.40931  3.47863  3.72388  0.196323  -0.245253
-8.24179  3.60394  3.40765  3.47706  3.72221  0.19629  -0.245156
-8.23214  3.60703  3.40956  3.47893  3.72526  0.197465  -0.246337
-8.27812  3.60654  3.40964  3.47898  3.72478  0.196904  -0.245802
-8.19864  3.60952  3.41238  3.48174  3.72764  0.197137  -0.245901
-8.25887  3.60611  3.4109  3.4802  3.72428  0.195203  -0.244078
-8.1641  3.61168  3.41555  3.4849  3.72965  0.196126  -0.244745
-8.16983  3.6137  3.41537  3.48482  3.73166  0.198333  -0.246841
-8.18294  3.60846  3.41137  3.48076  3.72659  0.197095  -0.245828
-8.22431  3.60363  3.40725  3.47666  3.72191  0.196387  -0.245251
-8.22783  3.60827  3.4114  3.48076  3.72642  0.196866  -0.245665
-8.39315  3.58538  3.39323  3.46266  3.70415  0.192156  -0.241488
-8.26297  3.60185  3.40848  3.47778  3.72009  0.193364  -0.24231
-8.29561  3.59894  3.40469  3.47407  3.71731  0.194246  -0.243239
-8.27965  3.5976  3.40409  3.47346  3.71598  0.193512  -0.242518
-8.38605  3.58465  3.39355  3.46296  3.7034  0.191097  -0.240438
-8.25339  3.60802  3.41197  3.48123  3.72619  0.196048  -0.244963
-8.27927  3.60258  3.40718  3.4765  3.7209  0.195396  -0.2444
-8.27425  3.60163  3.40603  3.4754  3.71997  0.195593  -0.244576
-8.29281  3.60675  3.40937  3.47873  3.725  0.197387  -0.246262
-8.27579  3.59943  3.40345  3.47286  3.71786  0.19598  -0.245005
-8.30844  3.59153  3.39833  3.46778  3.71009  0.193201  -0.242318
-8.25138  3.60057  3.40581  3.47516  3.71891  0.194759  -0.243757
-8.34136  3.58671  3.39324  3.46272  3.70547  0.193465  -0.242745
-8.17354  3.61085  3.41475  3.48405  3.72888  0.1961  -0.244835
-8.18113  3.61122  3.41642  3.48569  3.72918  0.194801  -0.243488
-8.11004  3.61678  3.41867  3.48804  3.73465  0.198103  -0.246608
-8.13437  3.61949  3.42084  3.49022  3.73727  0.198643  -0.247051
-8.1642  3.61747  3.41895  3.48834  3.73532  0.198523  -0.246982
-8.14211  3.61442  3.41909  3.48836  3.73227  0.195324  -0.243909
-8.13557  3.62047  3.42402  3.49327  3.73816  0.196446  -0.244888
-8.19164  3.61365  3.4181  3.48738  3.73155  0.195545  -0.244164
-8.24728  3.60297  3.40927  3.4786  3.72116  0.193702  -0.242562
-8.30976  3.59225  3.40006  3.46947  3.71074  0.192185  -0.241267
-8.14464  3.62187  3.42562  3.49475  3.73956  0.196247  -0.24481
-8.21428  3.60837  3.41398  3.48325  3.72641  0.194391  -0.243159
-8.15502  3.62048  3.42267  3.4919  3.73827  0.197816  -0.246371
-8.2336  3.60741  3.4119  3.48122  3.72554  0.195512  -0.244313
-8.24451  3.60714  3.41162  3.48094  3.72528  0.195519  -0.244334
-8.15222  3.61741  3.41831  3.48767  3.73533  0.1991  -0.247654
-8.20447  3.60854  3.41181  3.48116  3.72667  0.196732  -0.245506
-8.16401  3.6154  3.41655  3.4859  3.73339  0.198846  -0.247483
-8.24833  3.60416  3.40968  3.47897  3.72238  0.194487  -0.243402
-8.31725  3.59306  3.40003  3.46949  3.71154  0.193036  -0.242056
-8.2626  3.60456  3.40967  3.47899  3.72277  0.194887  -0.243786
-8.28354  3.60402  3.40953  3.47887  3.72222  0.19449  -0.24335
-8.33307  3.59328  3.40121  3.47054  3.71178  0.192068  -0.241242
-8.28653  3.59873  3.40482  3.47417  3.7171  0.193917  -0.242935
-8.27196  3.60388  3.40812  3.47746  3.72216  0.195769  -0.244694
-8.2963  3.5953  3.40217  3.47151  3.71377  0.193127  -0.242259
-8.18717  3.61085  3.41505  3.48439  3.72884  0.195799  -0.244446
-8.19086  3.60806  3.41199  3.48138  3.72614  0.196067  -0.24476
-8.18176  3.61116  3.41496  3.48432  3.72915  0.196201  -0.244827
-8.14101  3.62334  3.42529  3.49454  3.74101  0.198055  -0.246474
-8.12351  3.62138  3.42357  3.49279  3.73914  0.197816  -0.246353
-8.14305  3.61967  3.42008  3.48949  3.73749  0.199584  -0.248
-8.1821  3.61564  3.41686  3.48622  3.7336  0.198787  -0.247381
-8.13234  3.62162  3.42155  3.49081  3.73948  0.200073  -0.24867
-8.22973  3.61417  3.41679  3.48604  3.73218  0.197379  -0.246144
-8.18456  3.61161  3.41391  3.48328  3.72967  0.197697  -0.246387
-8.17515  3.61183  3.41441  3.48373  3.7299  0.197425  -0.24617
-8.19668  3.61075  3.4142  3.4835  3.72882  0.19655  -0.245316
-8.33816  3.59343  3.3998  3.46919  3.71198  0.193625  -0.242786
-8.24039  3.6055  3.41074  3.48001  3.7237  0.194758  -0.243692
-8.24653  3.60741  3.41107  3.48039  3.72559  0.196343  -0.245199
-8.24757  3.60784  3.40986  3.47922  3.72608  0.197983  -0.24686
-8.27212  3.60083  3.40298  3.47243  3.7193  0.197843  -0.246864
-8.29249  3.60299  3.40641  3.47576  3.72135  0.196572  -0.245593
-8.25397  3.60525  3.40845  3.47781  3.72352  0.196793  -0.245704
-8.21804  3.61007  3.41224  3.48163  3.72818  0.197835  -0.24655
-8.16476  3.61779  3.41998  3.48927  3.73565  0.19781  -0.246378
-8.20557  3.61091  3.41487  3.48421  3.72891  0.196041  -0.2447
-8.12846  3.61808  3.41971  3.48902  3.73595  0.198366  -0.246928
-8.28183  3.59943  3.40466  3.47405  3.7178  0.194771  -0.243753
-8.26729  3.60736  3.41027  3.4796  3.72558  0.197098  -0.245984
-8.26857  3.60018  3.40515  3.47455  3.71854  0.195031  -0.243992
-8.20262  3.61519  3.41905  3.48829  3.73309  0.196144  -0.244795
-8.1275  3.62178  3.42395  3.49322  3.73948  0.197831  -0.246262
-8.08873  3.62359  3.42647  3.49572  3.7412  0.197119  -0.245481
-8.13283  3.61825  3.42217  3.49144  3.736  0.196077  -0.244552
-8.19033  3.61114  3.41585  3.48514  3.72912  0.19529  -0.243984
-8.18214  3.61402  3.41765  3.48697  3.73193  0.196366  -0.244963
-8.16201  3.61701  3.42018  3.48946  3.73484  0.196834  -0.245379
-8.2137  3.60978  3.41315  3.48256  3.72782  0.196624  -0.245265
-8.09111  3.6257  3.42733  3.49661  3.74328  0.19837  -0.246668
-8.10764  3.62335  3.42468  3.494  3.74101  0.198672  -0.247018
-8.17564  3.61645  3.41905  3.48837  3.73432  0.197393  -0.245944
-8.13774  3.61697  3.42061  3.48988  3.73478  0.196358  -0.244908
-8.21143  3.60577  3.4094  3.47884  3.72395  0.196365  -0.245105
-8.2908  3.59433  3.40071  3.47018  3.71279  0.193622  -0.242608
-8.15039  3.61617  3.41949  3.48875  3.73405  0.196679  -0.245295
-8.23337  3.60735  3.41089  3.4803  3.72548  0.196464  -0.245184
-8.22673  3.60869  3.41141  3.48075  3.72687  0.197284  -0.24612
-8.25767  3.6038  3.40649  3.47591  3.72213  0.197303  -0.246213
-8.25964  3.60662  3.40895  3.47834  3.72487  0.197665  -0.246533
-8.23271  3.6081  3.41084  3.4802  3.72628  0.197259  -0.24608
-8.25182  3.60336  3.40945  3.47876  3.72157  0.193905  -0.242812
-8.17144  3.61006  3.41423  3.48354  3.7281  0.195833  -0.244556
-8.35749  3.59512  3.4022  3.47155  3.71359  0.192924  -0.242037
-8.16746  3.61805  3.41987  3.48914  3.73594  0.198183  -0.246795
-8.21447  3.60999  3.4122  3.48157  3.72812  0.197789  -0.246545
-8.22399  3.60678  3.41004  3.47941  3.72498  0.196739  -0.245579
-8.15635  3.61505  3.41686  3.48612  3.73306  0.198194  -0.246945
-8.2378  3.60984  3.41267  3.48191  3.72802  0.197174  -0.246113
-8.26693  3.60926  3.41136  3.48068  3.72746  0.197895  -0.246787
-8.26187  3.60469  3.40652  3.47591  3.72305  0.198171  -0.247138
-8.33371  3.59796  3.40116  3.47056  3.71651  0.196806  -0.245946
-8.32924  3.5961  3.40058  3.46995  3.71467  0.19552  -0.24472
-8.39519  3.58593  3.39298  3.46242  3.70472  0.192955  -0.242297
-8.38014  3.58417  3.39222  3.4617  3.70295  0.191953  -0.241247
-8.24972  3.59843  3.40283  3.47231  3.71684  0.195598  -0.244527
-8.28909  3.59906  3.40415  3.47354  3.71746  0.194907  -0.24392
-8.28886  3.60071  3.40563  3.475  3.71906  0.195076  -0.244059
-8.17496  3.61286  3.4156  3.48492  3.73088  0.19726  -0.245962
-8.35306  3.58563  3.39276  3.46225  3.70439  0.19287  -0.242142
-8.24751  3.6089  3.41225  3.4815  3.72709  0.196656  -0.245586
-8.26631  3.60397  3.40704  3.47644  3.72228  0.196936  -0.24584
-8.20551  3.6116  3.4146  3.48394  3.72964  0.197002  -0.245701
-8.31874  3.6005  3.4064  3.47572  3.71883  0.194104  -0.243105
-8.22405  3.60378  3.40926  3.47861  3.72198  0.194512  -0.243362
-8.1795  3.61008  3.41414  3.48346  3.72813  0.195939  -0.244673
-8.28508  3.59412  3.40113  3.47056  3.71257  0.192982  -0.242007
-8.18577  3.61264  3.41762  3.48686  3.73057  0.195013  -0.243703
-8.21125  3.60962  3.41481  3.48411  3.72763  0.194812  -0.243521
-8.16906  3.61453  3.41737  3.48667  3.73247  0.197157  -0.245801
-8.2034  3.61226  3.41493  3.48424  3.7303  0.19732  -0.246057
-8.30116  3.59676  3.40172  3.47109  3.71527  0.195037  -0.244178
-8.22769  3.60647  3.4079  3.47731  3.72478  0.198578  -0.247469
-8.31114  3.5944  3.39824  3.46767  3.71304  0.196157  -0.245374
-8.24717  3.60416  3.40554  3.47498  3.72255  0.19862  -0.247573
-8.30679  3.60248  3.40381  3.47322  3.72096  0.198674  -0.247742
-8.24994  3.6132  3.41326  3.4826  3.73135  0.199937  -0.248754
-8.23588  3.60771  3.41032  3.47965  3.72593  0.19739  -0.24628
-8.36721  3.59177  3.39644  3.46587  3.71047  0.195327  -0.244598
-8.30057  3.60264  3.40504  3.47439  3.72108  0.197598  -0.24669
-8.28301  3.59925  3.40068  3.47017  3.7178  0.198565  -0.247628
-8.32952  3.5962  3.39895  3.46841  3.71482  0.197257  -0.246401
-8.35015  3.59369  3.39695  3.4664  3.71239  0.196742  -0.245989
-8.32962  3.59734  3.4009  3.47031  3.71589  0.196443  -0.245586
-8.20645  3.61145  3.41287  3.48219  3.72959  0.198575  -0.2474
-8.26987  3.60232  3.40464  3.47407  3.72073  0.197676  -0.246657
-8.18133  3.61084  3.41281  3.4822  3.72894  0.198028  -0.246743
-8.21024  3.61344  3.41607  3.48533  3.73147  0.197371  -0.24614
-8.17316  3.61252  3.41566  3.48495  3.73054  0.196856  -0.245588
-8.28989  3.59528  3.40046  3.46988  3.71381  0.194817  -0.243932
-8.19222  3.61125  3.41477  3.48407  3.7293  0.196479  -0.245222
-8.27655  3.60116  3.40454  3.47392  3.71958  0.196619  -0.24566
-8.21087  3.60776  3.4109  3.48027  3.72592  0.196861  -0.245657
-8.25696  3.60657  3.41055  3.47992  3.72473  0.196025  -0.244811
-8.13411  3.6175  3.41926  3.48864  3.73534  0.19824  -0.246701
-8.15891  3.61475  3.4167  3.48602  3.73273  0.198053  -0.246705
-8.19818  3.60663  3.41139  3.48071  3.72477  0.195242  -0.244064
-8.22592  3.60862  3.41107  3.48043  3.72679  0.19755  -0.24636
-8.20559  3.61501  3.41632  3.48563  3.73303  0.198688  -0.247395
-8.19139  3.61379  3.41455  3.48385  3.73189  0.199241  -0.248041
-8.28787  3.59838  3.40118  3.47062  3.71691  0.197194  -0.246297
-8.32289  3.59614  3.39989  3.46936  3.71469  0.196256  -0.245331
-8.2939  3.60091  3.40354  3.47296  3.71936  0.197374  -0.246403
-8.15153  3.61982  3.42059  3.48985  3.7377  0.199224  -0.247857
-8.21156  3.61225  3.41403  3.48335  3.73035  0.198212  -0.247002
-8.18494  3.61079  3.4134  3.48278  3.72886  0.197394  -0.246086
-8.26324  3.60486  3.40935  3.47871  3.72307  0.195514  -0.244359
-8.25891  3.60372  3.40769  3.47704  3.72201  0.196034  -0.244964
-8.2966  3.59821  3.40196  3.47139  3.71669  0.196246  -0.245295
-8.22468  3.60722  3.40973  3.47908  3.72546  0.197491  -0.246379
-8.20881  3.61057  3.41313  3.48243  3.7287  0.19744  -0.246268
-8.23548  3.60499  3.40761  3.47698  3.7233  0.197382  -0.246323
-8.27025  3.60257  3.40541  3.47485  3.72093  0.197158  -0.246087
-8.25296  3.60388  3.4059  3.4753  3.72226  0.197989  -0.246961
-8.26191  3.60172  3.4039  3.47337  3.72013  0.197827  -0.246761
-8.31766  3.59482  3.39904  3.46846  3.71342  0.19578  -0.244955
-8.31671  3.59259  3.3975  3.46698  3.71121  0.195097  -0.244239
-8.19548  3.60422  3.40676  3.47621  3.72252  0.197455  -0.246312
-8.21291  3.60848  3.41169  3.48101  3.72664  0.19679  -0.245625
-8.23837  3.60941  3.41253  3.48182  3.72756  0.196882  -0.245745
-8.24629  3.60328  3.40601  3.47541  3.72164  0.197265  -0.24623
-8.2153  3.60947  3.41171  3.48103  3.72765  0.197762  -0.246621
-8.31218  3.59899  3.4036  3.47293  3.71746  0.195391  -0.244529
-8.30692  3.59746  3.40039  3.46986  3.71601  0.197074  -0.24615
-8.22627  3.6116  3.4139  3.48319  3.72971  0.197699  -0.246518
-8.29186  3.60164  3.40558  3.47494  3.72002  0.196054  -0.245076
-8.31716  3.59761  3.40209  3.47152  3.71608  0.195525  -0.244563
-8.27936  3.60577  3.40797  3.47736  3.72407  0.197799  -0.246719
-8.23401  3.61074  3.41442  3.48368  3.72881  0.196317  -0.245131
-8.20375  3.60885  3.41098  3.48032  3.72705  0.197869  -0.246732
-8.20979  3.60816  3.41025  3.47961  3.72638  0.197915  -0.246772
-8.17071  3.61549  3.41656  3.48589  3.73349  0.198933  -0.2476
-8.14314  3.62352  3.4212  3.49055  3.74139  0.202321  -0.250844
-8.16534  3.62118  3.41923  3.48858  3.73911  0.201948  -0.250533
-8.23427  3.60709  3.40632  3.47579  3.72546  0.200768  -0.249668
-8.17294  3.61834  3.41787  3.48716  3.73635  0.200474  -0.249191
-8.29125  3.60049  3.40203  3.47147  3.71902  0.198457  -0.247549
-8.17971  3.61541  3.41418  3.48358  3.73351  0.201236  -0.249928
-8.15784  3.61523  3.41506  3.48443  3.73329  0.200176  -0.248858
-8.24978  3.60779  3.40908  3.47851  3.72603  0.198717  -0.247523
-8.2636  3.60518  3.40709  3.47652  3.72349  0.198086  -0.246965
-8.24685  3.60372  3.40534  3.47477  3.72211  0.198381  -0.247342
-8.2551  3.61171  3.41183  3.4812  3.7299  0.199881  -0.248706
-8.30412  3.60218  3.4045  3.47389  3.72061  0.197684  -0.24672
-8.24786  3.60895  3.40866  3.4781  3.72723  0.200287  -0.249124
-8.28904  3.60474  3.40541  3.47485  3.72314  0.199332  -0.248295
-8.32824  3.59946  3.40016  3.46966  3.71805  0.1993  -0.248387
-8.24782  3.61052  3.41262  3.48188  3.72871  0.197905  -0.246824
-8.22755  3.61066  3.41276  3.4821  3.72879  0.197903  -0.246691
-8.31755  3.59859  3.404  3.47335  3.71702  0.194594  -0.243669
-8.17993  3.60817  3.41218  3.48151  3.72629  0.195992  -0.244779
-8.2611  3.60535  3.40852  3.47792  3.7236  0.196835  -0.245677
-8.32728  3.59498  3.40166  3.47101  3.71347  0.193321  -0.242465
-8.23277  3.60851  3.41178  3.48112  3.72665  0.196732  -0.245536
-8.16967  3.60978  3.41215  3.48159  3.72786  0.197629  -0.246273
-8.1766  3.61893  3.42023  3.48953  3.7368  0.198699  -0.247268
-8.23973  3.60802  3.40981  3.47921  3.72624  0.198205  -0.24703
-8.32076  3.59868  3.40114  3.47064  3.71719  0.197537  -0.246552
-8.31524  3.59889  3.40207  3.47145  3.71742  0.196819  -0.245973
-8.2871  3.60048  3.40305  3.47252  3.71892  0.197429  -0.246404
-8.19822  3.61004  3.40943  3.47886  3.72831  0.200605  -0.24945
-8.21853  3.6086  3.40923  3.47866  3.72684  0.199365  -0.248182
-8.30985  3.59564  3.39776  3.46731  3.71427  0.19788  -0.246962
-8.16553  3.61742  3.41589  3.48529  3.73546  0.201537  -0.250163
-8.25281  3.60292  3.40433  3.4738  3.72133  0.198596  -0.24753
-8.20759  3.60992  3.40991  3.47932  3.72816  0.200001  -0.248837
-8.24512  3.60935  3.40965  3.47905  3.72761  0.199699  -0.248557
-8.19261  3.61042  3.41156  3.48092  3.72861  0.198858  -0.247688
-8.32306  3.59731  3.39995  3.46939  3.7159  0.197351  -0.246504
-8.27512  3.60498  3.4047  3.47414  3.72343  0.200283  -0.249289
-8.2187  3.61253  3.41247  3.48189  3.73066  0.200056  -0.248772
-8.25227  3.6065  3.40856  3.47797  3.72476  0.197934  -0.246797
-8.20648  3.6093  3.41137  3.48071  3.72749  0.197931  -0.246775
-8.2667  3.60349  3.40638  3.47575  3.72185  0.197112  -0.246097
-8.24306  3.60877  3.41044  3.47982  3.72698  0.19833  -0.247151
-8.21116  3.612  3.41473  3.48406  3.73004  0.197276  -0.245989
-8.25041  3.59853  3.40411  3.47354  3.71689  0.194416  -0.243342
-8.24955  3.60338  3.40733  3.47672  3.72167  0.19605  -0.244952
-8.26169  3.60255  3.40719  3.4765  3.72088  0.195361  -0.244384
-8.23952  3.60286  3.40577  3.4752  3.72121  0.197091  -0.246011
-8.18533  3.61391  3.41344  3.48286  3.73202  0.20047  -0.24916
-8.27622  3.59897  3.40144  3.47087  3.71751  0.197538  -0.246637
-8.34059  3.58683  3.39264  3.4621  3.70565  0.194192  -0.243549
-8.30312  3.60168  3.40323  3.47269  3.72014  0.198443  -0.247447
-8.24209  3.60399  3.40494  3.47441  3.72238  0.199049  -0.247966
-8.24201  3.60903  3.41044  3.47983  3.72725  0.198592  -0.24742
-8.23153  3.60814  3.41042  3.47982  3.72633  0.197725  -0.246505
-8.19801  3.61379  3.41508  3.48441  3.73185  0.198713  -0.247442
-8.15025  3.61859  3.41865  3.48797  3.73653  0.199932  -0.248556
-8.19467  3.61498  3.41483  3.48419  3.73306  0.200155  -0.24887
-8.22387  3.61429  3.41394  3.4833  3.73241  0.200357  -0.249115
-8.16335  3.61776  3.41745  3.48679  3.73574  0.200311  -0.248947
-8.2024  3.61191  3.41358  3.48295  3.73  0.198331  -0.247042
-8.2604  3.59842  3.40319  3.47263  3.71683  0.195235  -0.244196
-8.24301  3.6014  3.4061  3.47546  3.71974  0.195299  -0.244271
-8.2614  3.60529  3.40991  3.47922  3.7235  0.195379  -0.244286
-8.18443  3.61316  3.415  3.48435  3.73119  0.198156  -0.246836
-8.21636  3.60919  3.41261  3.48197  3.72728  0.196575  -0.245307
-8.17544  3.61716  3.41876  3.48805  3.73509  0.198404  -0.247041
-8.36437  3.59054  3.39584  3.46532  3.70922  0.194701  -0.243902
-8.2885  3.5991  3.40311  3.47253  3.71754  0.195995  -0.245016
-8.32729  3.58949  3.39618  3.46564  3.70815  0.193316  -0.24251
-8.21265  3.61441  3.41677  3.48605  3.7324  0.197639  -0.246353
-8.21305  3.6101  3.41431  3.48362  3.72814  0.195793  -0.244527
-8.14768  3.61931  3.42035  3.48965  3.73717  0.198959  -0.247519
-8.27888  3.59817  3.40267  3.47213  3.7166  0.195499  -0.244471
-8.22143  3.60586  3.40958  3.47897  3.72405  0.196275  -0.245077
-8.21299  3.61169  3.41555  3.48483  3.7297  0.196143  -0.244865
-8.14163  3.62369  3.42472  3.49394  3.74142  0.198963  -0.247475
-8.17888  3.61132  3.41538  3.48472  3.7293  0.195947  -0.244582
-8.17238  3.61085  3.41523  3.48458  3.72882  0.195622  -0.244243
-8.14884  3.61047  3.41365  3.48308  3.72847  0.196816  -0.245389
-8.17264  3.61331  3.41748  3.48679  3.73121  0.195823  -0.24442
-8.1377  3.61477  3.41807  3.48742  3.73264  0.196697  -0.245228
-8.141  3.61632  3.41996  3.48928  3.73413  0.196363  -0.24485
-8.10943  3.62003  3.42206  3.49137  3.7378  0.197975  -0.246426
-8.12027  3.62125  3.42198  3.4913  3.73904  0.199268  -0.247748
-8.12917  3.61728  3.41814  3.48755  3.73517  0.199135  -0.247616
-8.10442  3.62176  3.42441  3.49371  3.73942  0.197345  -0.245715
-8.09867  3.61806  3.42167  3.49096  3.73582  0.196392  -0.244856
-8.1638  3.61634  3.41926  3.4885  3.73424  0.197089  -0.245742
-8.23391  3.60962  3.41212  3.48147  3.72776  0.197504  -0.246295
-8.17237  3.61532  3.41823  3.48752  3.73324  0.197093  -0.245717
-8.2487  3.60821  3.41237  3.48176  3.72628  0.195837  -0.244524
-8.149  3.61583  3.42179  3.49099  3.73359  0.194038  -0.242603
-8.22727  3.59914  3.40496  3.4744  3.71745  0.194186  -0.243052
-8.21255  3.60498  3.4099  3.4793  3.72313  0.195079  -0.243833
-8.22686  3.61012  3.41306  3.48241  3.72821  0.197052  -0.245794
-8.23428  3.60221  3.40775  3.47717  3.72043  0.194462  -0.243254
-8.11945  3.61643  3.42056  3.48984  3.73424  0.195872  -0.244393
-8.12806  3.62204  3.42389  3.49314  3.73977  0.198153  -0.246627
-8.15354  3.61881  3.42064  3.48995  3.73664  0.198173  -0.246684
-8.13649  3.62156  3.42368  3.49291  3.7393  0.197882  -0.246395
-8.20133  3.61522  3.4189  3.48812  3.73313  0.196315  -0.245009
-8.24712  3.60589  3.40982  3.47917  3.7241  0.196061  -0.244925
-8.317  3.59195  3.39964  3.46897  3.71052  0.192314  -0.241546
-8.27202  3.59878  3.40476  3.47404  3.7172  0.194024  -0.243155
-8.36244  3.58914  3.39612  3.46549  3.70784  0.193013  -0.242345
-8.35227  3.59005  3.39564  3.46508  3.70875  0.194414  -0.243672
-8.18265  3.61492  3.41609  3.48541  3.73294  0.198832  -0.24753
-8.19254  3.61153  3.41396  3.48331  3.72959  0.197565  -0.246276
-8.23279  3.60893  3.41204  3.48142  3.72705  0.196889  -0.245632
-8.15277  3.61375  3.41655  3.48583  3.73174  0.1972  -0.24591
-8.20464  3.60912  3.41256  3.4819  3.72723  0.196559  -0.245329
-8.23711  3.60681  3.41111  3.48041  3.72499  0.195699  -0.244571
-8.27731  3.60245  3.40734  3.47671  3.72073  0.195112  -0.244016
-8.24639  3.6075  3.41099  3.48032  3.72568  0.196509  -0.245365
-8.22644  3.61097  3.41297  3.48231  3.72909  0.198003  -0.246787
-8.34231  3.59336  3.39879  3.46825  3.71193  0.194573  -0.243685
-8.22032  3.6117  3.41371  3.48301  3.72981  0.197995  -0.246801
-8.30502  3.59974  3.40503  3.47438  3.71812  0.194704  -0.243739
-8.25471  3.60879  3.4141  3.48336  3.72685  0.194693  -0.243491
-8.34799  3.59253  3.40143  3.47073  3.71102  0.191107  -0.240299
-8.2998  3.5949  3.40259  3.47187  3.71337  0.19231  -0.241507
-8.39146  3.58397  3.39315  3.46256  3.70273  0.19082  -0.240169
-8.26389  3.60309  3.40788  3.47722  3.72137  0.195217  -0.244146
-8.21114  3.6084  3.41232  3.48165  3.72652  0.196077  -0.244872
-8.23227  3.60955  3.41215  3.48155  3.72765  0.197396  -0.246107
-8.14976  3.62035  3.42117  3.49051  3.73815  0.199179  -0.247634
-8.10646  3.62683  3.42661  3.49592  3.74445  0.200224  -0.248535
-8.17937  3.61254  3.41485  3.48422  3.73055  0.197687  -0.246332
-8.1591  3.61945  3.42008  3.4894  3.73731  0.199368  -0.247916
-8.22922  3.60734  3.41091  3.48029  3.7255  0.19643  -0.245211
-8.17781  3.61088  3.41444  3.48378  3.72891  0.196442  -0.245134
-8.12968  3.62083  3.41979  3.48915  3.73872  0.201035  -0.249576
-8.16902  3.61147  3.41577  3.48508  3.72945  0.195703  -0.244369
-8.2511  3.60917  3.41291  3.4822  3.72729  0.196264  -0.245094
-8.18482  3.61545  3.41815  3.48742  3.73339  0.197305  -0.245969
-8.27826  3.60155  3.40634  3.47568  3.71989  0.195217  -0.244211
-8.20958  3.60808  3.41194  3.48122  3.72624  0.196142  -0.245015
-8.16778  3.61813  3.41889  3.48817  3.73607  0.199236  -0.247904
-8.2157  3.61038  3.41162  3.48102  3.72854  0.198765  -0.247518
-8.22327  3.60407  3.40825  3.47763  3.72232  0.195815  -0.244689
-8.20211  3.60685  3.41089  3.48027  3.72499  0.19596  -0.244717
-8.2315  3.60595  3.41007  3.47948  3.72411  0.195886  -0.244628
-8.29075  3.59685  3.40173  3.47118  3.71531  0.195117  -0.244128
-8.28995  3.60514  3.41001  3.4793  3.72337  0.19513  -0.24407
-8.21388  3.60812  3.41114  3.48048  3.7263  0.196988  -0.24582
-8.22841  3.61003  3.41181  3.48117  3.72819  0.198222  -0.247027
-8.23725  3.61043  3.41205  3.48141  3.72858  0.198375  -0.247169
-8.16981  3.60962  3.41135  3.4808  3.72775  0.198272  -0.246948
-8.21804  3.61146  3.41308  3.48248  3.72955  0.198378  -0.24707
-8.20244  3.6103  3.41139  3.48081  3.72846  0.198918  -0.247644
-8.15489  3.62045  3.42125  3.49055  3.73828  0.199196  -0.247733
-8.21982  3.60466  3.40858  3.47797  3.7229  0.196085  -0.244928
-8.18622  3.60888  3.41307  3.4824  3.72696  0.195811  -0.244564
-8.25969  3.60567  3.41008  3.47941  3.72388  0.195593  -0.244464
-8.21268  3.60913  3.41262  3.48193  3.72725  0.196502  -0.245316
-8.2666  3.60527  3.40807  3.47747  3.72354  0.197193  -0.246068
-8.18813  3.61522  3.41753  3.48678  3.7332  0.197696  -0.246421
-8.29699  3.5968  3.40161  3.47104  3.71528  0.195187  -0.244236
-8.35908  3.58891  3.39714  3.46653  3.70754  0.191771  -0.241008
-8.36772  3.58533  3.39314  3.46257  3.7041  0.192189  -0.24153
-8.33856  3.59213  3.39918  3.46854  3.71071  0.192947  -0.242174
-8.34542  3.59654  3.40252  3.47182  3.71504  0.194024  -0.243214
-8.28726  3.6028  3.40624  3.47563  3.72114  0.196557  -0.245509
-8.26608  3.60178  3.4054  3.47479  3.72015  0.196373  -0.24536
-8.26141  3.60638  3.40834  3.47768  3.7247  0.19804  -0.247016
-8.15007  3.6168  3.41632  3.48564  3.73485  0.200477  -0.249211
-8.2432  3.60422  3.40605  3.47551  3.72256  0.198169  -0.247053
-8.19732  3.61196  3.41124  3.48069  3.73014  0.200723  -0.249449
-8.09981  3.62707  3.42399  3.49334  3.74483  0.203078  -0.25149
-8.13547  3.6209  3.41858  3.48801  3.73883  0.20232  -0.250825
-8.26365  3.60679  3.40725  3.47665  3.72514  0.19954  -0.248483
-8.28691  3.60371  3.4066  3.47595  3.72208  0.197107  -0.246134
-8.24974  3.60089  3.40362  3.47307  3.71931  0.197273  -0.24624
-8.27513  3.60776  3.40854  3.47793  3.72606  0.199224  -0.248127
-8.17994  3.61626  3.41463  3.48403  3.73435  0.201635  -0.250313
-8.39179  3.58371  3.38773  3.45732  3.70269  0.195987  -0.245378
-8.25812  3.60231  3.4035  3.47293  3.72078  0.198814  -0.247854
-8.28462  3.60027  3.40425  3.47366  3.71867  0.196014  -0.245012
-8.23848  3.60246  3.4056  3.475  3.72083  0.196863  -0.245826
-8.27193  3.5963  3.40195  3.47133  3.71478  0.194354  -0.243447
-8.31937  3.59282  3.39788  3.46733  3.71144  0.194934  -0.244108
-8.1729  3.61557  3.41671  3.486  3.73358  0.19886  -0.247583
-8.25539  3.60422  3.40709  3.47647  3.72255  0.197134  -0.246086
-8.26577  3.60615  3.40763  3.47706  3.72445  0.198521  -0.247394
-8.20555  3.60904  3.40998  3.47945  3.72723  0.199057  -0.247781
-8.16462  3.6173  3.41761  3.48698  3.73525  0.199698  -0.248263
-8.16286  3.61963  3.42012  3.48943  3.73751  0.199508  -0.248077
-8.16721  3.61699  3.4196  3.48881  3.73491  0.197397  -0.246093
-8.32502  3.59152  3.3987  3.46812  3.71008  0.192828  -0.241966
-8.20926  3.61329  3.41563  3.48498  3.73128  0.19766  -0.246306
-8.22616  3.60637  3.41058  3.47993  3.72454  0.195798  -0.244608
-8.26841  3.60248  3.40863  3.47794  3.72072  0.193848  -0.242773
-8.19485  3.60728  3.41125  3.48063  3.7254  0.19603  -0.244772
-8.20888  3.60971  3.41324  3.48261  3.72777  0.196471  -0.245161
-8.18169  3.61366  3.4177  3.487  3.73157  0.195968  -0.244569
-8.10623  3.62346  3.42563  3.49487  3.74112  0.19783  -0.246254
-8.14958  3.61751  3.41929  3.4886  3.73539  0.198223  -0.246798
-8.18939  3.61165  3.41603  3.4853  3.72964  0.195621  -0.244337
-8.31128  3.593  3.39988  3.46925  3.71155  0.193124  -0.242301
-8.36382  3.59079  3.39941  3.46875  3.70934  0.191379  -0.24059
-8.28656  3.59879  3.40442  3.47384  3.71714  0.194366  -0.243304
-8.18367  3.61123  3.41509  3.48434  3.72928  0.196139  -0.244932
-8.17047  3.61583  3.41837  3.48764  3.73376  0.197454  -0.246113
-8.23806  3.60522  3.40908  3.47845  3.72345  0.196145  -0.244994
-8.25046  3.60099  3.40569  3.47514  3.71929  0.195293  -0.244146
-8.34744  3.59329  3.39997  3.46936  3.71183  0.193324  -0.242473
-8.27914  3.60272  3.40773  3.47706  3.72101  0.194986  -0.243948
-8.19615  3.61113  3.41472  3.484  3.72918  0.196405  -0.245183
-8.19757  3.61407  3.41611  3.48539  3.7321  0.19796  -0.246701
-8.1987  3.61249  3.41577  3.48504  3.73051  0.196717  -0.245471
-8.25582  3.60619  3.40911  3.47846  3.72444  0.197076  -0.245982
-8.19159  3.6174  3.41865  3.48791  3.73535  0.198757  -0.247445
-8.26483  3.60198  3.40587  3.47529  3.72031  0.196113  -0.24502
-8.20201  3.60729  3.4103  3.47968  3.72548  0.196994  -0.245805
-8.09197  3.62707  3.42745  3.49665  3.74472  0.199626  -0.248069
-8.04225  3.62798  3.42838  3.49765  3.74554  0.199599  -0.247892
-8.17206  3.61024  3.41368  3.48304  3.72829  0.19656  -0.245255
-8.2354  3.6052  3.41134  3.48067  3.72331  0.193866  -0.242643
-8.14459  3.62501  3.42804  3.49719  3.74261  0.196969  -0.245424
-8.15867  3.61483  3.42046  3.48968  3.73264  0.19437  -0.242966
-8.18775  3.61456  3.4175  3.48678  3.73251  0.197058  -0.245736
-8.18851  3.6149  3.4173  3.48663  3.73285  0.197598  -0.246219
-8.23731  3.60735  3.41139  3.48073  3.72549  0.195965  -0.244763
-8.18583  3.61604  3.41861  3.48792  3.73394  0.197435  -0.246019
-8.16328  3.61824  3.4209  3.49017  3.73607  0.197337  -0.245901
-8.0311  3.63557  3.43509  3.50424  3.75295  0.200488  -0.248707
-8.09595  3.62404  3.42546  3.49472  3.7417  0.198583  -0.246979
-8.14794  3.6167  3.41962  3.48892  3.73455  0.197075  -0.245625
-8.15112  3.62203  3.4249  3.4941  3.73974  0.197132  -0.24564
-8.25797  3.60244  3.40743  3.47684  3.72068  0.195009  -0.243833
-8.24898  3.60355  3.40906  3.4784  3.72175  0.194491  -0.243352
-8.18478  3.60594  3.41029  3.47966  3.7241  0.195641  -0.244447
-8.19274  3.61099  3.4147  3.48401  3.72901  0.196291  -0.245002
-8.26294  3.60198  3.40519  3.47456  3.72039  0.196791  -0.24583
-8.29835  3.59974  3.40224  3.47165  3.71825  0.197504  -0.246598
-8.31093  3.59134  3.39713  3.46654  3.71  0.194213  -0.243466
-8.28325  3.60067  3.40396  3.47335  3.71911  0.196705  -0.24576
-8.36209  3.58917  3.39587  3.46529  3.70787  0.193302  -0.242573
-8.38419  3.58955  3.39602  3.46543  3.70825  0.193531  -0.242823
-8.20717  3.61039  3.41288  3.4822  3.72852  0.197509  -0.246314
-8.22668  3.60975  3.41184  3.48118  3.72792  0.197906  -0.246735
-8.22288  3.60949  3.41061  3.48003  3.72768  0.198877  -0.247651
-8.23382  3.60804  3.41196  3.48128  3.72618  0.196083  -0.244897
-8.25581  3.60564  3.41028  3.47955  3.72386  0.195363  -0.244312
-8.33315  3.59988  3.40572  3.475  3.71826  0.194167  -0.243265
-8.34141  3.59037  3.39917  3.4685  3.70893  0.191207  -0.24043
-8.25464  3.60256  3.4084  3.47769  3.72082  0.19416  -0.24313
-8.33986  3.58971  3.39559  3.46507  3.70838  0.194119  -0.243315
-8.1737  3.61558  3.41637  3.48567  3.73361  0.199215  -0.247942
-8.24787  3.60791  3.40995  3.47932  3.72615  0.197963  -0.24683
-8.31894  3.59216  3.39746  3.46691  3.7108  0.1947  -0.243882
-8.19677  3.61079  3.41221  3.48161  3.72891  0.198575  -0.247304
-8.26018  3.60043  3.40343  3.47289  3.71885  0.196998  -0.245955
-8.24919  3.60677  3.40923  3.47862  3.725  0.197543  -0.24638
-8.28957  3.59827  3.40318  3.47259  3.71669  0.19509  -0.244094
-8.24362  3.60525  3.40772  3.47713  3.72354  0.197531  -0.246404
-8.22296  3.60872  3.41009  3.47947  3.72695  0.198622  -0.247472
-8.25446  3.60822  3.40955  3.47895  3.72647  0.198674  -0.247522
-8.25525  3.60679  3.40958  3.4789  3.72505  0.197213  -0.246159
-8.28884  3.59427  3.39908  3.46851  3.71285  0.195188  -0.244339
-8.30609  3.5957  3.4001  3.46955  3.71424  0.195598  -0.244683
-8.17567  3.61538  3.41648  3.4858  3.73339  0.198903  -0.247589
-8.19977  3.61797  3.41991  3.48918  3.73585  0.198068  -0.246676
-8.19905  3.61106  3.41306  3.48242  3.72916  0.198007  -0.246738
-8.14453  3.6134  3.41395  3.48336  3.73147  0.199446  -0.248106
-8.20894  3.60951  3.41113  3.48052  3.72769  0.198371  -0.24717
-8.36521  3.5923  3.39658  3.46606  3.71098  0.195724  -0.244924
-8.27411  3.60562  3.40673  3.47613  3.72399  0.198897  -0.247853
-8.1979  3.61495  3.416  3.48527  3.73301  0.198946  -0.247736
-8.25396  3.60593  3.40816  3.47754  3.72422  0.197771  -0.246685
-8.20444  3.61012  3.41123  3.48069  3.72826  0.198891  -0.247575
-8.21907  3.6086  3.41177  3.48118  3.72671  0.196831  -0.245528
-8.14805  3.61672  3.41923  3.48852  3.73461  0.197496  -0.246092
-8.13414  3.62451  3.42506  3.49433  3.7422  0.199452  -0.247877
-8.20876  3.61386  3.41768  3.48694  3.7318  0.196182  -0.244856
-8.24826  3.60318  3.40713  3.47652  3.72147  0.196055  -0.244953
-8.19854  3.61389  3.4168  3.48606  3.73188  0.197096  -0.245818
-8.26173  3.60312  3.40988  3.47918  3.72129  0.193233  -0.242112
-8.24975  3.60425  3.41137  3.48063  3.72239  0.192887  -0.241753
-8.11674  3.6228  3.42687  3.49605  3.7404  0.195928  -0.244351
-8.13382  3.61964  3.42344  3.49272  3.73733  0.196208  -0.244606
-8.16088  3.61269  3.41868  3.48795  3.73054  0.194017  -0.242588
-8.14885  3.61702  3.42022  3.48956  3.73482  0.196801  -0.245257
-8.13591  3.6198  3.42278  3.49207  3.73752  0.197013  -0.245452
-8.17297  3.61097  3.41507  3.4844  3.72897  0.195906  -0.244565
-8.17472  3.61515  3.41795  3.48725  3.73308  0.197205  -0.245827
-8.16281  3.61984  3.42229  3.49157  3.7376  0.197551  -0.246024
-8.14465  3.62452  3.42609  3.49533  3.74218  0.198431  -0.246851
-8.14507  3.61677  3.41876  3.48812  3.73463  0.19801  -0.246511
-8.14238  3.62329  3.4237  3.49301  3.74102  0.199596  -0.248009
-8.09596  3.62271  3.42386  3.49317  3.74042  0.19885  -0.247249
-8.22833  3.60522  3.4085  3.47797  3.72342  0.196722  -0.245444
-8.36725  3.58899  3.39511  3.4646  3.70768  0.193876  -0.243085
-8.27869  3.6  3.40387  3.47326  3.71843  0.196136  -0.24517
-8.28523  3.60315  3.40658  3.47594  3.7215  0.196573  -0.245553
-8.1767  3.61339  3.41487  3.48424  3.73143  0.198524  -0.247188
-8.22639  3.61386  3.41572  3.48503  3.7319  0.198141  -0.246866
-8.32421  3.59834  3.40245  3.47186  3.71681  0.195891  -0.244952
-8.2612  3.60147  3.40561  3.47498  3.71983  0.195859  -0.244853
-8.28006  3.605  3.4077  3.47708  3.7233  0.197299  -0.246213
-8.22289  3.61113  3.41406  3.4834  3.72918  0.197069  -0.245776
-8.08662  3.62761  3.42652  3.49586  3.74523  0.201087  -0.249371
-8.21687  3.61154  3.41334  3.48273  3.72962  0.198203  -0.246891
-8.21277  3.61209  3.41395  3.48329  3.73017  0.198141  -0.246881
-8.20422  3.61044  3.41316  3.48247  3.72856  0.197275  -0.246084
-8.17486  3.6149  3.41636  3.48566  3.73292  0.198537  -0.247268
-8.16113  3.61851  3.41944  3.48874  3.7364  0.19907  -0.247661
-8.22445  3.60728  3.41118  3.48052  3.72544  0.196095  -0.244923
-8.1817  3.61482  3.41735  3.48663  3.73279  0.197474  -0.246156
-8.1365  3.61188  3.41499  3.48433  3.7299  0.196891  -0.245575
-8.19756  3.60887  3.41127  3.48073  3.72698  0.197596  -0.246246
-8.12238  3.62188  3.42123  3.49063  3.73968  0.200648  -0.249046
-8.15157  3.61738  3.41898  3.48829  3.73528  0.198398  -0.246985
-8.18461  3.61106  3.41524  3.48455  3.72906  0.19582  -0.244511
-8.208  3.60833  3.41228  3.48164  3.72643  0.196053  -0.244795
-8.18284  3.61124  3.41515  3.48448  3.72923  0.196091  -0.244754
-8.22752  3.60997  3.41425  3.48357  3.72801  0.195718  -0.24444
-8.14731  3.61451  3.41643  3.48572  3.73252  0.198086  -0.246802
-8.2024  3.61329  3.41433  3.48369  3.73136  0.198965  -0.247668
-8.25485  3.60284  3.4067  3.47614  3.72113  0.196137  -0.24499
-8.20751  3.60692  3.41151  3.48084  3.72506  0.19541  -0.244213
-8.21758  3.6115  3.41613  3.48537  3.7295  0.195369  -0.244129
-8.22398  3.6077  3.41248  3.48176  3.72582  0.195212  -0.244055
-8.27892  3.59894  3.40484  3.47424  3.71728  0.194095  -0.243034
-8.2243  3.60478  3.40856  3.47797  3.723  0.196226  -0.245035
-8.25216  3.60638  3.41024  3.47959  3.72457  0.196142  -0.244978
-8.19017  3.61298  3.41634  3.48561  3.73097  0.196644  -0.245361
-8.13814  3.62311  3.42411  3.49334  3.74086  0.199002  -0.247518
-8.29493  3.59731  3.40168  3.47117  3.71577  0.195634  -0.2446
-8.19965  3.61171  3.41318  3.48252  3.72984  0.198528  -0.247322
-8.19238  3.60995  3.41207  3.48144  3.72809  0.197881  -0.246645
-8.18728  3.61616  3.41811  3.48742  3.73409  0.198052  -0.246664
-8.2069  3.60622  3.4097  3.47913  3.72439  0.196515  -0.245257
-8.16609  3.61776  3.41892  3.48827  3.73564  0.19884  -0.247377
-8.17958  3.60548  3.40997  3.4794  3.72362  0.195508  -0.244219
-8.30382  3.59943  3.40564  3.475  3.71775  0.193789  -0.242747
-8.29763  3.59592  3.40315  3.47252  3.71432  0.192767  -0.241796
-8.24142  3.60489  3.41063  3.47991  3.72307  0.194258  -0.243153
-8.34534  3.59476  3.40224  3.47153  3.71325  0.192521  -0.241721
-8.29996  3.59813  3.40495  3.47425  3.71651  0.193174  -0.242258
-8.30022  3.60079  3.40691  3.47625  3.71909  0.193879  -0.242842
-8.21396  3.61004  3.41364  3.48294  3.72813  0.196408  -0.245184
-8.17165  3.6158  3.41773  3.48702  3.73375  0.198072  -0.246726
-8.1962  3.60687  3.40976  3.47917  3.72507  0.19711  -0.245897
-8.18483  3.61442  3.41585  3.48514  3.73246  0.198574  -0.247322
-8.21062  3.6099  3.41071  3.48014  3.72808  0.199191  -0.247942
-8.30025  3.60205  3.40404  3.47349  3.72047  0.198005  -0.246977
-8.21729  3.60827  3.41176  3.48109  3.72642  0.196506  -0.245326
-8.20329  3.61078  3.41227  3.48169  3.7289  0.198517  -0.24721
-8.23184  3.60887  3.41185  3.48122  3.727  0.197015  -0.245784
-8.18662  3.61325  3.41619  3.48546  3.73126  0.197061  -0.245806
-8.23356  3.61112  3.41226  3.48166  3.72925  0.198859  -0.247591
-8.21614  3.60764  3.40996  3.47939  3.72582  0.197685  -0.246427
-8.15949  3.61636  3.41761  3.48695  3.7343  0.198756  -0.247351
-8.16206  3.61694  3.41831  3.48762  3.73488  0.19863  -0.247263
-8.19668  3.6121  3.41363  3.48302  3.73017  0.198474  -0.247152
-8.15457  3.6169  3.41888  3.48821  3.73479  0.198023  -0.246575
-8.1625  3.61553  3.41707  3.48644  3.73347  0.198461  -0.247036
-8.16105  3.61423  3.41792  3.48721  3.73215  0.196315  -0.244934
-8.12994  3.61612  3.42201  3.49127  3.73383  0.194101  -0.242561
-8.11505  3.62153  3.42508  3.49437  3.73914  0.196451  -0.244771
-8.10298  3.62306  3.42527  3.49462  3.74066  0.19779  -0.246042
-8.10009  3.61978  3.42241  3.49177  3.73749  0.197372  -0.245725
-8.12943  3.623  3.42562  3.49486  3.74064  0.197381  -0.245786
-8.17325  3.61589  3.41865  3.48802  3.73375  0.197242  -0.245729
-8.20266  3.61014  3.41337  3.48274  3.7282  0.196772  -0.245459
-8.15917  3.61485  3.41813  3.48737  3.7328  0.196719  -0.245427
-8.16421  3.61834  3.42284  3.49204  3.73609  0.195499  -0.244046
-8.08825  3.62855  3.43098  3.50014  3.74604  0.197576  -0.245895
-8.1085  3.61933  3.42297  3.49224  3.73705  0.196365  -0.244808
-8.17154  3.61347  3.41782  3.48712  3.73137  0.195654  -0.244246
-8.23904  3.60495  3.4097  3.47909  3.72312  0.195259  -0.244031
-8.2202  3.6062  3.40942  3.47885  3.72439  0.196786  -0.245539
-8.18885  3.60795  3.41147  3.48086  3.72607  0.196482  -0.245211
-8.18965  3.60878  3.41172  3.48111  3.7269  0.197056  -0.24579
-8.26438  3.60078  3.40501  3.47441  3.71915  0.195777  -0.244735
-8.27545  3.59993  3.40551  3.47492  3.71825  0.194427  -0.243327
-8.19683  3.6127  3.41552  3.48486  3.7307  0.197181  -0.245837
-8.19605  3.60983  3.41291  3.48228  3.72791  0.196919  -0.245627
-8.18981  3.6136  3.41634  3.48567  3.73158  0.197265  -0.24591
-8.21971  3.61189  3.41466  3.48401  3.72992  0.197224  -0.245905
-8.20523  3.61036  3.41343  3.48279  3.72843  0.196928  -0.245636
-8.23103  3.60823  3.40985  3.47927  3.72644  0.198383  -0.247172
-8.16102  3.62059  3.42021  3.48949  3.73849  0.200377  -0.248999
-8.21797  3.61029  3.40989  3.47935  3.72851  0.200405  -0.249164
-8.17978  3.61655  3.41539  3.4848  3.73459  0.201168  -0.249792
-8.25992  3.60487  3.40576  3.47522  3.72323  0.199105  -0.248011
-8.16077  3.61778  3.41752  3.4869  3.73574  0.200268  -0.248841
-8.09639  3.62423  3.42414  3.49343  3.74197  0.200088  -0.248538
-8.26346  3.60507  3.40942  3.47877  3.72329  0.195655  -0.244519
-8.23242  3.60469  3.40938  3.47873  3.7229  0.195307  -0.244166
-8.18522  3.6149  3.41714  3.48642  3.73288  0.197761  -0.246459
-8.17547  3.61846  3.42028  3.48952  3.73635  0.198181  -0.246835
-8.20203  3.61189  3.41372  3.48308  3.72997  0.198167  -0.246889
-8.10932  3.62555  3.4259  3.49514  3.74323  0.199652  -0.248089
-8.16144  3.6162  3.41811  3.48746  3.7341  0.198089  -0.246638
-8.16294  3.62117  3.42239  3.49169  3.73894  0.198776  -0.247258
-8.22631  3.6013  3.40569  3.47513  3.7196  0.195606  -0.24447
-8.22021  3.60635  3.41018  3.47954  3.72454  0.196174  -0.244999
-8.13147  3.61983  3.4223  3.49157  3.73759  0.197528  -0.246024
-8.19574  3.61242  3.41481  3.4841  3.73049  0.197616  -0.246388
-8.24455  3.60474  3.40796  3.47735  3.72302  0.196779  -0.245662
-8.19115  3.6127  3.41563  3.48492  3.73073  0.197069  -0.245804
-8.1837  3.61695  3.41775  3.48707  3.73491  0.199203  -0.247837
-8.19817  3.61014  3.41233  3.48172  3.72825  0.197812  -0.24653
-8.14347  3.61627  3.41794  3.48724  3.73422  0.198328  -0.246975
-8.1525  3.61562  3.4176  3.48695  3.73355  0.198023  -0.2466
-8.207  3.60722  3.41042  3.47988  3.72535  0.196805  -0.245474
-8.16627  3.61242  3.41547  3.48481  3.73041  0.196955  -0.245599
-8.20829  3.6137  3.41694  3.48625  3.73165  0.196757  -0.245405
-8.20677  3.60877  3.41399  3.48325  3.72683  0.194777  -0.243578
-8.21758  3.60594  3.41013  3.47952  3.7241  0.195801  -0.244574
-8.14833  3.6137  3.41824  3.48747  3.73162  0.195459  -0.244149
-8.23552  3.60128  3.40696  3.47631  3.71956  0.194319  -0.243252
-8.19284  3.60911  3.41263  3.48197  3.72721  0.196473  -0.245237
-8.22166  3.60932  3.41351  3.48279  3.72741  0.195808  -0.24462
-8.21446  3.60714  3.4098  3.47919  3.72534  0.197342  -0.24615
-8.22419  3.61308  3.41539  3.48469  3.73113  0.197692  -0.246442
-8.17326  3.62176  3.42229  3.4916  3.73955  0.199465  -0.247948
-8.12368  3.62023  3.42157  3.4909  3.73802  0.198663  -0.247114
-8.20813  3.60796  3.41122  3.48069  3.72605  0.196746  -0.245362
-8.12875  3.62009  3.42226  3.49156  3.73784  0.197831  -0.24628
-8.19573  3.60646  3.41145  3.48085  3.72454  0.195011  -0.243689
-8.2361  3.60334  3.40953  3.47887  3.72152  0.193811  -0.242652
-8.19113  3.61183  3.41679  3.48603  3.72979  0.195044  -0.243762
-8.2079  3.60923  3.41327  3.48258  3.72732  0.19596  -0.244734
-8.17357  3.61686  3.41908  3.48836  3.73476  0.197771  -0.2464
-8.33309  3.59236  3.39828  3.46773  3.71094  0.194071  -0.24321
-8.2866  3.59624  3.4031  3.47249  3.71464  0.19314  -0.242149
-8.21515  3.61165  3.41452  3.48384  3.72971  0.197128  -0.245871
-8.30527  3.59792  3.40271  3.47217  3.71634  0.195209  -0.244165
-8.22762  3.60161  3.40764  3.477  3.71987  0.193971  -0.242871
-8.14184  3.61911  3.42154  3.49081  3.73691  0.197573  -0.246098
-8.18853  3.6124  3.41509  3.48442  3.73043  0.197316  -0.246007
-8.19582  3.61538  3.41689  3.48625  3.73334  0.198488  -0.247092
-8.16909  3.61613  3.41662  3.48602  3.73409  0.199506  -0.248068
-8.15455  3.61448  3.41554  3.48493  3.73249  0.198939  -0.247563
-8.25244  3.59911  3.40419  3.47363  3.71747  0.194917  -0.243838
-8.16387  3.61499  3.41801  3.48728  3.73292  0.196978  -0.245647
-8.21546  3.61016  3.41302  3.48238  3.72825  0.197139  -0.245875
-8.23913  3.60993  3.41321  3.48249  3.72805  0.196717  -0.245558
-8.32545  3.59754  3.40213  3.47155  3.71602  0.195411  -0.244466
-8.21594  3.61269  3.41637  3.48565  3.73067  0.196318  -0.245015
-8.2581  3.60384  3.40876  3.47809  3.72209  0.195087  -0.243998
-8.18389  3.61384  3.41465  3.48399  3.73191  0.199185  -0.247919
-8.20814  3.60924  3.41055  3.47994  3.72744  0.198689  -0.247499
-8.15434  3.62205  3.42009  3.48946  3.73994  0.20196  -0.25048
-8.22687  3.60901  3.41078  3.48018  3.7272  0.19823  -0.247019
-8.1309  3.62189  3.42316  3.4924  3.73966  0.198733  -0.247267
-8.22571  3.60444  3.40856  3.47793  3.72268  0.195879  -0.244747
-8.17679  3.61092  3.41415  3.48353  3.72895  0.196766  -0.245422
-8.19739  3.6108  3.41391  3.48328  3.72885  0.196892  -0.245565
-8.16806  3.6081  3.41141  3.48081  3.72622  0.196689  -0.245414
-8.14802  3.6184  3.42154  3.49081  3.73619  0.19686  -0.245387
-8.12207  3.61925  3.42232  3.49164  3.73697  0.19693  -0.245331
-8.05713  3.63013  3.43188  3.50107  3.74757  0.198249  -0.246495
-8.08212  3.62817  3.42897  3.49824  3.7457  0.199192  -0.247452
-8.1322  3.62207  3.42352  3.49285  3.73978  0.19855  -0.246926
-8.14657  3.61563  3.41886  3.48819  3.73349  0.196763  -0.245293
-8.19174  3.60543  3.41137  3.48073  3.72353  0.194062  -0.242793
-8.17271  3.61884  3.42261  3.49186  3.73658  0.196239  -0.244725
-8.18556  3.61267  3.41667  3.48605  3.73057  0.196001  -0.24452
-8.10159  3.62181  3.42612  3.49535  3.73941  0.195685  -0.244061
-8.18564  3.61467  3.41934  3.48863  3.7325  0.195333  -0.243878
-8.13854  3.61667  3.42076  3.49004  3.73446  0.195907  -0.244421
-8.19863  3.61267  3.41744  3.48675  3.73057  0.19523  -0.243828
-8.14452  3.61523  3.41876  3.48809  3.73309  0.196474  -0.245003
-8.15867  3.61962  3.42411  3.49332  3.73731  0.195509  -0.24399
-8.19122  3.61586  3.42009  3.48937  3.73368  0.19577  -0.24431
-8.29244  3.59083  3.39946  3.46887  3.70933  0.191372  -0.240466
-8.16411  3.61193  3.4158  3.48511  3.72992  0.196137  -0.244808
-8.18063  3.61145  3.41478  3.48417  3.72943  0.196663  -0.24526
-8.24209  3.60595  3.4087  3.47811  3.7242  0.19725  -0.246091
-8.17668  3.61675  3.41821  3.48752  3.73468  0.198542  -0.247158
-8.21223  3.60972  3.41111  3.48052  3.72789  0.198612  -0.247373
-8.26455  3.60062  3.40548  3.47488  3.71896  0.195141  -0.244072
-8.31787  3.59837  3.40321  3.47263  3.71679  0.195154  -0.244161
-8.31606  3.59869  3.40398  3.47338  3.71709  0.194709  -0.243708
-8.24141  3.60784  3.41179  3.48113  3.72597  0.196042  -0.244846
-8.20427  3.60887  3.41237  3.48171  3.72698  0.196492  -0.245275
-8.28821  3.59871  3.40426  3.47365  3.7171  0.194446  -0.243449
-8.2182  3.60882  3.41137  3.48076  3.72697  0.197451  -0.246205
-8.23829  3.60657  3.40817  3.47761  3.72484  0.198397  -0.247232
-8.26188  3.60004  3.40243  3.47191  3.7185  0.197606  -0.246596
-8.25659  3.60659  3.40812  3.47751  3.72489  0.198469  -0.247385
-8.25397  3.60604  3.4071  3.47656  3.72435  0.198931  -0.247784
-8.1404  3.6232  3.42171  3.49101  3.74105  0.201487  -0.250045
-8.08085  3.624  3.42222  3.49159  3.7418  0.201781  -0.250206
-8.08642  3.63207  3.42808  3.49743  3.74969  0.203993  -0.252264
-8.21367  3.61093  3.41379  3.4831  3.72902  0.197143  -0.24592
-8.18014  3.61425  3.4182  3.48747  3.73216  0.196051  -0.244698
-8.16984  3.61851  3.42167  3.49093  3.73629  0.19684  -0.24536
-8.11712  3.6209  3.4231  3.49238  3.73864  0.197806  -0.246253
-8.17848  3.61536  3.4186  3.48786  3.73327  0.196752  -0.245414
-8.22461  3.60458  3.40955  3.47888  3.72278  0.195026  -0.243902
-8.25134  3.60528  3.40906  3.47845  3.72349  0.196219  -0.245038
-8.22777  3.60477  3.40957  3.47896  3.72295  0.195202  -0.24399
-8.22149  3.61272  3.41624  3.48554  3.7307  0.196474  -0.245159
-8.22222  3.60671  3.41208  3.48141  3.7248  0.194623  -0.243387
-8.31184  3.59959  3.40746  3.47675  3.71786  0.192134  -0.241105
-8.15858  3.61824  3.42361  3.49273  3.73599  0.194627  -0.243258
-8.26528  3.60347  3.41042  3.4797  3.72163  0.193047  -0.241925
-8.14761  3.61983  3.42367  3.49284  3.73758  0.196163  -0.244742
-8.10856  3.62184  3.42293  3.49226  3.73957  0.198907  -0.247313
-8.23334  3.60487  3.40836  3.47774  3.72313  0.196512  -0.245388
-8.23798  3.60947  3.41163  3.481  3.72763  0.197843  -0.246634
-8.29685  3.60013  3.40503  3.4744  3.71851  0.195107  -0.244103
-8.25469  3.60328  3.40722  3.4766  3.72157  0.196055  -0.244969
-8.27543  3.59953  3.4045  3.47383  3.71796  0.19503  -0.244123
-8.32431  3.59562  3.40166  3.471  3.71413  0.193958  -0.243132
-8.28454  3.6062  3.40958  3.47888  3.72446  0.196618  -0.245583
-8.21268  3.608  3.41077  3.48011  3.7262  0.197227  -0.246088
-8.3157  3.59747  3.40093  3.4704  3.71598  0.196539  -0.245576
-8.30475  3.59805  3.40123  3.47068  3.71657  0.19682  -0.245885
-8.2473  3.60164  3.40436  3.47377  3.72006  0.197276  -0.24629
-8.24943  3.6093  3.41053  3.47983  3.72757  0.198768  -0.247744
-8.26803  3.60541  3.40873  3.47805  3.72369  0.196676  -0.245635
-8.28229  3.59803  3.40267  3.47209  3.71647  0.195355  -0.244381
-8.25761  3.60586  3.40976  3.4791  3.72408  0.196105  -0.244979
-8.24815  3.60109  3.40535  3.47477  3.71943  0.195744  -0.244663
-8.20987  3.60728  3.41094  3.48033  3.72542  0.196343  -0.245093
-8.25229  3.59554  3.40177  3.4712  3.71398  0.193765  -0.24279
-8.16296  3.61964  3.42213  3.49137  3.73744  0.197509  -0.246071
-8.1984  3.61155  3.41579  3.48509  3.72953  0.195761  -0.244441
-8.16235  3.61291  3.41527  3.48465  3.7309  0.197636  -0.246252
-8.19029  3.61321  3.41737  3.48662  3.73116  0.195842  -0.24454
-8.23309  3.60733  3.412  3.48135  3.72544  0.195332  -0.244087
-8.19575  3.61543  3.41811  3.48737  3.73338  0.197325  -0.246012
-8.2701  3.60142  3.40602  3.47537  3.71977  0.195409  -0.244406
-8.30312  3.59744  3.40294  3.47234  3.71588  0.19451  -0.243539
-8.34018  3.59457  3.40038  3.46976  3.71311  0.194188  -0.24335
-8.31649  3.5979  3.40173  3.47113  3.71642  0.196173  -0.245287
-8.25831  3.60217  3.40566  3.47501  3.72056  0.196505  -0.245548
-8.25638  3.60885  3.41138  3.48066  3.72707  0.197477  -0.246413
-8.39334  3.591  3.39612  3.46551  3.70973  0.194877  -0.244221
-8.37167  3.58218  3.38913  3.45859  3.70112  0.193055  -0.242535
-8.19551  3.61884  3.41822  3.48759  3.73678  0.200614  -0.249195
-8.20379  3.60982  3.41235  3.4817  3.72795  0.197471  -0.246243
-8.31517  3.59738  3.40178  3.4712  3.71586  0.1956  -0.244657
-8.24095  3.60669  3.4097  3.47905  3.72492  0.196991  -0.245866
-8.22403  3.61006  3.41196  3.48136  3.72819  0.198102  -0.24683
-8.16903  3.61639  3.41721  3.48655  3.73436  0.199179  -0.247807
-8.23878  3.60587  3.40738  3.47683  3.72416  0.198487  -0.247338
-8.24437  3.60384  3.40629  3.47572  3.72218  0.197547  -0.246457
-8.17281  3.61066  3.41098  3.48043  3.72883  0.199673  -0.248402
-8.22115  3.60846  3.41004  3.47943  3.72668  0.198428  -0.247247
-8.23656  3.60845  3.41089  3.48026  3.72662  0.197556  -0.24636
-8.20242  3.61034  3.41125  3.48069  3.72849  0.199094  -0.247799
-8.28114  3.60217  3.40539  3.47481  3.72054  0.196784  -0.245734
-8.20278  3.61292  3.41442  3.48376  3.73098  0.1985  -0.247222
-8.23885  3.60403  3.4069  3.47624  3.72239  0.197138  -0.246148
-8.33469  3.59328  3.39916  3.46853  3.71188  0.194121  -0.243358
-8.32136  3.59548  3.39949  3.46892  3.71407  0.195985  -0.245147
-8.12623  3.62161  3.4212  3.49047  3.73948  0.200414  -0.249017
-8.25269  3.60698  3.40993  3.47927  3.72521  0.197058  -0.245935
-8.38717  3.58686  3.39358  3.46307  3.7056  0.193289  -0.242526
-8.32032  3.59612  3.401  3.47036  3.71467  0.195112  -0.244312
-8.28527  3.60412  3.40631  3.47569  3.7225  0.19781  -0.246805
-8.24657  3.60684  3.40876  3.47814  3.72511  0.198071  -0.246978
-8.1641  3.62027  3.4204  3.48962  3.7382  0.199876  -0.248581
-8.29459  3.60377  3.40703  3.47643  3.72207  0.196739  -0.24564
-8.26916  3.60464  3.40768  3.47709  3.72291  0.196958  -0.245828
-8.24909  3.60764  3.41129  3.48056  3.72584  0.196344  -0.245277
-8.15266  3.61368  3.41539  3.48469  3.73174  0.19829  -0.247045
-8.2462  3.6052  3.40824  3.47761  3.72348  0.19696  -0.245872
-8.25916  3.60185  3.40419  3.47369  3.72023  0.197668  -0.246546
-8.19518  3.60944  3.412  3.48136  3.72758  0.197439  -0.246225
-8.1769  3.61695  3.41697  3.48635  3.73492  0.199973  -0.248578
-8.235  3.60367  3.40476  3.47428  3.72204  0.198913  -0.247754
-8.2094  3.60654  3.40782  3.4773  3.7248  0.198713  -0.247501
-8.21732  3.60988  3.41199  3.48134  3.72804  0.197892  -0.246696
-8.19707  3.61827  3.41777  3.48708  3.73626  0.200502  -0.249182
-8.20058  3.61129  3.41331  3.48267  3.72939  0.197982  -0.246714
-8.24755  3.6049  3.40872  3.47806  3.72316  0.196177  -0.245105
-8.32871  3.59805  3.40379  3.47314  3.71647  0.194257  -0.243334
-8.26817  3.60342  3.40777  3.4771  3.72172  0.195644  -0.244614
-8.26306  3.60102  3.40608  3.47543  3.71936  0.194933  -0.243923
-8.24042  3.61081  3.41258  3.48192  3.72896  0.198234  -0.247041
-8.25765  3.60252  3.4053  3.47469  3.72091  0.197223  -0.246213
-8.31118  3.59964  3.40284  3.47221  3.71814  0.196802  -0.245926
-8.3399  3.59613  3.39991  3.46933  3.71472  0.196218  -0.245388
-8.22056  3.6096  3.41065  3.48  3.72783  0.198951  -0.247821
-8.27288  3.60654  3.40812  3.47752  3.72484  0.198417  -0.247323
-8.24087  3.60508  3.40771  3.47709  3.72338  0.197372  -0.246293
-8.21313  3.61273  3.41374  3.48313  3.73081  0.19899  -0.247679
-8.14206  3.61975  3.4186  3.48798  3.73768  0.201152  -0.249703
-8.20575  3.61319  3.41334  3.48274  3.7313  0.199852  -0.248566
-8.24257  3.61002  3.41159  3.48101  3.72816  0.198423  -0.247154
-8.2049  3.60934  3.41183  3.48121  3.72747  0.197513  -0.246265
-8.24446  3.60425  3.41048  3.47971  3.72245  0.193761  -0.242742
-8.24657  3.6039  3.40804  3.47739  3.72218  0.195857  -0.244795
-8.24096  3.60744  3.41136  3.48064  3.72562  0.196079  -0.244984
-8.1976  3.61222  3.41339  3.48274  3.73034  0.198832  -0.247604
-8.13057  3.62084  3.42081  3.49013  3.73869  0.200024  -0.248559
-8.35182  3.59767  3.40189  3.47129  3.71617  0.19578  -0.244886
-8.39075  3.5899  3.39726  3.46665  3.70854  0.192643  -0.241892
-8.33478  3.59316  3.39904  3.46845  3.71174  0.194124  -0.243295
-8.31667  3.59861  3.40315  3.47255  3.71706  0.195464  -0.244508
-8.25142  3.60238  3.40582  3.4752  3.72075  0.196568  -0.245546
-8.20251  3.61029  3.41304  3.48238  3.7284  0.197252  -0.246015
-8.14841  3.61319  3.41502  3.48444  3.73118  0.198169  -0.246741
-8.08878  3.63155  3.43047  3.4997  3.74908  0.201085  -0.249375
-8.1181  3.62457  3.42623  3.49539  3.74226  0.198339  -0.246865
-8.11864  3.62468  3.42322  3.49253  3.74247  0.201453  -0.249943
-8.17549  3.61379  3.41557  3.48497  3.73178  0.19822  -0.246809
-8.20932  3.61192  3.41425  3.48363  3.72995  0.197672  -0.24632
-8.16762  3.61748  3.41844  3.48776  3.73542  0.199041  -0.24766
-8.14838  3.62076  3.42133  3.49064  3.73858  0.199434  -0.247933
-8.1491  3.61822  3.42157  3.49088  3.73598  0.196646  -0.245101
-8.17777  3.61274  3.41739  3.48672  3.73062  0.19535  -0.243907
-8.24539  3.60552  3.41115  3.48049  3.72364  0.194374  -0.243159
-8.2517  3.6043  3.41127  3.48056  3.72243  0.193032  -0.241862
-8.19828  3.61022  3.41597  3.48522  3.7282  0.194256  -0.242978
-8.23671  3.60518  3.40947  3.47885  3.72337  0.195706  -0.24452
-8.28927  3.5999  3.40298  3.47243  3.71835  0.196923  -0.24592
-8.31777  3.59196  3.39816  3.46758  3.71056  0.193796  -0.242975
-8.22287  3.60954  3.41345  3.48274  3.72763  0.196081  -0.244897
-8.24312  3.60701  3.41183  3.48113  3.72514  0.195181  -0.244014
-8.22426  3.60424  3.40844  3.47784  3.72246  0.195798  -0.244625
-8.29308  3.60126  3.40499  3.47447  3.71959  0.196265  -0.245119
-8.30827  3.5989  3.40304  3.47249  3.71732  0.195856  -0.244825
-8.24557  3.60674  3.40913  3.47853  3.72498  0.197615  -0.246459
-8.29799  3.59336  3.39794  3.46742  3.71197  0.195427  -0.244552
-8.16159  3.61116  3.41389  3.4833  3.72919  0.197273  -0.245892
-8.21543  3.60688  3.41089  3.48033  3.72498  0.19598  -0.244651
-8.07474  3.62616  3.42646  3.49579  3.74377  0.199699  -0.247983
-8.15986  3.61278  3.41647  3.48584  3.73071  0.19631  -0.24487
-8.11158  3.62131  3.42192  3.49131  3.73906  0.199387  -0.247746
-8.21538  3.6052  3.40901  3.47844  3.7234  0.196191  -0.244961
-8.2752  3.60342  3.40754  3.47689  3.72172  0.19588  -0.244832
-8.25261  3.60687  3.41178  3.48109  3.72501  0.195095  -0.243922
-8.19106  3.61238  3.4152  3.48454  3.73039  0.197179  -0.245845
-8.20558  3.61473  3.41705  3.4863  3.73273  0.197689  -0.246434
-8.25386  3.60999  3.41294  3.48224  3.72811  0.197045  -0.245874
-8.22568  3.60984  3.412  3.48138  3.72798  0.197844  -0.246602
-8.17634  3.61204  3.41395  3.48333  3.7301  0.19809  -0.246761
-8.1989  3.60977  3.41299  3.48235  3.72785  0.196778  -0.245494
-8.21818  3.60496  3.40798  3.47742  3.72321  0.196978  -0.24579
-8.21303  3.60985  3.41333  3.48266  3.72793  0.196516  -0.245275
-8.2268  3.60746  3.41106  3.48041  3.72563  0.196399  -0.245219
-8.15041  3.61479  3.41616  3.48551  3.73278  0.198625  -0.247265
-8.1096  3.62727  3.42773  3.49691  3.74491  0.199544  -0.248002
-8.24398  3.60394  3.40882  3.47817  3.72217  0.195111  -0.244002
-8.19503  3.60876  3.41258  3.48194  3.72684  0.196176  -0.244902
-8.27537  3.60386  3.40783  3.47716  3.72217  0.196036  -0.245009
-8.15963  3.61709  3.41835  3.48769  3.735  0.198739  -0.247312
-8.25312  3.60733  3.40993  3.47934  3.72552  0.197392  -0.246184
-8.22703  3.61005  3.41081  3.48023  3.72823  0.19924  -0.247998
-8.18351  3.61956  3.41925  3.48853  3.73751  0.200316  -0.248975
-8.27237  3.60881  3.41058  3.4799  3.72705  0.198221  -0.247145
-8.26582  3.60044  3.40355  3.47297  3.71888  0.19689  -0.24591
-8.21655  3.61114  3.41343  3.48275  3.72925  0.197712  -0.246505
-8.26972  3.60821  3.41109  3.48037  3.72643  0.197121  -0.246059
-8.3064  3.60285  3.40666  3.47597  3.72122  0.196196  -0.245247
-8.23862  3.60712  3.40984  3.47921  3.72534  0.197281  -0.246139
-8.20206  3.60984  3.41225  3.48163  3.72797  0.197593  -0.246341
-8.13809  3.62102  3.42115  3.49049  3.73885  0.199873  -0.248357
-8.19702  3.61684  3.41839  3.48772  3.73476  0.198449  -0.247041
-8.22444  3.60691  3.41114  3.48046  3.72507  0.195765  -0.244611
-8.27853  3.6022  3.40791  3.47725  3.72046  0.194291  -0.243216
-8.26443  3.59893  3.40384  3.47323  3.71735  0.195094  -0.244116
-8.34621  3.58705  3.39463  3.46406  3.70577  0.192415  -0.241705
-8.18424  3.61635  3.42061  3.48984  3.73418  0.195734  -0.244339
-8.12632  3.61435  3.41989  3.48912  3.73218  0.194464  -0.243056
-8.13714  3.61993  3.42337  3.49256  3.73769  0.196555  -0.245123
-8.20721  3.60978  3.41455  3.48385  3.72781  0.195236  -0.243961
-8.26941  3.60044  3.40582  3.47525  3.71873  0.194617  -0.243483
-8.23483  3.6049  3.4085  3.47792  3.72313  0.1964  -0.245207
-8.19183  3.60758  3.41139  3.4808  3.72569  0.196194  -0.244883
-8.24159  3.6056  3.41162  3.48088  3.72375  0.193986  -0.242874
-8.11152  3.62251  3.42627  3.4954  3.74018  0.196236  -0.244785
-8.17105  3.61287  3.416  3.48532  3.73086  0.196877  -0.245542
-8.06918  3.62685  3.42607  3.49537  3.74451  0.200777  -0.249145
-8.1505  3.6194  3.41876  3.48812  3.73732  0.200639  -0.249206
-8.17238  3.61486  3.41658  3.48591  3.73284  0.198279  -0.24693
-8.25156  3.60075  3.40477  3.47422  3.7191  0.195976  -0.244883
-8.18186  3.61224  3.4144  3.48372  3.73031  0.197842  -0.246594
-8.24137  3.60704  3.40862  3.47802  3.72531  0.198428  -0.247289
-8.08877  3.62486  3.42615  3.49537  3.74253  0.198708  -0.247157
-8.04212  3.63118  3.4303  3.49954  3.74871  0.200875  -0.249167
-8.01063  3.63104  3.43069  3.49999  3.7485  0.200352  -0.248509
-8.06066  3.62669  3.42828  3.49756  3.74423  0.198413  -0.246663
-8.23551  3.60782  3.41261  3.482  3.72587  0.195201  -0.243868
-8.18666  3.61144  3.41501  3.4844  3.72941  0.19643  -0.245014
-8.10524  3.62441  3.42619  3.49542  3.74206  0.198219  -0.246639
-8.15881  3.61916  3.42332  3.49253  3.73689  0.195837  -0.244353
-8.20823  3.60758  3.41268  3.48199  3.72567  0.194898  -0.243677
-8.24441  3.60171  3.40685  3.47625  3.71998  0.194856  -0.243734
-8.27517  3.60152  3.40648  3.47581  3.71986  0.195041  -0.244051
-8.33672  3.59542  3.39958  3.46903  3.71399  0.195842  -0.24496
-8.29674  3.59567  3.39912  3.46855  3.71428  0.196553  -0.245725
-8.20637  3.61253  3.41299  3.48235  3.73067  0.199534  -0.248325
-8.27072  3.60092  3.40217  3.47165  3.71942  0.198748  -0.24778
-8.297  3.60453  3.40429  3.47372  3.72301  0.200236  -0.24929
-8.2963  3.60537  3.40539  3.47479  3.72381  0.199976  -0.249024
-8.22423  3.60749  3.40782  3.47724  3.72581  0.199669  -0.248573
-8.27191  3.60194  3.40306  3.47256  3.7204  0.198881  -0.247837
-8.28785  3.598  3.40054  3.47007  3.7165  0.197458  -0.246428
-8.25953  3.60796  3.40989  3.47925  3.7262  0.198071  -0.246948
-8.1821  3.61583  3.4175  3.48678  3.73381  0.198329  -0.247027
-8.22458  3.61009  3.41201  3.48136  3.72825  0.198077  -0.246883
-8.23111  3.60804  3.41084  3.48021  3.72622  0.197194  -0.246012
-8.21827  3.61091  3.41393  3.48327  3.72898  0.19698  -0.2457
-8.21976  3.60376  3.40824  3.47769  3.72196  0.195524  -0.244269
-8.16181  3.6077  3.41121  3.48065  3.7258  0.19649  -0.245143
-8.17692  3.61391  3.41634  3.48566  3.73189  0.197572  -0.24624
-8.17488  3.61723  3.421  3.49016  3.73509  0.196228  -0.244924
-8.20557  3.61145  3.41507  3.48437  3.72948  0.196383  -0.24511
-8.23336  3.60356  3.40896  3.47832  3.72177  0.194594  -0.243443
-8.2567  3.60589  3.41049  3.47987  3.72404  0.195396  -0.24417
-8.18397  3.61032  3.41346  3.48287  3.72836  0.196859  -0.245486
-8.21869  3.60995  3.41338  3.48271  3.72804  0.196571  -0.245328
-8.22795  3.60647  3.40924  3.47859  3.72472  0.19723  -0.24613
-8.31759  3.59844  3.4035  3.47284  3.7169  0.194936  -0.244062
-8.36559  3.59292  3.39757  3.46698  3.71159  0.195348  -0.244608
-8.32989  3.59727  3.40217  3.47156  3.71576  0.195102  -0.244202
-8.22558  3.60713  3.41067  3.47998  3.72533  0.196461  -0.245351
-8.30443  3.59744  3.40109  3.4705  3.71598  0.196357  -0.24548
-8.27985  3.59832  3.40217  3.47159  3.7168  0.196148  -0.245212
-8.1836  3.61248  3.41316  3.48256  3.73058  0.199321  -0.248022
-8.20865  3.61232  3.41237  3.48181  3.73044  0.199958  -0.24863
-8.23668  3.60889  3.40981  3.47919  3.72715  0.19908  -0.247959
-8.20198  3.61216  3.41267  3.48204  3.7303  0.199486  -0.248265
-8.24481  3.61085  3.41145  3.48086  3.72902  0.199397  -0.248169
-8.22174  3.61208  3.41227  3.48167  3.73023  0.19981  -0.248556
-8.26365  3.60598  3.40901  3.47838  3.72422  0.196963  -0.245845
-8.27863  3.60026  3.40461  3.47403  3.71864  0.19565  -0.244609
-8.23706  3.60335  3.40865  3.478  3.72157  0.1947  -0.243568
-8.24581  3.60291  3.41052  3.47973  3.7211  0.192385  -0.241375
-8.18685  3.61098  3.41651  3.48578  3.72893  0.194465  -0.24315
-8.37231  3.58938  3.39735  3.46677  3.70798  0.192033  -0.241203
-8.38782  3.58088  3.38993  3.45941  3.69973  0.190946  -0.240321
-8.32122  3.59612  3.40257  3.47187  3.71461  0.193555  -0.242741
