-7.67806  5.68027  5.47844  5.5281  5.75291  0.20183  -0.224812
-7.62466  5.67959  5.47518  5.52489  5.75235  0.204412  -0.227456
-7.67543  5.68126  5.47801  5.52767  5.75395  0.203246  -0.226285
-7.6577  5.68035  5.47752  5.52719  5.75303  0.202828  -0.225839
-7.64735  5.68313  5.48187  5.53151  5.75571  0.20126  -0.224201
-7.68783  5.67102  5.47218  5.52187  5.74364  0.198838  -0.221773
-7.6734  5.67726  5.47891  5.52854  5.74978  0.198347  -0.221247
-7.65467  5.6715  5.47028  5.52001  5.74421  0.201213  -0.2242
-7.73243  5.68002  5.47759  5.52722  5.75271  0.202428  -0.22549
-7.69426  5.67651  5.4746  5.52427  5.74921  0.201915  -0.224931
-7.64341  5.68392  5.47853  5.52823  5.75667  0.205397  -0.228442
-7.69358  5.67691  5.47255  5.52225  5.74971  0.204359  -0.227459
-7.7034  5.67457  5.47142  5.52112  5.74734  0.203144  -0.226222
-7.73243  5.66898  5.46984  5.51952  5.74165  0.199132  -0.222131
-7.7816  5.66034  5.46032  5.51007  5.73315  0.200015  -0.223078
-7.70961  5.67909  5.47128  5.52098  5.75204  0.20781  -0.231053
-7.73869  5.67564  5.47113  5.52082  5.74847  0.204506  -0.227654
-7.73478  5.67313  5.46835  5.51805  5.74601  0.204784  -0.227959
-7.74741  5.66432  5.46259  5.51233  5.73716  0.201729  -0.224837
-7.71282  5.6817  5.47358  5.52327  5.75462  0.208112  -0.231352
-7.78649  5.66866  5.46237  5.51211  5.74166  0.206282  -0.229548
-7.6999  5.68093  5.47304  5.52275  5.75384  0.207894  -0.231093
-7.6712  5.67245  5.4671  5.51686  5.74534  0.205345  -0.228485
-7.67593  5.67406  5.46837  5.51814  5.74695  0.205693  -0.22881
-7.65578  5.67489  5.46802  5.51778  5.74782  0.206871  -0.230038
-7.69833  5.67337  5.46862  5.51837  5.74622  0.204747  -0.227854
-7.67586  5.67337  5.4678  5.51759  5.74625  0.205562  -0.228659
-7.66735  5.69039  5.48341  5.53306  5.76314  0.206981  -0.230073
-7.65471  5.68467  5.47699  5.5267  5.75752  0.207689  -0.230815
-7.66136  5.67786  5.47107  5.52083  5.75074  0.206789  -0.229907
-7.69823  5.67896  5.47368  5.52341  5.75176  0.205278  -0.228355
-7.69955  5.67687  5.47013  5.51985  5.74978  0.206747  -0.229937
-7.70106  5.67642  5.46785  5.51761  5.74942  0.208578  -0.231803
-7.6967  5.68423  5.47303  5.52277  5.75724  0.211206  -0.234468
-7.67627  5.67635  5.46752  5.5173  5.74935  0.208827  -0.232048
-7.63585  5.68525  5.47697  5.52668  5.75812  0.208281  -0.23144
-7.64951  5.68292  5.4784  5.5281  5.75564  0.204524  -0.227542
-7.62  5.67529  5.47118  5.52093  5.74808  0.204113  -0.227153
-7.65079  5.68176  5.47485  5.52459  5.7546  0.206909  -0.230015
-7.68314  5.67881  5.4758  5.5255  5.75151  0.203011  -0.22601
-7.66524  5.68009  5.477  5.5267  5.75277  0.203089  -0.22608
-7.6314  5.67906  5.47534  5.52506  5.75179  0.203726  -0.226727
-7.69363  5.6786  5.47765  5.52731  5.75122  0.200946  -0.22391
-7.63872  5.68276  5.48  5.52967  5.7554  0.202757  -0.225739
-7.71043  5.67737  5.47728  5.52694  5.74997  0.200084  -0.223024
-7.69405  5.67457  5.47609  5.52574  5.74713  0.198481  -0.221396
-7.69313  5.67416  5.47505  5.52471  5.74675  0.19911  -0.222045
-7.63237  5.68185  5.4781  5.52779  5.75455  0.203748  -0.226759
-7.64573  5.68864  5.48131  5.53098  5.76142  0.207331  -0.230447
-7.67582  5.67334  5.47061  5.52035  5.74609  0.202723  -0.225739
-7.64038  5.68509  5.48159  5.53127  5.75774  0.2035  -0.226468
-7.63977  5.68088  5.47757  5.52729  5.75357  0.203312  -0.22628
-7.6933  5.67968  5.47723  5.52693  5.75234  0.202444  -0.225418
-7.63898  5.68326  5.47898  5.52868  5.75596  0.204282  -0.227286
-7.65357  5.6726  5.46926  5.51901  5.7454  0.203349  -0.226385
-7.62519  5.68081  5.4767  5.52643  5.75353  0.20412  -0.2271
-7.67539  5.68198  5.47795  5.52762  5.7547  0.204025  -0.227084
-7.68991  5.68313  5.4786  5.52826  5.75586  0.204532  -0.227601
-7.65183  5.67661  5.47235  5.52207  5.7494  0.204268  -0.227332
-7.65503  5.68273  5.47745  5.52714  5.7555  0.205283  -0.228364
-7.64856  5.67685  5.47505  5.52473  5.74953  0.201804  -0.224806
-7.66007  5.67609  5.47364  5.52334  5.74881  0.202456  -0.225468
-7.65185  5.67759  5.47494  5.52463  5.75029  0.20265  -0.225662
-7.66926  5.68587  5.48154  5.53118  5.75856  0.20433  -0.227383
-7.663  5.672  5.46868  5.51842  5.7448  0.20332  -0.226373
-7.70413  5.67203  5.4717  5.52139  5.7447  0.200331  -0.223311
-7.68657  5.67589  5.47392  5.52361  5.74859  0.201974  -0.22498
-7.6827  5.67359  5.4716  5.52129  5.74633  0.201991  -0.225039
-7.70731  5.68216  5.47906  5.5287  5.75484  0.203098  -0.22614
-7.6545  5.67874  5.4755  5.5252  5.75145  0.203242  -0.226255
-7.72198  5.67674  5.47632  5.52596  5.74937  0.20042  -0.223405
-7.65844  5.6866  5.48158  5.53123  5.75931  0.205017  -0.22808
-7.68641  5.67318  5.47124  5.52095  5.74591  0.201932  -0.22495
-7.68448  5.68299  5.47839  5.52806  5.75572  0.204601  -0.227669
-7.668  5.68851  5.47988  5.52955  5.76136  0.208632  -0.231811
-7.67609  5.6762  5.47411  5.52381  5.7489  0.202095  -0.225099
-7.70779  5.67687  5.47468  5.52436  5.74957  0.202189  -0.225216
-7.70186  5.67016  5.46876  5.51847  5.74291  0.201392  -0.224439
-7.70262  5.67687  5.47532  5.52496  5.74955  0.201548  -0.224597
-7.6969  5.67872  5.47527  5.52493  5.75147  0.203451  -0.226541
-7.6996  5.67316  5.47094  5.52065  5.7459  0.202216  -0.225256
-7.69309  5.67815  5.47353  5.52322  5.75095  0.204616  -0.227726
-7.72574  5.68139  5.47722  5.52687  5.75414  0.204171  -0.227263
-7.6776  5.67503  5.47233  5.52204  5.74777  0.202692  -0.225734
-7.7046  5.68047  5.47975  5.52936  5.75307  0.200726  -0.223712
-7.65224  5.67251  5.47348  5.52317  5.74511  0.199035  -0.221942
-7.66974  5.67413  5.47279  5.52253  5.7468  0.201334  -0.224266
-7.66872  5.67145  5.46948  5.51921  5.7442  0.201973  -0.224989
-7.68414  5.6712  5.46889  5.51861  5.74397  0.20231  -0.225359
-7.69419  5.67896  5.47635  5.52602  5.75166  0.202611  -0.225639
-7.7699  5.67027  5.47042  5.52007  5.74297  0.199854  -0.222899
-7.70522  5.67599  5.47794  5.52755  5.74853  0.198056  -0.220984
-7.72848  5.67312  5.47294  5.52261  5.74578  0.200172  -0.223172
-7.71525  5.66972  5.47061  5.52029  5.74237  0.199107  -0.222087
-7.76557  5.6665  5.46802  5.51768  5.73918  0.19848  -0.221502
-7.703  5.68062  5.47726  5.52689  5.75335  0.203366  -0.226458
-7.70554  5.67962  5.47697  5.5266  5.75232  0.202646  -0.22572
-7.71338  5.67701  5.47466  5.52431  5.74973  0.202354  -0.225412
-7.73396  5.68338  5.47886  5.5285  5.75612  0.204526  -0.227614
-7.70981  5.67542  5.47209  5.52177  5.7482  0.20333  -0.226425
-7.7335  5.66652  5.46739  5.51709  5.73921  0.199126  -0.22212
-7.69547  5.6738  5.47258  5.52225  5.7465  0.201217  -0.224254
-7.74859  5.66289  5.46125  5.511  5.73574  0.201632  -0.224746
-7.65698  5.67618  5.47553  5.5252  5.74882  0.200649  -0.223624
-7.66068  5.67748  5.47968  5.5293  5.74997  0.1978  -0.220673
-7.62438  5.67133  5.47003  5.51978  5.74404  0.201296  -0.224258
-7.64902  5.67631  5.47522  5.52494  5.74894  0.201086  -0.224001
-7.66669  5.67797  5.47665  5.52636  5.7506  0.201323  -0.224245
-7.64904  5.67409  5.47663  5.52629  5.7466  0.197464  -0.22032
-7.64777  5.67987  5.48179  5.53143  5.75234  0.198083  -0.220917
-7.67528  5.67918  5.48082  5.53044  5.75167  0.19836  -0.221232
-7.70338  5.67247  5.47484  5.52448  5.74502  0.197631  -0.220535
-7.73476  5.66762  5.47068  5.52034  5.7402  0.196936  -0.219854
-7.64381  5.68901  5.48927  5.53881  5.76146  0.199744  -0.222645
-7.6841  5.67685  5.47883  5.52845  5.74937  0.198022  -0.220917
-7.65353  5.68669  5.48483  5.53444  5.75926  0.20186  -0.22482
-7.69595  5.67629  5.47581  5.52546  5.74892  0.200484  -0.22346
-7.70147  5.67779  5.47729  5.52693  5.75041  0.200501  -0.223476
-7.64684  5.67876  5.47483  5.52454  5.7515  0.203926  -0.226959
-7.67048  5.67502  5.47282  5.52252  5.74774  0.202195  -0.225223
-7.6589  5.68032  5.47591  5.52561  5.75307  0.204409  -0.227465
-7.69716  5.67705  5.4772  5.52683  5.74965  0.199847  -0.222824
-7.74126  5.66623  5.4685  5.5182  5.73885  0.197727  -0.220658
-7.70972  5.67709  5.47664  5.52628  5.74971  0.200442  -0.223434
-7.7233  5.67918  5.48017  5.52978  5.75171  0.199009  -0.221932
-7.73865  5.67438  5.47605  5.52566  5.74696  0.198325  -0.221299
-7.72249  5.67375  5.47394  5.52358  5.74639  0.199811  -0.222804
-7.71152  5.67955  5.47746  5.5271  5.75222  0.202091  -0.225124
-7.72065  5.66806  5.46785  5.51753  5.7408  0.200214  -0.22327
-7.66683  5.67462  5.47577  5.52544  5.74719  0.198853  -0.22175
-7.67732  5.66915  5.46948  5.51921  5.74182  0.199669  -0.222611
-7.67496  5.67375  5.47455  5.52424  5.74635  0.199204  -0.222106
-7.65581  5.68425  5.48355  5.53318  5.75678  0.200703  -0.223604
-7.62431  5.68338  5.48142  5.53105  5.75599  0.201957  -0.224933
-7.65395  5.67987  5.47714  5.52685  5.75254  0.202731  -0.225682
-7.67407  5.68039  5.47671  5.5264  5.7531  0.203682  -0.226703
-7.63914  5.68622  5.47964  5.52931  5.759  0.206575  -0.229695
-7.68984  5.68684  5.48293  5.53253  5.75951  0.203911  -0.226974
-7.66967  5.67433  5.47148  5.5212  5.74709  0.20285  -0.225885
-7.66476  5.6761  5.4728  5.52249  5.74886  0.203307  -0.226369
-7.6637  5.68071  5.47893  5.52857  5.75335  0.20178  -0.224782
-7.74394  5.67328  5.47237  5.52202  5.74598  0.200913  -0.223962
-7.69183  5.67833  5.47735  5.52697  5.75098  0.200984  -0.224004
-7.69787  5.67873  5.47598  5.52563  5.75144  0.202756  -0.225811
-7.69862  5.68019  5.47436  5.52404  5.75302  0.205833  -0.22898
-7.71416  5.67171  5.46469  5.51446  5.7447  0.207017  -0.230242
-7.72536  5.6781  5.47297  5.52264  5.75093  0.205132  -0.228292
-7.70018  5.67708  5.47316  5.52284  5.74987  0.203921  -0.227023
-7.68757  5.67754  5.47431  5.52402  5.75027  0.203224  -0.226257
-7.66376  5.68075  5.47881  5.52847  5.75339  0.20194  -0.224914
-7.68266  5.67588  5.47629  5.52596  5.74847  0.199596  -0.222516
-7.63764  5.67814  5.47536  5.52506  5.75084  0.202776  -0.225783
-7.71407  5.67248  5.47146  5.52114  5.74518  0.201014  -0.224041
-7.70894  5.68272  5.4783  5.52794  5.75546  0.204423  -0.22752
-7.70957  5.67371  5.47273  5.52241  5.7464  0.200979  -0.223993
-7.68145  5.68246  5.48222  5.53183  5.75501  0.200247  -0.223182
-7.64548  5.68016  5.4798  5.52946  5.75273  0.200365  -0.223267
-7.61756  5.6779  5.47958  5.52924  5.7504  0.198319  -0.221155
-7.64923  5.67586  5.47828  5.52794  5.74836  0.197587  -0.22042
-7.67599  5.67778  5.47921  5.52884  5.7503  0.198562  -0.221456
-7.67047  5.67755  5.47805  5.52771  5.75011  0.199498  -0.222402
-7.66393  5.6809  5.48116  5.5308  5.75343  0.199738  -0.222632
-7.68866  5.67611  5.47617  5.52585  5.74871  0.199943  -0.222856
-7.62287  5.68118  5.48144  5.53111  5.75369  0.199737  -0.222587
-7.62866  5.68195  5.48149  5.53116  5.75449  0.200462  -0.223336
-7.67276  5.6787  5.47784  5.52751  5.75131  0.200865  -0.223801
-7.64647  5.67811  5.47915  5.5288  5.75064  0.198956  -0.221841
-7.68665  5.67152  5.47106  5.52078  5.7442  0.200458  -0.223415
-7.71628  5.6658  5.46746  5.51717  5.73846  0.198343  -0.22129
-7.64547  5.67884  5.47821  5.52786  5.75144  0.200626  -0.223578
-7.69975  5.67476  5.47401  5.5237  5.74741  0.200753  -0.22371
-7.68887  5.67966  5.47578  5.52544  5.75241  0.203883  -0.226964
-7.70576  5.67564  5.47102  5.52073  5.74846  0.204613  -0.227729
-7.70281  5.68124  5.47634  5.52601  5.75401  0.204895  -0.227999
-7.69279  5.68019  5.4766  5.52627  5.75291  0.203586  -0.226646
-7.70034  5.67389  5.47506  5.5247  5.74649  0.198834  -0.22179
-7.65194  5.67324  5.47323  5.52292  5.74588  0.200005  -0.222966
-7.76196  5.67776  5.47867  5.52827  5.75033  0.19909  -0.22206
-7.66151  5.6838  5.48053  5.53017  5.75647  0.203276  -0.226294
-7.68574  5.67825  5.47452  5.52421  5.751  0.20373  -0.22679
-7.69192  5.67625  5.47347  5.52316  5.74898  0.202773  -0.225823
-7.65106  5.6797  5.47462  5.5243  5.7525  0.20508  -0.228202
-7.69372  5.68529  5.47981  5.52942  5.75806  0.205486  -0.228636
-7.70901  5.6853  5.47916  5.5288  5.75809  0.206135  -0.229285
-7.71487  5.67789  5.47097  5.52069  5.7508  0.206914  -0.230112
-7.74684  5.67757  5.47088  5.52057  5.75048  0.206689  -0.229908
-7.73957  5.67804  5.47312  5.52278  5.75087  0.204919  -0.228094
-7.77965  5.67027  5.46877  5.51844  5.74304  0.201498  -0.224594
-7.76661  5.66322  5.46414  5.51385  5.73596  0.199082  -0.222113
-7.69388  5.66702  5.46568  5.51542  5.7398  0.201349  -0.224379
-7.71908  5.67281  5.47114  5.52082  5.74554  0.201667  -0.224721
-7.7213  5.67566  5.47417  5.52383  5.74836  0.201495  -0.224531
-7.6602  5.67965  5.47742  5.52708  5.75232  0.202236  -0.225242
-7.75472  5.66304  5.46266  5.51239  5.73583  0.200377  -0.223444
-7.69617  5.68336  5.47872  5.52835  5.75611  0.204635  -0.227762
-7.70961  5.67691  5.4731  5.52279  5.74969  0.203814  -0.226901
-7.68466  5.67926  5.4775  5.52717  5.75191  0.201758  -0.224743
-7.74059  5.6802  5.48006  5.52966  5.75278  0.200134  -0.223116
-7.68098  5.67244  5.47359  5.52326  5.74505  0.198851  -0.221791
-7.66068  5.67518  5.47482  5.52449  5.74782  0.200363  -0.22333
-7.71754  5.66577  5.468  5.51769  5.73841  0.197773  -0.220715
-7.66416  5.6772  5.47854  5.52817  5.74974  0.198657  -0.221569
-7.68091  5.67685  5.47879  5.52842  5.74937  0.198063  -0.220945
-7.65421  5.68067  5.47923  5.52888  5.75329  0.201441  -0.224409
-7.67606  5.67949  5.47644  5.5261  5.7522  0.203054  -0.226098
-7.73125  5.67308  5.46973  5.51941  5.7459  0.203358  -0.22649
-7.69179  5.67839  5.47179  5.52151  5.75127  0.206593  -0.229761
-7.72737  5.6722  5.46615  5.51587  5.74515  0.206052  -0.22928
-7.69342  5.67566  5.46814  5.51788  5.74862  0.207524  -0.230743
-7.72482  5.682  5.47262  5.52231  5.75497  0.209379  -0.23266
-7.70239  5.68901  5.48021  5.52986  5.76187  0.208799  -0.232007
-7.69318  5.67997  5.47512  5.52479  5.75276  0.204851  -0.227973
-7.76137  5.67534  5.47005  5.51973  5.74821  0.205289  -0.228485
-7.73015  5.68092  5.473  5.52268  5.75385  0.207918  -0.231169
-7.71537  5.67227  5.46355  5.51333  5.74532  0.208713  -0.231991
-7.73797  5.67729  5.47025  5.51996  5.75021  0.207037  -0.230257
-7.74948  5.67559  5.46795  5.51766  5.74857  0.207639  -0.230906
-7.74326  5.67675  5.47078  5.52047  5.74964  0.205966  -0.229165
-7.67239  5.68074  5.47422  5.52391  5.7536  0.206516  -0.229682
-7.71259  5.67504  5.46887  5.5186  5.74795  0.206173  -0.229354
-7.66094  5.67635  5.47286  5.52257  5.74911  0.203495  -0.226544
-7.68366  5.68492  5.48131  5.53093  5.7576  0.203616  -0.226671
-7.65513  5.67753  5.47534  5.52501  5.75023  0.202189  -0.225214
-7.71779  5.66921  5.46672  5.51644  5.74203  0.202488  -0.225594
-7.6714  5.67732  5.47559  5.52525  5.74999  0.201732  -0.224741
-7.71516  5.67756  5.47264  5.52232  5.75039  0.20492  -0.228068
-7.68124  5.67708  5.47468  5.52437  5.74979  0.202398  -0.225423
-7.71573  5.67545  5.47456  5.52424  5.74811  0.20089  -0.22387
-7.64481  5.67504  5.47405  5.52377  5.74768  0.200985  -0.22391
-7.6612  5.67687  5.47357  5.52328  5.74962  0.203303  -0.226342
-7.6719  5.67091  5.47075  5.52044  5.7436  0.200161  -0.223153
-7.68778  5.68005  5.47607  5.52575  5.75279  0.203976  -0.227047
-7.67766  5.68596  5.48082  5.53046  5.75869  0.205146  -0.228229
-7.66613  5.6848  5.47754  5.52721  5.75764  0.207262  -0.230436
-7.7247  5.67373  5.46719  5.51692  5.74668  0.206543  -0.229759
-7.74018  5.6733  5.46886  5.51857  5.74615  0.204446  -0.227581
-7.72079  5.6766  5.47034  5.52005  5.74949  0.206251  -0.229439
-7.64242  5.68346  5.47776  5.52743  5.75625  0.205702  -0.228814
-7.67502  5.68157  5.47607  5.52574  5.75436  0.205494  -0.228621
-7.67103  5.67207  5.46975  5.51949  5.74483  0.202315  -0.22534
-7.71649  5.67728  5.47674  5.52639  5.7499  0.200546  -0.223519
-7.70248  5.67673  5.47406  5.52373  5.74946  0.202672  -0.225736
-7.72931  5.67132  5.46696  5.51668  5.74419  0.204364  -0.227508
-7.67971  5.6774  5.47224  5.52194  5.75023  0.205161  -0.228299
-7.67605  5.67855  5.47401  5.52369  5.75135  0.204539  -0.227654
-7.68855  5.67428  5.46874  5.51847  5.74717  0.205532  -0.228701
-7.71066  5.67403  5.46941  5.51914  5.74688  0.204618  -0.227742
-7.69485  5.67519  5.4683  5.51803  5.74813  0.206891  -0.230101
-7.70643  5.6736  5.46809  5.51784  5.74649  0.205506  -0.228652
-7.72816  5.67426  5.46944  5.51913  5.74712  0.204818  -0.227989
-7.73554  5.66881  5.46584  5.51557  5.74165  0.202967  -0.226079
-7.67286  5.66908  5.46511  5.51488  5.74195  0.203966  -0.227068
-7.67847  5.67669  5.47346  5.52314  5.74944  0.203229  -0.226302
-7.70162  5.67949  5.47548  5.52514  5.75225  0.204009  -0.227111
-7.68867  5.67665  5.4715  5.5212  5.74949  0.205146  -0.228291
-7.68499  5.6772  5.47184  5.52154  5.75005  0.205356  -0.228504
-7.73275  5.67702  5.4725  5.52216  5.74984  0.204516  -0.227681
-7.72888  5.67549  5.46962  5.51934  5.74838  0.205865  -0.229039
-7.69639  5.6825  5.4776  5.52725  5.75526  0.204901  -0.228011
-7.72057  5.67777  5.47386  5.52352  5.75055  0.203917  -0.227036
-7.74131  5.67356  5.47079  5.52048  5.74633  0.202774  -0.225856
-7.72076  5.68186  5.47601  5.52568  5.75468  0.205854  -0.228997
-7.70034  5.68264  5.48031  5.52993  5.75528  0.202325  -0.225352
-7.67373  5.67716  5.47176  5.52146  5.75001  0.205402  -0.228548
-7.68916  5.67603  5.47078  5.52049  5.74889  0.205257  -0.228393
-7.66522  5.68093  5.47596  5.52565  5.7537  0.204963  -0.228045
-7.65625  5.68946  5.48006  5.52975  5.76233  0.209405  -0.232575
-7.66091  5.68791  5.47826  5.52796  5.76081  0.209654  -0.232848
-7.69252  5.67745  5.46656  5.51634  5.75053  0.210885  -0.23419
-7.65379  5.68619  5.47735  5.52703  5.75909  0.208843  -0.232057
-7.7167  5.67647  5.4674  5.51713  5.74949  0.20907  -0.232361
-7.66666  5.67957  5.47008  5.51984  5.75256  0.209489  -0.232719
-7.65881  5.67806  5.4707  5.52044  5.75097  0.207363  -0.23053
-7.70907  5.68031  5.47466  5.52436  5.75312  0.205644  -0.228755
-7.71166  5.67834  5.47289  5.5226  5.75117  0.205452  -0.228578
-7.69918  5.67612  5.46911  5.51884  5.74905  0.207005  -0.230204
-7.71216  5.68749  5.47891  5.52858  5.76036  0.208583  -0.231782
-7.73218  5.6822  5.47533  5.525  5.75505  0.206862  -0.230052
-7.70366  5.68213  5.47312  5.52285  5.75508  0.209012  -0.232232
-7.72363  5.68257  5.47373  5.52343  5.7555  0.208836  -0.232071
-7.74362  5.67986  5.46978  5.51952  5.75289  0.210073  -0.23337
-7.70018  5.68641  5.47978  5.52941  5.75921  0.206629  -0.229805
-7.69505  5.68444  5.48017  5.52981  5.75714  0.204269  -0.227333
-7.74408  5.67862  5.47712  5.52675  5.75128  0.201496  -0.224538
-7.65916  5.6723  5.47127  5.52097  5.74501  0.201033  -0.224039
-7.71102  5.67658  5.47356  5.52325  5.74932  0.203021  -0.226072
-7.73999  5.67328  5.47283  5.52247  5.74596  0.200451  -0.223492
-7.69735  5.67718  5.47451  5.52419  5.7499  0.202663  -0.225706
-7.6623  5.67139  5.46973  5.51948  5.74412  0.201655  -0.224635
-7.66115  5.68508  5.48145  5.5311  5.75775  0.203634  -0.226649
-7.69717  5.68071  5.47553  5.52522  5.7535  0.205182  -0.228287
-7.73722  5.67765  5.47184  5.52155  5.7505  0.205805  -0.228955
-7.73173  5.67817  5.47121  5.5209  5.75109  0.206954  -0.23019
-7.72272  5.67455  5.46931  5.51904  5.74742  0.20524  -0.228383
-7.66993  5.67672  5.4666  5.51638  5.74978  0.210117  -0.233401
-7.68451  5.67691  5.46959  5.51933  5.74984  0.207326  -0.230509
-7.73529  5.67277  5.46596  5.51572  5.74573  0.206813  -0.230014
-7.66601  5.68082  5.47169  5.52144  5.75378  0.209135  -0.232335
-7.70322  5.67405  5.46703  5.51679  5.747  0.20702  -0.230215
-7.66929  5.67946  5.47062  5.52035  5.75243  0.208845  -0.232078
-7.69621  5.68118  5.47256  5.52228  5.75412  0.208617  -0.231843
-7.67109  5.6758  5.46876  5.5185  5.74874  0.207037  -0.230232
-7.74732  5.67581  5.46833  5.51805  5.74878  0.207478  -0.230725
-7.71512  5.68267  5.47151  5.52124  5.75571  0.211152  -0.23447
-7.68902  5.68227  5.4749  5.52461  5.75513  0.207373  -0.230522
-7.70682  5.67493  5.46938  5.51911  5.7478  0.205542  -0.228689
-7.6711  5.67822  5.47276  5.52245  5.75105  0.205458  -0.228597
-7.70334  5.67843  5.47303  5.52272  5.75127  0.205394  -0.228549
-7.70617  5.68075  5.4752  5.52489  5.75356  0.205556  -0.228673
-7.68742  5.68076  5.47832  5.52798  5.75342  0.202437  -0.225444
-7.70549  5.66614  5.467  5.51673  5.73883  0.199135  -0.222104
-7.70337  5.67436  5.47216  5.52185  5.74709  0.202203  -0.225248
-7.70341  5.67578  5.4728  5.52246  5.74855  0.202987  -0.226092
-7.68771  5.67193  5.46757  5.51731  5.74479  0.204358  -0.227481
-7.66764  5.6786  5.47065  5.5204  5.75153  0.207946  -0.231124
-7.70856  5.67389  5.46657  5.5163  5.74687  0.207326  -0.230568
-7.74209  5.66458  5.46045  5.51019  5.73754  0.204138  -0.227347
-7.73462  5.67877  5.47121  5.52092  5.75169  0.20756  -0.23077
-7.70045  5.67348  5.4659  5.51567  5.74646  0.207577  -0.23079
-7.70067  5.67841  5.47221  5.52192  5.75127  0.206195  -0.229349
-7.69576  5.67561  5.47179  5.52151  5.7484  0.203819  -0.22689
-7.67807  5.68285  5.47753  5.5272  5.75562  0.20532  -0.228419
-7.64289  5.68279  5.47631  5.52601  5.75561  0.206473  -0.229596
-7.67879  5.68521  5.47739  5.52709  5.75806  0.207812  -0.230973
-7.69798  5.68523  5.47654  5.52623  5.75812  0.208687  -0.231888
-7.66007  5.67982  5.4724  5.52213  5.75272  0.207425  -0.230587
-7.6784  5.6781  5.4739  5.52361  5.75087  0.204195  -0.227264
-7.69833  5.66688  5.4655  5.51524  5.73967  0.201382  -0.224429
-7.69182  5.6721  5.47028  5.51997  5.74485  0.201822  -0.224881
-7.70343  5.67787  5.47615  5.5258  5.75055  0.201713  -0.224748
-7.66657  5.67793  5.47422  5.52392  5.75068  0.203714  -0.226765
-7.68662  5.67715  5.47594  5.52562  5.7498  0.201208  -0.224185
-7.6632  5.68169  5.47767  5.52734  5.75441  0.204018  -0.227072
-7.76351  5.67138  5.46851  5.51821  5.74419  0.202875  -0.225985
-7.7182  5.67317  5.46953  5.51924  5.74599  0.203642  -0.226754
-7.73988  5.66599  5.46576  5.51547  5.73875  0.200232  -0.223278
-7.68613  5.68432  5.4808  5.53043  5.75699  0.203521  -0.226563
-7.68337  5.67835  5.4782  5.52785  5.75094  0.200151  -0.223099
-7.65502  5.68218  5.47836  5.52804  5.75489  0.203823  -0.22685
-7.72009  5.67014  5.46852  5.51824  5.7429  0.201619  -0.224658
-7.69495  5.67145  5.46995  5.51967  5.74418  0.201497  -0.22451
-7.68928  5.67924  5.47851  5.52815  5.75185  0.200728  -0.223695
-7.64604  5.68735  5.48353  5.53316  5.75999  0.203812  -0.226829
-7.66763  5.67333  5.47432  5.52401  5.74592  0.19901  -0.221915
-7.66503  5.67361  5.47554  5.52522  5.74615  0.198066  -0.220932
-7.64918  5.6692  5.46998  5.51972  5.74184  0.199229  -0.222126
-7.66504  5.67341  5.47482  5.5245  5.74598  0.198595  -0.221486
-7.64094  5.67405  5.47505  5.52474  5.74662  0.198998  -0.221879
-7.65406  5.67442  5.47639  5.52607  5.74695  0.19803  -0.220875
-7.62693  5.67573  5.47514  5.52484  5.74836  0.200587  -0.223511
-7.62799  5.67994  5.47636  5.52606  5.75266  0.203586  -0.226599
-7.63276  5.67594  5.47332  5.52306  5.74865  0.202611  -0.225586
-7.63046  5.6773  5.47877  5.52845  5.74981  0.198533  -0.221368
-7.62006  5.67501  5.47728  5.52695  5.74751  0.197732  -0.220566
-7.6511  5.68169  5.47978  5.52942  5.75432  0.201913  -0.224907
-7.69597  5.67977  5.47588  5.52555  5.75251  0.203888  -0.226958
-7.66404  5.67948  5.47828  5.52794  5.7521  0.2012  -0.224165
-7.71163  5.67912  5.48  5.52965  5.75164  0.199114  -0.221998
-7.64715  5.67808  5.48291  5.5325  5.75045  0.195173  -0.21795
-7.68671  5.66631  5.4685  5.51822  5.73893  0.197805  -0.220714
-7.67721  5.67116  5.47266  5.52235  5.74376  0.198503  -0.221409
-7.69612  5.68004  5.47788  5.52754  5.7527  0.202156  -0.225158
-7.70547  5.66958  5.47211  5.5218  5.74215  0.197474  -0.220349
-7.63779  5.67461  5.47703  5.52669  5.74712  0.197581  -0.220425
-7.64321  5.68243  5.4808  5.53045  5.75503  0.201631  -0.224578
-7.65797  5.68164  5.47996  5.52963  5.75424  0.201671  -0.224617
-7.64755  5.68311  5.48132  5.53096  5.75571  0.201787  -0.224749
-7.67603  5.68402  5.48295  5.53255  5.75659  0.201064  -0.224034
-7.70351  5.67815  5.47613  5.52578  5.75083  0.202026  -0.225051
-7.72588  5.67062  5.47106  5.5207  5.7433  0.199561  -0.2226
-7.71003  5.67274  5.47069  5.52035  5.7455  0.202047  -0.225154
-7.75573  5.67173  5.46971  5.51937  5.74451  0.202016  -0.22514
-7.75201  5.66898  5.46553  5.51524  5.74185  0.203447  -0.226603
-7.66702  5.68096  5.47559  5.52528  5.75375  0.20536  -0.228465
-7.67146  5.67794  5.47508  5.52477  5.75065  0.202858  -0.225886
-7.6999  5.67932  5.47755  5.52721  5.75197  0.20177  -0.224756
-7.64745  5.67775  5.47517  5.52484  5.75046  0.20258  -0.225612
-7.67801  5.67594  5.47421  5.52389  5.74864  0.201732  -0.224743
-7.69263  5.6786  5.47694  5.52658  5.75127  0.201662  -0.224685
-7.7158  5.67499  5.47437  5.52404  5.74765  0.200617  -0.223612
-7.70039  5.67842  5.47542  5.52509  5.75115  0.202999  -0.226061
-7.69116  5.68363  5.47894  5.5286  5.75637  0.20469  -0.227771
-7.74968  5.67246  5.4708  5.52048  5.7452  0.201657  -0.224712
-7.6851  5.68293  5.47784  5.5275  5.75569  0.205085  -0.228196
-7.73162  5.67622  5.47449  5.52414  5.74892  0.201725  -0.224779
-7.71121  5.67946  5.48007  5.52968  5.75201  0.199383  -0.222324
-7.75348  5.67322  5.47612  5.52571  5.74576  0.197095  -0.22004
-7.72257  5.67461  5.47539  5.525  5.74723  0.199216  -0.22223
-7.76671  5.66886  5.47118  5.52081  5.74147  0.197676  -0.22066
-7.70502  5.67533  5.47391  5.52357  5.74802  0.201419  -0.224449
-7.67433  5.67646  5.47523  5.52489  5.74913  0.201234  -0.224236
-7.70574  5.67553  5.47313  5.52284  5.74825  0.202394  -0.225406
-7.65572  5.67976  5.47686  5.52656  5.75244  0.202898  -0.225876
-7.63843  5.6846  5.48135  5.53104  5.75724  0.203248  -0.226198
-7.66241  5.67519  5.47282  5.52254  5.74791  0.202364  -0.225371
-7.65641  5.68449  5.48012  5.52979  5.75719  0.204366  -0.227396
-7.69558  5.67312  5.47131  5.52102  5.74584  0.201808  -0.224828
-7.65891  5.67115  5.4703  5.52002  5.74385  0.200846  -0.223835
-7.6411  5.68164  5.47424  5.52397  5.75451  0.207402  -0.230536
-7.65925  5.67506  5.47616  5.52583  5.74763  0.198897  -0.221804
-7.70626  5.68449  5.48239  5.532  5.7571  0.202093  -0.225102
-7.67338  5.6816  5.47938  5.52903  5.75425  0.202222  -0.225223
-7.71395  5.67636  5.47416  5.52382  5.74908  0.202202  -0.225264
-7.67749  5.67692  5.47425  5.52392  5.74965  0.202667  -0.225735
-7.65416  5.68562  5.47971  5.52936  5.75839  0.205914  -0.229024
-7.68172  5.67858  5.47314  5.52285  5.7514  0.20544  -0.228549
-7.68379  5.66971  5.46797  5.51769  5.74248  0.201743  -0.22479
-7.67798  5.67235  5.47209  5.52179  5.74501  0.200259  -0.223222
-7.69283  5.67361  5.47384  5.52353  5.74623  0.199763  -0.222697
-7.72759  5.66929  5.46779  5.51751  5.74205  0.201493  -0.224539
-7.73312  5.68064  5.47893  5.52855  5.75328  0.201702  -0.224734
-7.67935  5.67679  5.47345  5.52314  5.74954  0.203333  -0.226405
-7.6927  5.68034  5.47497  5.52466  5.75315  0.205373  -0.22849
-7.69886  5.68105  5.47553  5.52521  5.75385  0.205525  -0.228643
-7.65897  5.66936  5.46598  5.51576  5.74219  0.203385  -0.226436
-7.69087  5.67761  5.47348  5.5232  5.75038  0.204125  -0.227184
-7.67616  5.67575  5.47041  5.52015  5.7486  0.20534  -0.228448
-7.65324  5.68338  5.47923  5.5289  5.75609  0.204153  -0.227186
-7.68825  5.67082  5.46916  5.51888  5.74356  0.201659  -0.224689
-7.6655  5.67441  5.4742  5.52388  5.74705  0.200207  -0.223171
-7.70668  5.68091  5.47979  5.52941  5.75352  0.201121  -0.224111
-7.67781  5.67994  5.47754  5.52719  5.75262  0.202403  -0.225433
-7.71384  5.67896  5.475  5.52468  5.75172  0.20396  -0.227039
-7.67073  5.68266  5.47881  5.52846  5.75537  0.203846  -0.226912
-7.72095  5.67244  5.4702  5.51989  5.74521  0.202245  -0.225314
-7.75852  5.66784  5.46935  5.51901  5.7405  0.198494  -0.221498
-7.75019  5.66746  5.46718  5.51686  5.74021  0.200279  -0.223351
-7.73906  5.67252  5.47184  5.52148  5.74523  0.200681  -0.223745
-7.75261  5.67845  5.47585  5.52546  5.75117  0.202602  -0.225709
-7.71728  5.67913  5.47534  5.52501  5.75189  0.20379  -0.226879
-7.71071  5.67482  5.47083  5.52053  5.74763  0.203985  -0.227102
-7.70814  5.68206  5.47489  5.52456  5.75494  0.207172  -0.230376
-7.64475  5.68206  5.47324  5.52296  5.755  0.208817  -0.23204
-7.70336  5.67326  5.46759  5.51734  5.74616  0.205671  -0.228818
-7.67298  5.67893  5.47052  5.52028  5.75188  0.208412  -0.231604
-7.62542  5.68395  5.47432  5.52408  5.75689  0.209631  -0.23281
-7.63999  5.6808  5.47169  5.52146  5.75374  0.20911  -0.232285
-7.70867  5.68198  5.47274  5.52245  5.75495  0.209247  -0.232502
-7.71746  5.68057  5.4744  5.52406  5.75343  0.206174  -0.229361
-7.69391  5.67114  5.46606  5.51581  5.74404  0.205073  -0.228225
-7.72334  5.68189  5.47346  5.52317  5.75482  0.208427  -0.23165
-7.66629  5.68167  5.47175  5.52151  5.75466  0.209919  -0.233152
-7.77152  5.66538  5.45811  5.5079  5.73846  0.207271  -0.23056
-7.70133  5.67624  5.46736  5.5171  5.74926  0.208882  -0.232156
-7.72034  5.67292  5.4695  5.5192  5.74573  0.203425  -0.226531
-7.68978  5.67163  5.46706  5.51679  5.74451  0.204577  -0.22772
-7.70825  5.66771  5.46617  5.51588  5.7405  0.201539  -0.224622
-7.7289  5.67021  5.46692  5.51663  5.74306  0.203296  -0.226428
-7.65482  5.68153  5.47569  5.52537  5.75434  0.205836  -0.228967
-7.70679  5.67621  5.47109  5.52079  5.74905  0.205121  -0.228267
-7.711  5.67878  5.47242  5.52213  5.75164  0.206357  -0.229512
-7.67995  5.67258  5.46719  5.51697  5.74547  0.205384  -0.228497
-7.65873  5.68077  5.47566  5.52537  5.75355  0.205113  -0.228174
-7.65983  5.68388  5.47875  5.52843  5.75662  0.20513  -0.228195
-7.65148  5.68397  5.48084  5.53047  5.75663  0.203124  -0.226165
-7.73711  5.66815  5.46916  5.51884  5.74082  0.198989  -0.221984
-7.68532  5.68088  5.47854  5.52821  5.75353  0.202336  -0.225323
-7.69124  5.67438  5.4735  5.52318  5.74705  0.200886  -0.223877
-7.70552  5.67592  5.4771  5.52672  5.74849  0.19882  -0.221768
-7.66322  5.67319  5.47301  5.5227  5.74584  0.200182  -0.223137
-7.68075  5.67759  5.4772  5.52687  5.75019  0.200385  -0.223323
-7.67385  5.6787  5.48003  5.52967  5.75121  0.198674  -0.221547
-7.63073  5.68286  5.48246  5.5321  5.7554  0.200403  -0.223301
-7.65139  5.67949  5.47676  5.52645  5.75217  0.202724  -0.225727
-7.67048  5.67766  5.47786  5.5275  5.75024  0.199802  -0.222745
-7.72943  5.67038  5.47011  5.51978  5.74309  0.200269  -0.223313
-7.7681  5.67173  5.4743  5.52391  5.7443  0.197433  -0.22039
-7.71765  5.67314  5.47372  5.52339  5.74577  0.199421  -0.222376
-7.65871  5.67658  5.47459  5.52425  5.74929  0.201999  -0.225039
-7.66033  5.68068  5.47806  5.52772  5.75335  0.202622  -0.22564
-7.69482  5.67556  5.47378  5.52346  5.74826  0.201778  -0.224798
-7.70653  5.67106  5.47134  5.52104  5.74372  0.199726  -0.222677
-7.75503  5.67329  5.47311  5.52276  5.74596  0.200177  -0.223199
-7.7151  5.67864  5.47731  5.52694  5.75129  0.201332  -0.224355
-7.67287  5.68062  5.47877  5.52841  5.75327  0.201846  -0.224856
-7.67517  5.68237  5.47782  5.52748  5.75511  0.204547  -0.227634
-7.67526  5.68195  5.47981  5.52944  5.75459  0.202141  -0.225154
-7.70583  5.68036  5.47615  5.52581  5.75312  0.204213  -0.227311
-7.67089  5.68456  5.47898  5.52864  5.75733  0.205579  -0.22869
-7.71317  5.67364  5.47149  5.52119  5.74638  0.202153  -0.225192
-7.67777  5.67281  5.46989  5.51961  5.7456  0.202928  -0.22599
-7.61935  5.68517  5.48102  5.53067  5.75785  0.204148  -0.227178
-7.59134  5.6792  5.47733  5.52704  5.75184  0.201869  -0.224801
-7.654  5.67384  5.47326  5.52296  5.7465  0.200583  -0.223548
-7.69487  5.67358  5.47673  5.52637  5.74608  0.196851  -0.219711
-7.65294  5.69059  5.491  5.54055  5.76301  0.199597  -0.222466
-7.65088  5.67658  5.48035  5.52996  5.74902  0.196231  -0.219053
-7.66769  5.68196  5.47998  5.52962  5.75459  0.201978  -0.224971
-7.67449  5.6787  5.47656  5.52624  5.75137  0.202146  -0.225138
-7.69809  5.6765  5.47539  5.52505  5.74915  0.201109  -0.224101
-7.67153  5.68225  5.48097  5.53061  5.75484  0.201287  -0.224231
-7.66008  5.68369  5.48252  5.53215  5.75626  0.201175  -0.224115
-7.58672  5.68839  5.4851  5.53474  5.76098  0.203284  -0.226239
-7.622  5.68103  5.47975  5.52942  5.75363  0.201288  -0.224213
-7.65499  5.67663  5.47642  5.5261  5.74923  0.200208  -0.223134
-7.65704  5.68617  5.48574  5.53534  5.75867  0.200421  -0.223333
-7.71057  5.67341  5.47433  5.524  5.74601  0.199083  -0.222006
-7.70382  5.67222  5.47306  5.52273  5.74484  0.199164  -0.222118
-7.67177  5.6671  5.46666  5.51639  5.73984  0.200446  -0.223449
-7.67755  5.6739  5.47307  5.52276  5.74657  0.20083  -0.223814
-7.70152  5.67636  5.47087  5.52056  5.74922  0.205486  -0.228662
-7.71978  5.67713  5.46976  5.51947  5.75008  0.207373  -0.230608
-7.72497  5.66921  5.4663  5.516  5.74205  0.20291  -0.226052
-7.72301  5.67604  5.47069  5.52039  5.7489  0.205341  -0.22851
-7.75526  5.67173  5.47041  5.52007  5.74447  0.20132  -0.224401
-7.7662  5.67324  5.4709  5.52056  5.74601  0.202334  -0.225452
-7.68084  5.68085  5.47679  5.52645  5.75359  0.204057  -0.227135
-7.68831  5.68126  5.47626  5.52593  5.75404  0.205001  -0.228111
-7.69097  5.67903  5.47321  5.52292  5.75187  0.205828  -0.228948
-7.69462  5.67759  5.47598  5.52564  5.75026  0.201607  -0.22462
-7.69954  5.68061  5.47836  5.52798  5.75329  0.202255  -0.22531
-7.74013  5.68278  5.48113  5.5307  5.75541  0.201651  -0.224702
-7.74606  5.66896  5.47138  5.52101  5.74157  0.197586  -0.220563
-7.69764  5.67657  5.47653  5.52616  5.74919  0.200042  -0.223037
-7.74705  5.66638  5.46453  5.51426  5.7392  0.201843  -0.224937
-7.65868  5.68107  5.47457  5.52426  5.75391  0.2065  -0.229653
-7.69968  5.6793  5.47362  5.52331  5.75214  0.205681  -0.228824
-7.73949  5.6687  5.46594  5.51566  5.74154  0.202763  -0.225881
-7.67375  5.67845  5.47378  5.52349  5.75124  0.204664  -0.227743
-7.6999  5.67177  5.46752  5.51726  5.74462  0.20425  -0.227368
-7.70491  5.67582  5.47145  5.52116  5.74864  0.204373  -0.227474
-7.73014  5.67068  5.46909  5.5188  5.74344  0.20159  -0.224639
-7.69801  5.67602  5.47141  5.52112  5.74884  0.204613  -0.227722
-7.68228  5.678  5.47128  5.52099  5.7509  0.206726  -0.229903
-7.701  5.68214  5.47548  5.52517  5.75498  0.206661  -0.229815
-7.70679  5.67992  5.47441  5.52408  5.75274  0.20551  -0.228667
-7.71247  5.6691  5.46567  5.51539  5.74197  0.203433  -0.226573
-7.72961  5.67098  5.46758  5.5173  5.74381  0.203399  -0.226514
-7.66772  5.67919  5.47381  5.52351  5.75201  0.205384  -0.228494
-7.68176  5.6837  5.48039  5.53003  5.75637  0.203312  -0.226334
-7.67094  5.67705  5.47308  5.52278  5.74983  0.203971  -0.227041
-7.64197  5.67343  5.4678  5.51758  5.74632  0.205624  -0.22874
-7.67996  5.67679  5.47137  5.52109  5.74964  0.205426  -0.228553
-7.76754  5.67361  5.46878  5.51848  5.74648  0.204832  -0.227999
-7.71133  5.6827  5.47462  5.52431  5.75561  0.208081  -0.231297
-7.67131  5.68525  5.47831  5.52796  5.75808  0.206949  -0.230118
-7.70904  5.67707  5.47124  5.52095  5.74994  0.205832  -0.228992
-7.68278  5.67633  5.47185  5.52159  5.74913  0.204482  -0.227542
-7.69567  5.67399  5.47283  5.52254  5.74667  0.20116  -0.22413
-7.64453  5.68135  5.47988  5.52953  5.75395  0.201464  -0.224424
-7.64268  5.68539  5.48201  5.53167  5.75803  0.203377  -0.226362
-7.68414  5.6797  5.47926  5.52889  5.75229  0.200444  -0.223399
-7.70647  5.67454  5.47255  5.52224  5.74726  0.201987  -0.22502
-7.6766  5.68345  5.48097  5.53059  5.75609  0.202486  -0.2255
-7.71191  5.67388  5.47657  5.52619  5.74641  0.197317  -0.220215
-7.69853  5.6751  5.47846  5.52806  5.74758  0.196642  -0.219519
-7.63627  5.68107  5.48379  5.5334  5.75349  0.197276  -0.220089
-7.6473  5.67674  5.47975  5.52941  5.74919  0.196989  -0.219782
-7.66334  5.67097  5.47595  5.52561  5.74341  0.195021  -0.217805
-7.6588  5.67446  5.47605  5.52574  5.747  0.198415  -0.221264
-7.65405  5.68123  5.48247  5.53211  5.75371  0.198767  -0.221606
-7.66112  5.67573  5.47665  5.52632  5.74829  0.199075  -0.221977
-7.66562  5.68087  5.47956  5.52921  5.75348  0.201311  -0.224269
-7.66093  5.6811  5.4806  5.53025  5.75367  0.200507  -0.223416
-7.65209  5.68735  5.48584  5.53546  5.75988  0.201505  -0.224426
-7.64807  5.67687  5.47588  5.52559  5.7495  0.200986  -0.223915
-7.65015  5.68489  5.4816  5.53127  5.75753  0.203295  -0.226266
-7.62106  5.67744  5.47575  5.52546  5.7501  0.201692  -0.224636
-7.69643  5.6704  5.46958  5.51932  5.74311  0.200821  -0.223785
-7.769  5.66777  5.46624  5.51595  5.74056  0.201527  -0.224606
-7.70707  5.67431  5.47015  5.51985  5.74714  0.204153  -0.227287
-7.71677  5.67632  5.47178  5.52146  5.74914  0.204538  -0.227677
-7.66111  5.67815  5.47416  5.52387  5.75091  0.203983  -0.227036
-7.69265  5.68554  5.4811  5.53074  5.75824  0.204435  -0.227499
-7.74444  5.67603  5.47213  5.52181  5.74883  0.203904  -0.227022
-7.70772  5.67322  5.47007  5.51977  5.74601  0.203144  -0.226245
-7.71293  5.68155  5.47676  5.52642  5.75432  0.204786  -0.227893
-7.69228  5.67991  5.47793  5.52759  5.75256  0.201982  -0.224973
-7.61899  5.6841  5.47998  5.52968  5.75678  0.204121  -0.227093
-7.68662  5.68044  5.47688  5.52656  5.75316  0.203567  -0.226597
-7.68772  5.67954  5.47507  5.52476  5.75231  0.204468  -0.227551
-7.68247  5.67762  5.47364  5.52333  5.7504  0.20398  -0.227071
-7.66421  5.68182  5.47663  5.52631  5.7546  0.20519  -0.228297
-7.65855  5.68185  5.47731  5.527  5.75459  0.204538  -0.227597
-7.69176  5.67594  5.47429  5.52396  5.74863  0.201652  -0.224671
-7.67129  5.68106  5.47849  5.52814  5.75373  0.202571  -0.225587
-7.63784  5.67371  5.47258  5.52228  5.74639  0.201129  -0.224113
-7.6813  5.67198  5.47041  5.52015  5.7447  0.201578  -0.224551
-7.63563  5.67776  5.4731  5.52286  5.75054  0.204656  -0.22768
-7.64724  5.67952  5.47639  5.52607  5.75222  0.203133  -0.226152
-7.66596  5.67342  5.47374  5.52342  5.74604  0.199673  -0.22262
-7.68539  5.67508  5.47468  5.52436  5.74772  0.2004  -0.223358
-7.66736  5.67646  5.47689  5.52655  5.74904  0.19957  -0.222487
-7.69031  5.68162  5.482  5.53162  5.75415  0.199616  -0.22253
-7.64436  5.67776  5.47342  5.52312  5.75055  0.204336  -0.227426
-7.673  5.68091  5.47545  5.52514  5.75371  0.205464  -0.228565
-7.70444  5.67373  5.47215  5.52185  5.74643  0.201573  -0.224581
-7.67579  5.67534  5.47528  5.52494  5.74796  0.200061  -0.223024
-7.68231  5.682  5.48204  5.53164  5.75454  0.199956  -0.222904
-7.68427  5.67874  5.47824  5.52787  5.75135  0.200497  -0.22348
-7.71961  5.6702  5.47122  5.5209  5.74284  0.198984  -0.221941
-7.68325  5.67341  5.47213  5.52183  5.74611  0.201281  -0.224276
-7.70201  5.67798  5.47609  5.52575  5.75066  0.201887  -0.224905
-7.67002  5.67743  5.47566  5.52532  5.75011  0.201779  -0.224792
-7.64582  5.68591  5.48209  5.53173  5.75858  0.203823  -0.226844
-7.73138  5.66739  5.46536  5.51511  5.7402  0.202032  -0.225089
-7.67392  5.67907  5.4731  5.5228  5.75192  0.205971  -0.229118
-7.67249  5.67487  5.47081  5.52053  5.74768  0.20406  -0.227145
-7.68049  5.68028  5.47744  5.52712  5.75296  0.202832  -0.225841
-7.68063  5.67114  5.47031  5.52004  5.74384  0.200826  -0.223801
-7.66122  5.67754  5.47412  5.52383  5.75028  0.203422  -0.226442
-7.66546  5.66709  5.4686  5.51833  5.73973  0.198492  -0.221397
-7.73373  5.67239  5.47335  5.523  5.74501  0.199045  -0.222008
-7.72361  5.67031  5.47258  5.52223  5.7429  0.197733  -0.22067
-7.68686  5.67571  5.47612  5.52575  5.74832  0.199595  -0.222571
-7.74596  5.67668  5.47679  5.52639  5.7493  0.199886  -0.222917
-7.72301  5.67544  5.47573  5.52534  5.74806  0.199713  -0.22272
-7.7259  5.67775  5.4784  5.52801  5.75032  0.199354  -0.222313
-7.67892  5.67842  5.47651  5.52617  5.75109  0.201909  -0.224925
-7.65878  5.67915  5.47554  5.52522  5.75189  0.203617  -0.226668
-7.67164  5.67161  5.46891  5.51864  5.74439  0.202698  -0.225746
-7.66341  5.68153  5.47588  5.52556  5.75434  0.20565  -0.228777
-7.67853  5.67691  5.47078  5.52052  5.74978  0.20613  -0.229263
-7.73193  5.68125  5.47501  5.52469  5.75408  0.20624  -0.22939
-7.68691  5.67578  5.47335  5.52303  5.74851  0.202432  -0.225479
-7.67968  5.67552  5.47122  5.52095  5.74832  0.204296  -0.227364
-7.68783  5.67782  5.47509  5.52477  5.75053  0.202725  -0.225758
-7.65521  5.68162  5.47877  5.52841  5.7543  0.202848  -0.225887
-7.69636  5.68236  5.47697  5.52666  5.75513  0.205389  -0.228478
-7.68432  5.67502  5.472  5.52172  5.74777  0.203018  -0.22605
-7.66024  5.67766  5.47388  5.52359  5.75042  0.203783  -0.226823
-7.65805  5.68056  5.47632  5.52601  5.7533  0.204233  -0.227293
-7.67532  5.67657  5.47251  5.52224  5.74935  0.204051  -0.22711
-7.65701  5.6777  5.47572  5.52542  5.75037  0.201982  -0.224957
-7.66553  5.67609  5.47325  5.52297  5.74882  0.202845  -0.225851
-7.65868  5.67943  5.48004  5.52968  5.75196  0.199384  -0.222284
-7.64401  5.67341  5.47971  5.52934  5.74576  0.193706  -0.216418
-7.6337  5.6775  5.48114  5.53079  5.74991  0.196366  -0.219118
-7.63164  5.67757  5.47977  5.52946  5.75004  0.197807  -0.220582
-7.63399  5.67281  5.47484  5.52456  5.74534  0.197967  -0.220784
-7.64345  5.68186  5.48251  5.53215  5.75436  0.199349  -0.222213
-7.67155  5.67754  5.47806  5.52774  5.75009  0.199473  -0.222346
-7.67378  5.67586  5.47488  5.52457  5.74852  0.200983  -0.22395
-7.65219  5.67926  5.47743  5.52708  5.75193  0.201833  -0.224846
-7.66217  5.68317  5.48541  5.53499  5.75559  0.197756  -0.220595
-7.61676  5.68392  5.4848  5.53442  5.75639  0.199118  -0.22197
-7.62833  5.674  5.47621  5.52589  5.74652  0.197783  -0.220625
-7.66025  5.67758  5.47961  5.52925  5.75007  0.197969  -0.220824
-7.69134  5.67371  5.47471  5.52438  5.74631  0.199004  -0.221923
-7.69089  5.67132  5.46968  5.51941  5.74406  0.201645  -0.224647
-7.67349  5.67034  5.4694  5.51913  5.74306  0.200942  -0.223928
-7.66813  5.67389  5.47185  5.52157  5.74662  0.20204  -0.225051
-7.71098  5.67234  5.47006  5.51976  5.7451  0.202279  -0.22534
-7.71554  5.67196  5.47299  5.52266  5.74458  0.198973  -0.221914
-7.6717  5.67925  5.47759  5.52726  5.75189  0.201659  -0.224634
-7.67233  5.67638  5.47494  5.52463  5.74904  0.201432  -0.224413
-7.6736  5.67745  5.47569  5.52538  5.75012  0.201755  -0.224742
-7.6937  5.67962  5.47761  5.52728  5.75227  0.202008  -0.224995
-7.68309  5.67536  5.47367  5.52337  5.74805  0.201683  -0.224679
-7.69584  5.67936  5.47444  5.52414  5.75215  0.204917  -0.228006
-7.66004  5.68525  5.47777  5.52746  5.75808  0.207472  -0.230626
-7.68983  5.67723  5.46881  5.51858  5.7502  0.208418  -0.23162
-7.66666  5.68021  5.47177  5.52153  5.75314  0.208436  -0.231614
-7.70703  5.67851  5.47098  5.5207  5.75143  0.207533  -0.230726
-7.65826  5.68191  5.47585  5.52556  5.75471  0.206057  -0.229146
-7.62278  5.68113  5.47651  5.52622  5.75387  0.204613  -0.227655
-7.71556  5.67654  5.4753  5.52496  5.7492  0.201239  -0.224246
-7.69543  5.67328  5.47291  5.52258  5.74595  0.200378  -0.223367
-7.66861  5.68148  5.4779  5.52756  5.75419  0.203584  -0.226635
-7.66525  5.68465  5.48059  5.53023  5.75735  0.20406  -0.227118
-7.67939  5.67797  5.47364  5.52334  5.75075  0.20433  -0.227407
-7.62018  5.68452  5.48042  5.53009  5.75721  0.204099  -0.227119
-7.66096  5.67872  5.47691  5.5266  5.75136  0.201801  -0.224761
-7.66336  5.68495  5.48224  5.53189  5.75756  0.202704  -0.225671
-7.68533  5.66586  5.46519  5.51495  5.73862  0.200668  -0.223678
-7.688  5.67287  5.47107  5.52078  5.7456  0.2018  -0.224829
-7.64102  5.67955  5.47894  5.52861  5.75214  0.200606  -0.223531
-7.67315  5.68172  5.47781  5.52746  5.75444  0.20391  -0.226981
-7.70325  5.67536  5.47202  5.52172  5.74813  0.203336  -0.22641
-7.6727  5.68009  5.47745  5.52711  5.75278  0.20264  -0.225669
-7.67409  5.68243  5.4772  5.52689  5.7552  0.20523  -0.228313
-7.67393  5.6786  5.47557  5.52526  5.75131  0.203032  -0.226055
-7.64381  5.67996  5.47634  5.52602  5.75268  0.203615  -0.22666
-7.65161  5.67726  5.47512  5.52482  5.74994  0.202142  -0.225125
-7.6901  5.66808  5.46744  5.51721  5.7408  0.200633  -0.223592
-7.66108  5.67378  5.47281  5.52252  5.74645  0.200968  -0.223936
-7.67827  5.68106  5.48013  5.52977  5.75365  0.200928  -0.223881
-7.68201  5.67601  5.47686  5.52649  5.74859  0.199154  -0.222101
-7.68954  5.67061  5.47031  5.52003  5.7433  0.200296  -0.223269
-7.64224  5.67528  5.47592  5.52557  5.74787  0.199353  -0.222297
-7.6886  5.67022  5.47067  5.52035  5.74288  0.199549  -0.222535
-7.66484  5.67719  5.47566  5.52533  5.74986  0.201532  -0.22453
-7.68719  5.67743  5.47592  5.52557  5.7501  0.201513  -0.224531
-7.6821  5.67656  5.47329  5.52299  5.74932  0.203275  -0.226329
-7.69341  5.68191  5.47779  5.52744  5.75464  0.204127  -0.227203
-7.66638  5.68667  5.48271  5.53236  5.75932  0.203965  -0.226967
-7.63803  5.68  5.47824  5.52793  5.75263  0.201766  -0.224706
-7.68721  5.67222  5.47275  5.52247  5.74483  0.199471  -0.222364
-7.64256  5.67793  5.47746  5.52715  5.75052  0.200467  -0.223378
-7.67998  5.66956  5.4722  5.5219  5.74211  0.197357  -0.220213
-7.69858  5.67032  5.47262  5.52229  5.7429  0.1977  -0.220609
-7.66832  5.67616  5.47719  5.52683  5.74873  0.198973  -0.221904
-7.67951  5.67756  5.4767  5.52635  5.7502  0.200864  -0.223845
-7.66751  5.6822  5.47946  5.52911  5.75486  0.202743  -0.225751
-7.74402  5.67006  5.46892  5.51861  5.74281  0.201143  -0.224196
-7.72427  5.66924  5.47127  5.52093  5.74185  0.197976  -0.220915
-7.68516  5.6821  5.47953  5.52917  5.75476  0.202571  -0.225587
-7.73147  5.67183  5.47078  5.52048  5.74454  0.201053  -0.224064
-7.68692  5.66792  5.46931  5.519  5.74057  0.19861  -0.221568
-7.64867  5.6768  5.47565  5.52533  5.74944  0.20115  -0.22411
-7.67111  5.67598  5.47357  5.52327  5.74869  0.202406  -0.225428
-7.67711  5.68131  5.47783  5.52751  5.754  0.203479  -0.226494
-7.65806  5.67704  5.4724  5.52214  5.74983  0.204638  -0.227694
-7.65135  5.67637  5.47206  5.52179  5.74916  0.204309  -0.227368
-7.70686  5.66838  5.46843  5.51815  5.74108  0.199954  -0.222937
-7.6599  5.67893  5.47722  5.52687  5.75158  0.201713  -0.224709
-7.68751  5.67822  5.4758  5.52547  5.75092  0.202426  -0.225441
-7.69816  5.68199  5.47863  5.52826  5.75469  0.20336  -0.226427
-7.73925  5.67596  5.47316  5.52283  5.74871  0.202806  -0.225887
-7.6953  5.68149  5.48078  5.5304  5.75407  0.200715  -0.223668
-7.70583  5.67498  5.47416  5.52381  5.74765  0.200824  -0.223836
-7.66698  5.682  5.47584  5.52553  5.75482  0.206168  -0.229296
-7.68774  5.67775  5.47187  5.52159  5.7506  0.205879  -0.229015
-7.65878  5.68706  5.47824  5.52795  5.75992  0.20882  -0.231973
-7.6926  5.67885  5.47396  5.52366  5.75164  0.204883  -0.22798
-7.63755  5.68381  5.48025  5.5299  5.75649  0.203569  -0.22659
-7.69141  5.67022  5.46843  5.51815  5.74298  0.201781  -0.224826
-7.66506  5.67492  5.47451  5.5242  5.74756  0.200415  -0.223358
-7.67781  5.67678  5.47567  5.52536  5.74943  0.201109  -0.224071
-7.65895  5.6691  5.46801  5.51775  5.74184  0.201094  -0.224088
-7.65355  5.67991  5.48017  5.52981  5.75245  0.199743  -0.222644
-7.63736  5.67508  5.47703  5.52671  5.74759  0.198054  -0.220882
-7.60444  5.68476  5.48563  5.53526  5.75721  0.199129  -0.221955
-7.61381  5.68347  5.48276  5.53242  5.75601  0.200719  -0.223591
-7.64982  5.68179  5.48103  5.5307  5.75435  0.200764  -0.22365
-7.64806  5.6768  5.47765  5.52733  5.74935  0.199144  -0.222024
-7.68716  5.66712  5.47081  5.5205  5.73967  0.196314  -0.219163
-7.67261  5.68199  5.48379  5.5334  5.75444  0.1982  -0.221036
-7.67079  5.67446  5.47686  5.52654  5.74697  0.197604  -0.220429
-7.62997  5.67859  5.48287  5.53249  5.75096  0.195718  -0.218469
-7.67371  5.67935  5.48242  5.53204  5.75178  0.19693  -0.219737
-7.64422  5.67491  5.4772  5.52686  5.74742  0.197711  -0.220559
-7.68288  5.67765  5.48024  5.52987  5.75012  0.197416  -0.220251
-7.64703  5.67767  5.47919  5.52885  5.75018  0.198478  -0.221331
-7.66032  5.68394  5.48708  5.53666  5.75631  0.196857  -0.219648
-7.67677  5.68257  5.48474  5.53434  5.755  0.197833  -0.220659
-7.72513  5.66278  5.46712  5.51681  5.73536  0.195661  -0.218558
-7.65084  5.67595  5.47609  5.52575  5.74855  0.199864  -0.222801
-7.6665  5.67314  5.4734  5.52311  5.74576  0.199742  -0.222655
-7.70225  5.67607  5.4724  5.5221  5.74885  0.203672  -0.226745
-7.66075  5.68289  5.47912  5.52879  5.75559  0.203767  -0.226797
-7.68623  5.67525  5.47007  5.5198  5.7481  0.20518  -0.228294
-7.71036  5.67382  5.47314  5.52282  5.74649  0.200679  -0.223674
-7.73427  5.67647  5.47479  5.52445  5.74916  0.201678  -0.22471
-7.74372  5.67308  5.47203  5.5217  5.74578  0.20105  -0.224078
-7.70534  5.67723  5.47585  5.52551  5.7499  0.201385  -0.224386
-7.67315  5.67567  5.47376  5.52344  5.74838  0.201915  -0.224937
-7.7262  5.67159  5.47102  5.5207  5.74429  0.200571  -0.22359
-7.68829  5.67412  5.47096  5.52068  5.7469  0.203161  -0.226214
-7.69521  5.67875  5.47349  5.5232  5.75157  0.205262  -0.228372
-7.70602  5.67113  5.46532  5.51508  5.74406  0.205811  -0.228985
-7.70532  5.68023  5.47323  5.52293  5.75312  0.207  -0.230186
-7.7063  5.67668  5.46978  5.51952  5.74959  0.206896  -0.230066
-7.64213  5.68721  5.47854  5.52824  5.76007  0.208661  -0.231833
-7.61047  5.67915  5.47202  5.52179  5.75203  0.207131  -0.230241
-7.62593  5.69123  5.48162  5.53133  5.76407  0.209616  -0.23274
-7.68466  5.68198  5.47897  5.52861  5.75466  0.20301  -0.226046
-7.67305  5.67914  5.4794  5.52904  5.75171  0.199741  -0.222664
-7.66751  5.68173  5.482  5.53163  5.75425  0.199723  -0.222616
-7.64204  5.68025  5.48002  5.52969  5.75281  0.20023  -0.223125
-7.67525  5.67911  5.47778  5.52743  5.75175  0.201334  -0.224317
-7.6909  5.67377  5.47362  5.52329  5.74642  0.200144  -0.223129
-7.70408  5.67543  5.47387  5.52355  5.74812  0.201562  -0.224566
-7.70018  5.67263  5.47359  5.52327  5.74524  0.199042  -0.221965
-7.6865  5.68394  5.48322  5.53283  5.75649  0.200717  -0.223657
-7.68479  5.67384  5.47562  5.52527  5.7464  0.198228  -0.221132
-7.73962  5.67714  5.48098  5.53056  5.74958  0.196159  -0.219023
-7.6515  5.68503  5.48741  5.53695  5.75743  0.19762  -0.22048
-7.70937  5.67729  5.48044  5.53003  5.74975  0.196847  -0.219719
-7.64477  5.68444  5.48484  5.53443  5.75694  0.199596  -0.222506
-7.62411  5.67889  5.47719  5.52689  5.75152  0.201696  -0.224632
-7.69663  5.67389  5.47103  5.52073  5.74665  0.20286  -0.225925
-7.69507  5.68209  5.47778  5.52744  5.75483  0.204314  -0.227385
-7.72609  5.67636  5.47464  5.5243  5.74905  0.201719  -0.224759
-7.69958  5.67614  5.47374  5.52342  5.74887  0.202398  -0.225446
-7.70337  5.67699  5.47404  5.52368  5.74974  0.20295  -0.226054
-7.73704  5.67555  5.47358  5.52322  5.74828  0.201968  -0.225057
-7.71969  5.68506  5.48064  5.53025  5.75778  0.204428  -0.227536
-7.67465  5.67744  5.47317  5.52285  5.75023  0.204275  -0.227382
-7.73644  5.67117  5.46647  5.51621  5.74406  0.204695  -0.227843
-7.73112  5.67452  5.4692  5.51892  5.74739  0.205315  -0.228478
-7.69871  5.67351  5.46783  5.51755  5.74642  0.205688  -0.228867
-7.70345  5.68577  5.47715  5.52681  5.75867  0.208613  -0.231861
-7.71439  5.68118  5.4769  5.52654  5.75393  0.204282  -0.227394
-7.71727  5.67201  5.46981  5.51951  5.74477  0.202198  -0.225265
-7.71461  5.67637  5.4739  5.52357  5.74909  0.202467  -0.225517
-7.70052  5.66916  5.46732  5.51705  5.74194  0.201837  -0.224886
-7.68143  5.67165  5.47063  5.52034  5.74436  0.201021  -0.22401
-7.7023  5.66293  5.4636  5.51334  5.73567  0.199329  -0.222335
-7.65495  5.68385  5.4822  5.53182  5.75644  0.201649  -0.224614
-7.68278  5.67766  5.4783  5.52794  5.75022  0.19936  -0.222276
-7.66222  5.67435  5.47275  5.52247  5.74705  0.201606  -0.224581
-7.67938  5.67866  5.47857  5.5282  5.75125  0.200095  -0.223045
-7.69892  5.67482  5.47535  5.52501  5.74742  0.19947  -0.222404
-7.67017  5.68553  5.48294  5.53256  5.75815  0.202585  -0.225591
-7.71121  5.6751  5.47273  5.5224  5.74784  0.202371  -0.225443
-7.73636  5.67035  5.4694  5.51909  5.74308  0.200953  -0.223992
-7.75073  5.67553  5.47363  5.52328  5.74824  0.201895  -0.224969
-7.73402  5.67763  5.47259  5.52226  5.75047  0.205043  -0.228203
-7.69921  5.67495  5.46981  5.5195  5.74782  0.205139  -0.228314
-7.70285  5.68327  5.47717  5.52681  5.75608  0.2061  -0.229272
-7.77111  5.67867  5.47309  5.52273  5.75153  0.205586  -0.228802
-7.75278  5.66461  5.46117  5.5109  5.73754  0.203434  -0.226639
-7.67622  5.6881  5.48115  5.53082  5.76087  0.206946  -0.230047
-7.67581  5.67784  5.47432  5.52401  5.75059  0.203526  -0.226585
-7.73673  5.67263  5.46926  5.51896  5.74544  0.203369  -0.226479
-7.69417  5.67634  5.47223  5.52192  5.74914  0.204119  -0.227225
-7.68706  5.67685  5.47275  5.52246  5.74963  0.204098  -0.227166
-7.65304  5.68286  5.47794  5.52762  5.75561  0.204919  -0.227985
-7.69912  5.67482  5.46873  5.51848  5.74772  0.206084  -0.229235
-7.70344  5.67312  5.4682  5.51794  5.74599  0.204915  -0.228049
-7.65489  5.67517  5.46859  5.51836  5.74808  0.206583  -0.229729
-7.69441  5.67361  5.46777  5.51752  5.74652  0.205843  -0.228998
-7.69075  5.68138  5.47753  5.5272  5.7541  0.203845  -0.226904
-7.67639  5.6784  5.47332  5.52304  5.7512  0.205076  -0.228155
-7.71573  5.67734  5.47327  5.52295  5.75013  0.204076  -0.227175
-7.68262  5.68132  5.47645  5.52613  5.75409  0.204869  -0.227953
-7.69681  5.67616  5.47032  5.52002  5.74905  0.205845  -0.229031
-7.74349  5.67409  5.47131  5.52096  5.74687  0.202782  -0.225908
-7.73712  5.67487  5.46981  5.51951  5.74774  0.205058  -0.228231
-7.64116  5.68279  5.47532  5.52503  5.75566  0.207468  -0.230629
-7.70556  5.67842  5.47421  5.52389  5.7512  0.204207  -0.227308
-7.78041  5.66703  5.46637  5.51608  5.73979  0.200654  -0.223708
-7.7382  5.67559  5.47114  5.5208  5.74843  0.204452  -0.227623
-7.72336  5.68054  5.47376  5.52344  5.75341  0.206784  -0.229977
-7.70108  5.67901  5.47272  5.52242  5.75188  0.206296  -0.229464
-7.64829  5.68602  5.47782  5.52749  5.7589  0.208201  -0.231406
-7.72873  5.68002  5.47656  5.52622  5.75274  0.203462  -0.226524
-7.71309  5.67693  5.47343  5.52312  5.74969  0.203503  -0.226573
-7.69846  5.68073  5.47678  5.52642  5.75348  0.203944  -0.227056
-7.63739  5.67681  5.47161  5.52132  5.74965  0.205195  -0.228328
-7.69965  5.67563  5.47144  5.52114  5.74845  0.204191  -0.227305
-7.71202  5.67132  5.46692  5.51668  5.74418  0.204393  -0.227494
-7.67713  5.67594  5.47242  5.52213  5.74871  0.203521  -0.226588
-7.66624  5.68052  5.47434  5.52406  5.75334  0.20618  -0.229286
-7.69775  5.6713  5.46515  5.51494  5.74424  0.206149  -0.229298
-7.68589  5.67036  5.46494  5.51473  5.74328  0.205418  -0.228548
-7.68412  5.67661  5.47172  5.52143  5.74944  0.204888  -0.228008
-7.67448  5.68764  5.47922  5.5289  5.76049  0.208413  -0.231593
-7.67547  5.67692  5.47292  5.52263  5.7497  0.203997  -0.22707
-7.6983  5.67695  5.4739  5.52357  5.7497  0.203054  -0.226134
-7.74395  5.67675  5.47537  5.52501  5.74943  0.201378  -0.224426
-7.71064  5.67902  5.47644  5.52608  5.75172  0.202579  -0.225642
-7.70726  5.67401  5.47271  5.52237  5.74671  0.201299  -0.224339
-7.69869  5.68284  5.4774  5.52706  5.75562  0.205448  -0.228565
-7.70489  5.67722  5.47177  5.52147  5.75007  0.205448  -0.2286
-7.72978  5.68057  5.47418  5.52384  5.75343  0.206387  -0.229588
-7.75141  5.67422  5.46808  5.51778  5.74715  0.206149  -0.229367
-7.67968  5.67987  5.47223  5.52194  5.75278  0.207637  -0.230845
-7.71843  5.68233  5.47566  5.52534  5.75517  0.206667  -0.22983
-7.69623  5.67462  5.46961  5.51933  5.74748  0.205008  -0.228153
-7.69422  5.67919  5.47403  5.52374  5.75199  0.205158  -0.228246
-7.64774  5.68191  5.47437  5.5241  5.75478  0.207541  -0.230676
-7.68636  5.68075  5.47372  5.52344  5.75362  0.207033  -0.230181
-7.70354  5.68063  5.47613  5.52583  5.75339  0.2045  -0.227563
-7.68059  5.67793  5.4749  5.52459  5.75066  0.203035  -0.226067
-7.68994  5.67544  5.47538  5.525  5.74808  0.200057  -0.223077
-7.69914  5.67616  5.47364  5.52331  5.74889  0.202515  -0.225579
-7.70041  5.67971  5.4768  5.52644  5.75242  0.202911  -0.225981
-7.67209  5.6806  5.47444  5.52413  5.75344  0.206162  -0.229302
-7.63557  5.68073  5.47505  5.52476  5.75353  0.205679  -0.228768
-7.75934  5.67864  5.47425  5.52391  5.75144  0.204392  -0.227526
-7.77139  5.6743  5.47417  5.52379  5.74696  0.200132  -0.223169
-7.74104  5.6736  5.47178  5.52144  5.74634  0.201823  -0.224898
-7.7345  5.67807  5.47521  5.52486  5.7508  0.202864  -0.225937
-7.70428  5.67517  5.47111  5.52081  5.74798  0.204051  -0.227167
-7.68254  5.67808  5.47514  5.52482  5.7508  0.202948  -0.225988
-7.65389  5.67321  5.47129  5.52103  5.74592  0.201916  -0.224888
-7.61991  5.68928  5.48426  5.53392  5.76194  0.205019  -0.228025
-7.62998  5.68737  5.48448  5.53409  5.75998  0.202887  -0.225888
-7.63464  5.68693  5.47929  5.52899  5.75975  0.207634  -0.230759
-7.66374  5.67623  5.47375  5.52347  5.74894  0.202481  -0.225472
-7.68829  5.67823  5.47603  5.52572  5.7509  0.202193  -0.225179
-7.66184  5.68231  5.47751  5.52719  5.75506  0.204807  -0.227875
-7.6492  5.68338  5.47936  5.52904  5.75608  0.20402  -0.227036
-7.65798  5.67709  5.4789  5.52857  5.74959  0.198183  -0.221022
-7.66587  5.67667  5.4798  5.52945  5.74912  0.196862  -0.21967
-7.6996  5.67685  5.47911  5.52874  5.74935  0.197738  -0.220614
-7.70195  5.67717  5.48118  5.53077  5.7496  0.195992  -0.218825
-7.67594  5.67837  5.48111  5.53071  5.75083  0.197259  -0.220119
-7.69258  5.6731  5.47253  5.52222  5.74577  0.200574  -0.223557
-7.72165  5.67574  5.47102  5.52072  5.74857  0.204719  -0.227845
-7.72802  5.67029  5.46917  5.51885  5.74303  0.20112  -0.224184
-7.68647  5.68306  5.48158  5.53119  5.75566  0.201481  -0.224475
-7.7022  5.67839  5.47813  5.52776  5.75099  0.200262  -0.223232
-7.69113  5.66973  5.46877  5.51849  5.74246  0.200958  -0.223964
-7.73042  5.67344  5.4718  5.52151  5.74615  0.201642  -0.224646
-7.73684  5.6746  5.47229  5.52198  5.74734  0.202312  -0.225357
-7.70425  5.67914  5.47481  5.52449  5.75191  0.204335  -0.227421
-7.72774  5.66585  5.46243  5.51219  5.73874  0.203415  -0.226551
-7.66034  5.67086  5.46999  5.51973  5.74356  0.200872  -0.223831
-7.69174  5.66868  5.46956  5.5193  5.74132  0.199115  -0.222029
-7.61332  5.67701  5.47526  5.52499  5.74967  0.201755  -0.224679
-7.66103  5.67247  5.47389  5.52359  5.74504  0.198582  -0.221457
-7.63111  5.6758  5.47403  5.52377  5.74847  0.20177  -0.224699
-7.69016  5.66951  5.46885  5.51858  5.74222  0.20066  -0.223641
-7.72212  5.67909  5.47643  5.52608  5.75179  0.202656  -0.225712
-7.69668  5.67825  5.47814  5.52777  5.75084  0.200103  -0.22307
-7.67156  5.67798  5.47634  5.52602  5.75064  0.201637  -0.224617
-7.67279  5.68464  5.48044  5.53007  5.75734  0.204199  -0.227274
-7.71001  5.68371  5.47995  5.52958  5.7564  0.203758  -0.226824
-7.69531  5.67861  5.47475  5.52444  5.75137  0.203863  -0.226924
-7.66215  5.67672  5.4736  5.52331  5.74946  0.203123  -0.22615
-7.67648  5.67359  5.47197  5.52168  5.7463  0.201621  -0.224622
-7.69212  5.67185  5.46929  5.51903  5.74462  0.202557  -0.225595
-7.68031  5.67916  5.47766  5.52731  5.7518  0.201495  -0.224487
-7.69191  5.67683  5.47479  5.52447  5.74953  0.202036  -0.22506
-7.64566  5.67539  5.47121  5.52094  5.74819  0.204176  -0.227246
-7.63098  5.6881  5.48365  5.53328  5.76076  0.204453  -0.227487
-7.70379  5.67512  5.47481  5.52446  5.74777  0.200317  -0.223303
-7.67551  5.67163  5.47108  5.52079  5.74432  0.200549  -0.223525
-7.71582  5.67812  5.47469  5.52435  5.75088  0.203432  -0.226529
-7.65342  5.68077  5.47739  5.52707  5.75347  0.203384  -0.226398
-7.70255  5.67944  5.47617  5.52585  5.75216  0.203274  -0.226315
-7.69164  5.6797  5.47336  5.52308  5.75255  0.206341  -0.22947
-7.6688  5.68805  5.48014  5.5298  5.76087  0.207907  -0.231071
-7.71312  5.68538  5.47818  5.52783  5.75822  0.207197  -0.230386
-7.70638  5.6728  5.46749  5.51722  5.7457  0.205309  -0.228477
-7.6861  5.68384  5.47971  5.52936  5.75655  0.204124  -0.227191
-7.71537  5.68547  5.4802  5.52982  5.75822  0.205268  -0.228401
-7.73049  5.68208  5.47722  5.52685  5.75486  0.204861  -0.228007
-7.69366  5.67834  5.47417  5.52385  5.75112  0.204173  -0.227266
-7.67521  5.67475  5.47138  5.5211  5.74752  0.203363  -0.226424
-7.65003  5.68036  5.47573  5.52545  5.75311  0.204625  -0.227665
-7.68294  5.68468  5.48141  5.53106  5.75733  0.203277  -0.226277
-7.68743  5.6756  5.47412  5.52379  5.74829  0.201482  -0.224503
-7.71584  5.67574  5.47621  5.52584  5.74834  0.19953  -0.222497
-7.70559  5.67004  5.46799  5.5177  5.74283  0.202051  -0.225129
-7.74241  5.66572  5.46556  5.51526  5.73848  0.20016  -0.223228
-7.6642  5.6832  5.48438  5.53397  5.75567  0.19882  -0.221702
-7.63659  5.67463  5.47849  5.52812  5.74708  0.196138  -0.218954
-7.63383  5.68329  5.48326  5.53286  5.75582  0.200028  -0.222952
-7.68218  5.67864  5.4798  5.52942  5.75117  0.198846  -0.221749
-7.71827  5.67186  5.47308  5.52276  5.74446  0.198778  -0.221702
-7.69195  5.67429  5.47276  5.52245  5.74699  0.201537  -0.224537
-7.67624  5.67043  5.47072  5.52045  5.74309  0.19971  -0.222642
-7.70018  5.67706  5.47821  5.52782  5.74962  0.198853  -0.2218
-7.62166  5.68308  5.48329  5.53288  5.7556  0.199791  -0.222718
-7.65492  5.67606  5.47492  5.5246  5.74872  0.201137  -0.224115
-7.60761  5.68089  5.47602  5.52574  5.75365  0.204871  -0.227905
-7.65071  5.6819  5.47497  5.52469  5.75474  0.206928  -0.230051
-7.65851  5.6792  5.47562  5.52531  5.75193  0.203581  -0.226623
-7.70832  5.67142  5.46978  5.5195  5.74416  0.201637  -0.22466
-7.66894  5.67985  5.476  5.52567  5.75259  0.203856  -0.226922
-7.70014  5.67635  5.47006  5.51979  5.74925  0.206295  -0.229458
-7.61362  5.68042  5.47784  5.52751  5.75308  0.202577  -0.225569
-7.59709  5.68449  5.48016  5.52985  5.75718  0.204327  -0.227327
-7.57725  5.67615  5.47473  5.52448  5.74879  0.20141  -0.224305
-7.60956  5.67843  5.47933  5.52902  5.75095  0.199098  -0.221927
-7.70289  5.67542  5.47759  5.52725  5.74794  0.197836  -0.220689
-7.67233  5.67383  5.47481  5.52451  5.74641  0.199021  -0.221905
-7.62405  5.68171  5.48048  5.53014  5.7543  0.201228  -0.224161
-7.66259  5.67855  5.48031  5.52994  5.75105  0.198239  -0.221106
-7.68101  5.67403  5.47514  5.5248  5.74661  0.198882  -0.221813
-7.69769  5.67026  5.47047  5.52017  5.74293  0.19979  -0.222764
-7.71483  5.67503  5.47289  5.52255  5.74776  0.202133  -0.225205
-7.74448  5.67402  5.46961  5.51931  5.74686  0.204402  -0.227547
-7.71032  5.67246  5.46608  5.51581  5.74542  0.206383  -0.229613
-7.67925  5.68177  5.47414  5.52385  5.75466  0.207629  -0.230815
-7.71189  5.67513  5.46681  5.51657  5.74814  0.208319  -0.23157
-7.72674  5.68222  5.47017  5.5199  5.75532  0.212049  -0.235413
-7.71836  5.68411  5.47239  5.5221  5.75717  0.211716  -0.235068
-7.68357  5.67636  5.4672  5.51696  5.74938  0.209154  -0.232419
-7.7132  5.67269  5.46481  5.51459  5.74569  0.207878  -0.231107
-7.72563  5.66971  5.46478  5.51455  5.74262  0.20493  -0.228065
-7.71315  5.68139  5.47542  5.5251  5.75421  0.205968  -0.229113
-7.66958  5.6828  5.47824  5.5279  5.75554  0.204563  -0.227642
-7.68738  5.68196  5.47691  5.52658  5.75473  0.205047  -0.228148
-7.69528  5.67598  5.47233  5.52203  5.74876  0.203648  -0.226727
-7.6876  5.67985  5.47777  5.52743  5.75251  0.20208  -0.225078
-7.68407  5.66818  5.46918  5.51891  5.74083  0.198998  -0.221919
-7.65866  5.66441  5.46479  5.51457  5.73713  0.199615  -0.222556
-7.66726  5.67537  5.47264  5.52235  5.74811  0.202726  -0.22576
-7.66018  5.68435  5.48313  5.53272  5.75693  0.201215  -0.224201
-7.67815  5.67841  5.47703  5.52669  5.75106  0.201381  -0.224371
-7.69294  5.67175  5.47284  5.52251  5.74437  0.198909  -0.221851
-7.71189  5.67614  5.47661  5.52626  5.74873  0.199537  -0.222466
-7.67045  5.67635  5.47634  5.52603  5.74894  0.200003  -0.222912
-7.69055  5.68045  5.47878  5.52843  5.75308  0.201669  -0.224658
-7.68525  5.67806  5.47349  5.52317  5.75086  0.204573  -0.22769
-7.73908  5.67732  5.4741  5.52374  5.75009  0.203226  -0.226343
-7.75828  5.67729  5.47203  5.5217  5.75015  0.20526  -0.228451
-7.73791  5.67581  5.47267  5.52233  5.74859  0.203143  -0.226252
-7.68403  5.67816  5.47484  5.5245  5.7509  0.20332  -0.226401
-7.73532  5.67249  5.46693  5.51665  5.74541  0.205556  -0.228752
-7.70711  5.67242  5.46811  5.51782  5.74528  0.204308  -0.227454
-7.66898  5.67741  5.47154  5.52128  5.75026  0.205867  -0.228985
-7.68012  5.67954  5.47303  5.52277  5.75239  0.206512  -0.229629
-7.69265  5.68009  5.47222  5.52193  5.75302  0.207873  -0.231086
-7.67634  5.68034  5.47295  5.52266  5.75323  0.207392  -0.23057
-7.70869  5.68367  5.4769  5.52658  5.75649  0.206773  -0.229909
-7.6917  5.68357  5.4764  5.52609  5.75641  0.207171  -0.230316
-7.70979  5.67916  5.47527  5.52494  5.75191  0.20389  -0.226975
-7.71064  5.67457  5.47257  5.52225  5.74729  0.201996  -0.225038
-7.68961  5.67352  5.47407  5.52373  5.74614  0.199448  -0.222405
-7.69257  5.67388  5.47625  5.52585  5.74644  0.197638  -0.22059
-7.66567  5.67735  5.48017  5.52979  5.74982  0.197179  -0.220032
-7.76613  5.67116  5.47346  5.5231  5.74374  0.197704  -0.220646
-7.76244  5.6614  5.46308  5.51279  5.73413  0.198318  -0.221346
-7.73608  5.67524  5.47361  5.52324  5.74796  0.201629  -0.224718
