-7.85027  5.64526  5.46049  5.51014  5.71761  0.184769  -0.207468
-7.8745  5.64121  5.45563  5.50533  5.71364  0.185582  -0.208304
-7.84538  5.65266  5.46592  5.51554  5.725  0.186742  -0.209457
-7.9346  5.63093  5.4495  5.49918  5.70331  0.181437  -0.204131
-7.88449  5.63382  5.45062  5.50031  5.70624  0.183196  -0.205922
-7.92087  5.63578  5.45296  5.50262  5.70816  0.182813  -0.20554
-7.89771  5.6321  5.45058  5.50027  5.70447  0.181515  -0.204199
-7.93158  5.63091  5.45194  5.50158  5.70318  0.178969  -0.201606
-7.91126  5.63057  5.45215  5.50181  5.70282  0.178419  -0.201014
-7.88967  5.63585  5.45661  5.50624  5.70807  0.179243  -0.201832
-7.88981  5.63737  5.458  5.50764  5.70957  0.179365  -0.201931
-7.90816  5.63621  5.45276  5.50243  5.70862  0.183455  -0.206182
-7.93993  5.62915  5.44865  5.49832  5.70152  0.180498  -0.203192
-7.93336  5.62822  5.44719  5.49687  5.70062  0.18103  -0.203743
-7.95655  5.62426  5.44307  5.49279  5.69672  0.181192  -0.203935
-7.87582  5.6337  5.44913  5.49884  5.70619  0.18457  -0.207345
-7.88838  5.63326  5.44962  5.49931  5.70571  0.18364  -0.206396
-7.89233  5.63809  5.45361  5.50329  5.71052  0.184485  -0.207233
-7.9193  5.63466  5.45096  5.50065  5.70709  0.183702  -0.206441
-7.96521  5.62082  5.43929  5.48902  5.69334  0.181533  -0.204321
-7.92184  5.62993  5.44634  5.49604  5.70243  0.183594  -0.206397
-7.96153  5.62838  5.44728  5.49695  5.70078  0.181098  -0.203832
-8.01634  5.62249  5.44411  5.49378  5.69486  0.178384  -0.201081
-7.90687  5.63418  5.45309  5.50273  5.70652  0.181094  -0.203781
-7.9184  5.62987  5.45009  5.49978  5.70218  0.179782  -0.202403
-7.85374  5.63928  5.4563  5.50595  5.71162  0.182979  -0.205672
-7.88952  5.63181  5.44674  5.49646  5.70434  0.185075  -0.207879
-8.00702  5.62519  5.44486  5.49452  5.69761  0.180328  -0.203089
-7.98063  5.62504  5.44195  5.49166  5.69758  0.18309  -0.205924
-7.93929  5.62855  5.44603  5.49572  5.70102  0.182522  -0.205308
-7.96597  5.62414  5.44299  5.49269  5.6966  0.18115  -0.203911
-8.01684  5.61975  5.43714  5.48689  5.69233  0.182605  -0.205443
-7.95299  5.62858  5.44316  5.49288  5.70119  0.185425  -0.208304
-7.98252  5.62538  5.44167  5.49141  5.69794  0.183715  -0.206532
-7.93261  5.63329  5.44764  5.49735  5.70583  0.185645  -0.208477
-7.89494  5.64283  5.45678  5.50641  5.71528  0.186051  -0.208873
-7.93298  5.63638  5.45101  5.50067  5.70889  0.185371  -0.208216
-7.9632  5.63359  5.44779  5.49747  5.70615  0.185793  -0.208675
-8.02152  5.61798  5.43855  5.48823  5.69045  0.179428  -0.20222
-7.9753  5.62651  5.44448  5.49416  5.69899  0.182031  -0.204828
-7.97517  5.62191  5.43831  5.48804  5.69451  0.183599  -0.206466
-7.92294  5.63087  5.4446  5.49435  5.70347  0.186271  -0.209125
-7.86093  5.63817  5.45226  5.50197  5.71065  0.185909  -0.20868
-7.89917  5.64121  5.45454  5.50423  5.7137  0.186671  -0.20947
-7.86835  5.64121  5.45422  5.50391  5.71371  0.186995  -0.209795
-7.97636  5.62335  5.44081  5.49055  5.69588  0.182538  -0.205327
-7.92537  5.63036  5.44863  5.4983  5.70277  0.181731  -0.204463
-7.92633  5.63143  5.44732  5.49703  5.70393  0.184117  -0.206894
-7.92809  5.62872  5.44494  5.49468  5.70123  0.183782  -0.206558
-7.93725  5.63136  5.44938  5.49905  5.70376  0.181981  -0.204708
-7.92846  5.63178  5.44995  5.49964  5.70416  0.181825  -0.204515
-7.86542  5.63462  5.45086  5.50057  5.70705  0.183757  -0.206483
-7.89254  5.63385  5.45546  5.50509  5.70606  0.178391  -0.200971
-7.92174  5.63105  5.45039  5.50007  5.70339  0.180664  -0.203316
-7.87641  5.64185  5.4588  5.50844  5.71416  0.18305  -0.205719
-7.87812  5.63561  5.45399  5.50366  5.70793  0.181624  -0.204266
-7.88146  5.64041  5.45862  5.50826  5.71268  0.181789  -0.204422
-7.88193  5.63655  5.45409  5.50377  5.7089  0.182464  -0.205123
-7.85226  5.6364  5.45367  5.50339  5.70875  0.182728  -0.205365
-7.9033  5.63142  5.44995  5.49966  5.70378  0.181464  -0.204119
-7.87246  5.64181  5.45688  5.50656  5.7142  0.184926  -0.207641
-7.87087  5.63624  5.45337  5.50306  5.70861  0.182871  -0.205552
-7.85033  5.6336  5.45118  5.50089  5.70598  0.182421  -0.205081
-7.82764  5.64699  5.46236  5.51199  5.71931  0.184633  -0.207315
-7.89099  5.6359  5.45361  5.50327  5.70826  0.182289  -0.204988
-7.93685  5.62606  5.44584  5.49554  5.69845  0.18022  -0.202913
-7.8699  5.6358  5.45044  5.50017  5.70828  0.185353  -0.208114
-7.84349  5.6453  5.461  5.51064  5.71762  0.184297  -0.206977
-7.9598  5.62691  5.44731  5.497  5.69925  0.179599  -0.202245
-7.93907  5.62775  5.44923  5.49892  5.70003  0.178516  -0.20111
-7.85438  5.63709  5.45556  5.50521  5.7094  0.18153  -0.204183
-7.90219  5.63499  5.45489  5.50454  5.70725  0.180104  -0.202718
-7.88112  5.64947  5.46567  5.51526  5.72172  0.183801  -0.206463
-7.96103  5.63165  5.45185  5.5015  5.70395  0.179793  -0.202448
-7.88766  5.63892  5.45477  5.50443  5.71132  0.18415  -0.206894
-7.94239  5.62886  5.445  5.49471  5.70138  0.183864  -0.206673
-7.95839  5.62648  5.4429  5.49263  5.69902  0.183583  -0.206393
-7.94593  5.62967  5.44703  5.4967  5.70214  0.182644  -0.205443
-7.99484  5.62228  5.43934  5.48907  5.69485  0.182943  -0.205783
-7.91931  5.6354  5.44995  5.49963  5.70791  0.185449  -0.208288
-7.94039  5.63918  5.45347  5.5031  5.71167  0.18571  -0.208562
-7.92301  5.62909  5.44673  5.4964  5.70155  0.182362  -0.205145
-7.91007  5.63707  5.45435  5.504  5.70944  0.182718  -0.205435
-7.89059  5.63482  5.45046  5.50016  5.70729  0.184362  -0.207132
-7.92331  5.63591  5.45327  5.50293  5.70828  0.182639  -0.20535
-7.88725  5.63351  5.45198  5.50165  5.70586  0.181535  -0.204205
-7.8503  5.64271  5.45869  5.50836  5.71505  0.184017  -0.20669
-7.86531  5.63741  5.45471  5.5044  5.70976  0.182702  -0.205361
-7.82826  5.64382  5.45946  5.50913  5.71615  0.184366  -0.20702
-7.81261  5.65154  5.46615  5.51576  5.72383  0.185389  -0.208068
-7.87876  5.63889  5.45595  5.50563  5.71123  0.182947  -0.2056
-7.85975  5.64024  5.45782  5.50749  5.71253  0.182422  -0.205038
-7.84984  5.64467  5.46165  5.5113  5.71693  0.183012  -0.205626
-7.86545  5.64099  5.45991  5.50955  5.71321  0.181082  -0.203668
-7.86163  5.64607  5.46472  5.51432  5.71825  0.181349  -0.20393
-7.84137  5.6428  5.46211  5.51172  5.71499  0.180697  -0.203272
-7.93946  5.6311  5.45423  5.50386  5.70327  0.176873  -0.199402
-7.94548  5.62672  5.45059  5.50023  5.69891  0.176132  -0.198681
-7.91371  5.6327  5.45138  5.50106  5.70505  0.181325  -0.203986
-7.90421  5.63727  5.4535  5.50317  5.70968  0.183772  -0.206503
-7.87161  5.64162  5.4582  5.50784  5.71395  0.18342  -0.206117
-7.89121  5.63266  5.45151  5.5012  5.705  0.181152  -0.2038
-7.82906  5.64608  5.46334  5.51299  5.71831  0.182736  -0.205322
-7.87377  5.63648  5.45571  5.50539  5.70874  0.180773  -0.203356
-7.91405  5.63287  5.45255  5.50222  5.70517  0.180325  -0.202958
-7.91755  5.63008  5.44879  5.49849  5.70246  0.181291  -0.203967
-7.87916  5.63475  5.45414  5.5038  5.70704  0.180614  -0.203239
-7.93632  5.62892  5.44984  5.4995  5.70122  0.179082  -0.201714
-7.90321  5.64269  5.45439  5.50406  5.71524  0.1883  -0.211175
-7.91993  5.6358  5.45139  5.50106  5.70826  0.184407  -0.207202
-7.97495  5.63012  5.44621  5.49591  5.70263  0.183909  -0.206718
-7.96817  5.6365  5.45019  5.49985  5.70905  0.186308  -0.209196
-7.90596  5.63379  5.44808  5.49777  5.70634  0.18571  -0.208571
-7.95686  5.62376  5.43947  5.48921  5.69637  0.184291  -0.207152
-7.9659  5.62123  5.43808  5.48784  5.69382  0.183153  -0.205981
-7.91336  5.63486  5.44616  5.49588  5.70753  0.188698  -0.211653
-7.92253  5.63893  5.44904  5.49874  5.71161  0.189897  -0.212875
-7.90153  5.63958  5.45015  5.49986  5.71222  0.189428  -0.212357
-7.96368  5.62528  5.44129  5.49106  5.69785  0.183995  -0.20679
-7.93527  5.63384  5.44903  5.49871  5.70635  0.184814  -0.20764
-7.98582  5.62701  5.44292  5.49266  5.69956  0.184082  -0.206895
-7.91643  5.63792  5.45511  5.50476  5.71028  0.182811  -0.205524
-7.86668  5.63237  5.45198  5.50168  5.70467  0.180385  -0.202989
-7.85368  5.63479  5.45298  5.50267  5.70712  0.181809  -0.204453
-7.90772  5.63495  5.45093  5.50062  5.70739  0.184016  -0.20677
-7.88717  5.63883  5.45398  5.50366  5.71126  0.184848  -0.207604
-7.87599  5.63782  5.45416  5.50383  5.71021  0.183657  -0.206379
-7.91667  5.63432  5.4495  5.49921  5.7068  0.184822  -0.207593
-7.88161  5.63247  5.44924  5.49897  5.70489  0.183225  -0.205922
-7.90194  5.64047  5.45501  5.50471  5.71291  0.185459  -0.208201
-7.93371  5.63249  5.44727  5.49699  5.70502  0.185211  -0.208035
-7.96265  5.63207  5.44898  5.49865  5.70452  0.183088  -0.205868
-7.91755  5.63594  5.45194  5.50162  5.70838  0.183999  -0.20676
-7.93649  5.63394  5.45069  5.50035  5.70638  0.183253  -0.206025
-7.92495  5.64378  5.45846  5.50809  5.71618  0.18532  -0.208085
-7.91749  5.63339  5.45321  5.50285  5.70569  0.180183  -0.202836
-7.89013  5.6349  5.45063  5.50032  5.70736  0.184271  -0.207035
-7.84181  5.64153  5.45575  5.50545  5.71396  0.185773  -0.208515
-7.86155  5.64135  5.45519  5.50489  5.7138  0.186156  -0.208918
-7.85855  5.63868  5.45201  5.50174  5.71118  0.186669  -0.209436
-7.84473  5.63289  5.45065  5.50038  5.70526  0.182236  -0.204877
-7.89278  5.63999  5.45706  5.50671  5.71232  0.182933  -0.205608
-7.86361  5.64229  5.45691  5.50658  5.7147  0.185382  -0.208126
-7.912  5.634  5.45105  5.50075  5.7064  0.182946  -0.205655
-7.92965  5.62559  5.44611  5.49582  5.69795  0.179485  -0.202127
-7.94691  5.63543  5.45128  5.50094  5.70789  0.184158  -0.206945
-7.87568  5.63972  5.45213  5.50184  5.71227  0.187595  -0.210422
-7.90229  5.63653  5.44775  5.4975  5.70917  0.188775  -0.211668
-7.87108  5.64473  5.45607  5.50576  5.71726  0.188655  -0.211495
-7.82946  5.64623  5.45834  5.50801  5.71871  0.187894  -0.210698
-7.86971  5.63473  5.44845  5.49818  5.70727  0.186272  -0.209092
-7.90993  5.63353  5.44529  5.49504  5.70619  0.188242  -0.211151
-7.98011  5.62725  5.44097  5.49071  5.6999  0.186284  -0.209189
-7.94654  5.63504  5.4454  5.49515  5.70774  0.189635  -0.212597
-7.90877  5.63359  5.44538  5.49514  5.70624  0.188215  -0.211105
-7.9351  5.63784  5.45002  5.49971  5.71044  0.18782  -0.210724
-7.92348  5.62981  5.44402  5.49376  5.7024  0.185786  -0.208635
-7.95449  5.63096  5.44604  5.49574  5.7035  0.184915  -0.20776
-7.91521  5.64172  5.45494  5.5046  5.71422  0.18678  -0.209614
-7.8786  5.64503  5.45831  5.50794  5.71748  0.186721  -0.209543
-7.93811  5.63678  5.45425  5.50388  5.70915  0.182524  -0.205269
-7.95152  5.63372  5.45049  5.50015  5.70616  0.183234  -0.206008
-7.88121  5.64348  5.46214  5.51173  5.7157  0.181334  -0.203969
-7.9006  5.6376  5.45658  5.50624  5.70987  0.181021  -0.203629
-7.83393  5.6433  5.46137  5.51101  5.71554  0.181927  -0.204525
-7.84364  5.64126  5.45722  5.50689  5.71362  0.184041  -0.20673
-7.91319  5.63325  5.45217  5.50185  5.70558  0.181076  -0.203739
-7.98359  5.62719  5.44615  5.49583  5.69961  0.181045  -0.203788
-8.04365  5.61906  5.44089  5.49057  5.69147  0.17817  -0.200898
-8.03022  5.61852  5.43923  5.48893  5.69098  0.179286  -0.202046
-8.00879  5.61947  5.44023  5.4899  5.69192  0.179245  -0.202022
-8.00577  5.62549  5.44293  5.49263  5.69801  0.182563  -0.205379
-7.97739  5.62821  5.44373  5.49345  5.70077  0.184483  -0.207326
-7.94814  5.63919  5.45488  5.50451  5.71161  0.184308  -0.207101
-7.92388  5.62913  5.44788  5.49756  5.70153  0.181248  -0.203977
-7.96036  5.63112  5.44946  5.49912  5.70352  0.181663  -0.204399
-7.8961  5.63123  5.44794  5.49764  5.70369  0.183282  -0.206052
-7.96013  5.6308  5.44738  5.49708  5.70327  0.18342  -0.206193
-7.90952  5.63753  5.45565  5.50528  5.70986  0.181887  -0.204578
-7.92164  5.63193  5.44847  5.49819  5.70438  0.183457  -0.206192
-7.8238  5.64218  5.4586  5.50828  5.7145  0.183585  -0.206228
-7.82788  5.63869  5.45741  5.5071  5.71095  0.181281  -0.203846
-7.81683  5.64799  5.46392  5.51355  5.72027  0.18407  -0.206712
-7.88401  5.63275  5.4568  5.50644  5.70485  0.175951  -0.19841
-7.8525  5.63338  5.45737  5.50702  5.70547  0.176018  -0.19845
-7.85685  5.63972  5.46322  5.51283  5.71175  0.176501  -0.198918
-7.89578  5.62721  5.45058  5.50027  5.6994  0.176631  -0.199134
-7.84642  5.64487  5.46173  5.51135  5.71715  0.183148  -0.205805
-7.87259  5.63765  5.45489  5.50455  5.71  0.182764  -0.20545
-7.89935  5.63711  5.45534  5.50499  5.70943  0.181769  -0.204443
-7.90311  5.63932  5.45856  5.50817  5.71157  0.180757  -0.203394
-7.80359  5.64602  5.46259  5.51223  5.71829  0.183423  -0.206058
-7.84385  5.63911  5.45708  5.50676  5.7114  0.182027  -0.204642
-7.83092  5.63818  5.4557  5.5054  5.7105  0.182483  -0.205098
-7.8524  5.64027  5.4565  5.50617  5.71264  0.183779  -0.20647
-7.82373  5.63928  5.45528  5.50498  5.71166  0.183996  -0.206674
-7.84008  5.64766  5.46304  5.51266  5.71997  0.184625  -0.207309
-7.85229  5.63972  5.4542  5.50392  5.71216  0.185521  -0.208236
-7.88258  5.64079  5.45639  5.50606  5.71317  0.184398  -0.207111
-7.93672  5.62429  5.44043  5.4902  5.69686  0.183858  -0.206652
-7.9641  5.62854  5.44467  5.49438  5.70107  0.183876  -0.206685
-7.90257  5.63569  5.45164  5.50133  5.70812  0.184044  -0.20679
-7.87427  5.64081  5.45396  5.50366  5.7133  0.186844  -0.209643
-7.94898  5.63257  5.44555  5.49529  5.70518  0.187019  -0.209896
-7.89767  5.63751  5.45226  5.50195  5.70998  0.185248  -0.208029
-7.90848  5.63959  5.45307  5.50274  5.7121  0.186525  -0.209353
-7.96069  5.62543  5.44259  5.4923  5.69795  0.182839  -0.20565
-7.92514  5.6428  5.45842  5.50802  5.71518  0.184385  -0.207164
-7.97078  5.63487  5.45304  5.50264  5.70724  0.181829  -0.204602
-7.9658  5.63022  5.44737  5.49705  5.70269  0.182856  -0.205638
-7.95182  5.62999  5.44792  5.49761  5.70241  0.182068  -0.204806
-7.90809  5.63925  5.45566  5.50533  5.71161  0.183587  -0.206284
-7.87602  5.6397  5.4556  5.50527  5.71208  0.184106  -0.206812
-7.95145  5.62395  5.44257  5.4923  5.69642  0.181383  -0.204126
-7.93054  5.62873  5.44524  5.49497  5.70123  0.183482  -0.206257
-7.90905  5.63299  5.44904  5.49875  5.70545  0.183943  -0.206697
-7.88991  5.64404  5.45509  5.50478  5.71659  0.188947  -0.211816
-7.91696  5.63488  5.44729  5.49703  5.70748  0.18759  -0.21045
-7.87526  5.6443  5.45686  5.50654  5.71678  0.187434  -0.210238
-7.84891  5.64543  5.45956  5.50922  5.71782  0.18587  -0.208594
-7.92421  5.63994  5.45516  5.50483  5.71235  0.184776  -0.207528
-7.91503  5.6361  5.45236  5.50204  5.70852  0.183741  -0.206481
-7.96168  5.62396  5.44434  5.49404  5.69634  0.179621  -0.202298
-7.94483  5.63384  5.45221  5.50184  5.70621  0.181634  -0.204364
-7.98869  5.62287  5.43987  5.48961  5.69543  0.182993  -0.20581
-7.96133  5.62646  5.44361  5.49333  5.69897  0.182853  -0.205641
-7.96145  5.62955  5.44585  5.49555  5.70206  0.183703  -0.206514
-7.93627  5.63286  5.44781  5.49752  5.70538  0.185057  -0.207855
-7.94194  5.63078  5.44504  5.49475  5.70337  0.185741  -0.208619
-7.9752  5.63146  5.44789  5.49756  5.70395  0.183569  -0.206391
-7.96032  5.62469  5.44096  5.49069  5.69726  0.18373  -0.206565
-7.9208  5.63499  5.4496  5.49929  5.7075  0.185387  -0.208204
-7.92127  5.63021  5.44604  5.49576  5.70272  0.184163  -0.206958
-7.9125  5.63001  5.4433  5.49306  5.70264  0.186713  -0.209585
-7.95942  5.62737  5.44246  5.49221  5.69995  0.18491  -0.207737
-7.96347  5.62577  5.43984  5.4896  5.69843  0.185932  -0.208824
-7.89542  5.6364  5.44759  5.49731  5.70905  0.188809  -0.211739
-7.89543  5.63506  5.44897  5.49868  5.7076  0.186091  -0.208925
-7.84945  5.64999  5.45958  5.50924  5.72254  0.190407  -0.213292
-7.88823  5.63805  5.45429  5.50396  5.71045  0.183757  -0.206489
-7.90764  5.63494  5.452  5.50168  5.70733  0.182941  -0.205655
-7.88503  5.63019  5.44943  5.49912  5.70255  0.180767  -0.203434
-7.86798  5.62966  5.44699  5.49675  5.70209  0.18267  -0.205341
-7.87132  5.63136  5.44901  5.49876  5.70375  0.182347  -0.204995
-7.87105  5.63085  5.4507  5.50041  5.70316  0.180153  -0.202754
-7.88229  5.63575  5.45636  5.506  5.70797  0.179382  -0.201967
-7.92785  5.62264  5.44527  5.49497  5.69494  0.17737  -0.199976
-7.97315  5.62326  5.44513  5.4948  5.6956  0.178138  -0.200795
-7.94094  5.62698  5.44758  5.49725  5.69932  0.179401  -0.202075
-7.92953  5.63233  5.4524  5.50205  5.70463  0.179927  -0.202575
-7.89146  5.62902  5.44807  5.49777  5.7014  0.180952  -0.203625
-7.87665  5.63035  5.44716  5.4969  5.7028  0.183187  -0.205909
-7.8706  5.63895  5.45614  5.5058  5.71129  0.182811  -0.205489
-7.91566  5.6379  5.45403  5.50369  5.71031  0.183865  -0.206614
-7.96002  5.63569  5.45315  5.5028  5.70806  0.182535  -0.205262
-7.97236  5.63344  5.45064  5.50029  5.70587  0.182799  -0.205577
-7.82392  5.64668  5.46051  5.51016  5.71908  0.186176  -0.208914
-7.84358  5.64437  5.46032  5.50997  5.71669  0.18405  -0.206719
-7.87657  5.64112  5.45765  5.50732  5.71345  0.18347  -0.206135
-7.83351  5.65217  5.4655  5.51512  5.72452  0.186663  -0.209393
-7.87607  5.64038  5.45639  5.50605  5.71275  0.183992  -0.206701
-7.88323  5.64297  5.45681  5.50648  5.71541  0.18615  -0.20893
-7.88875  5.63555  5.45161  5.5013  5.70798  0.18394  -0.20668
-7.95186  5.62985  5.44908  5.49874  5.70222  0.180764  -0.203474
-7.91544  5.63391  5.45046  5.50014  5.70635  0.183447  -0.206216
-7.8958  5.64409  5.45813  5.50778  5.71651  0.185956  -0.208723
-7.95204  5.63217  5.45153  5.50117  5.70451  0.180647  -0.203338
-7.99821  5.62582  5.44787  5.4975  5.69813  0.177955  -0.200625
-7.96808  5.63039  5.44895  5.49859  5.70279  0.181432  -0.2042
-8.02188  5.61524  5.43301  5.48276  5.68788  0.182234  -0.205119
-7.98476  5.62358  5.44037  5.49011  5.69614  0.183216  -0.206035
-7.97566  5.63048  5.44347  5.49321  5.70313  0.187007  -0.209921
-7.96299  5.62779  5.44295  5.49269  5.70036  0.184835  -0.207671
-7.90843  5.63635  5.44834  5.49806  5.70896  0.188015  -0.210901
-7.89489  5.63966  5.45399  5.50368  5.71212  0.185673  -0.208446
-7.91966  5.63226  5.45033  5.50002  5.70464  0.181927  -0.204629
-7.87691  5.63409  5.4492  5.49892  5.70658  0.184893  -0.207661
-7.90165  5.63827  5.45263  5.50231  5.71075  0.18564  -0.208442
-7.97728  5.61762  5.43883  5.48857  5.69005  0.178792  -0.201475
-7.94261  5.63116  5.45009  5.49975  5.70353  0.181067  -0.203772
-7.89592  5.63821  5.45589  5.50554  5.71054  0.182315  -0.204993
-7.87385  5.6396  5.45863  5.50825  5.71185  0.18097  -0.203602
-7.89433  5.6389  5.45689  5.50655  5.71119  0.18201  -0.20464
-7.92429  5.6289  5.44962  5.49931  5.7012  0.17928  -0.20189
-7.83899  5.64007  5.46045  5.51007  5.71225  0.179622  -0.202176
-7.85684  5.63884  5.45569  5.5054  5.71118  0.183147  -0.205782
-7.84742  5.64037  5.45623  5.50592  5.71274  0.184146  -0.206819
-7.84278  5.64758  5.46123  5.51088  5.71997  0.186359  -0.209087
-7.89021  5.63564  5.44997  5.49968  5.70815  0.185668  -0.20847
-7.88369  5.64454  5.45777  5.50743  5.71699  0.186778  -0.209565
-7.86129  5.63732  5.45215  5.50186  5.70978  0.185173  -0.207917
-7.90935  5.63717  5.45271  5.50241  5.7096  0.184455  -0.207195
-7.9238  5.63172  5.44899  5.4987  5.70414  0.182729  -0.205441
-7.87311  5.64027  5.45751  5.50717  5.71258  0.182754  -0.205414
-7.86472  5.6471  5.46079  5.51045  5.71949  0.186309  -0.209037
-7.88327  5.64208  5.4574  5.50705  5.71447  0.184684  -0.207415
-7.86803  5.63662  5.45399  5.50368  5.70897  0.182622  -0.205286
-7.90861  5.63541  5.45336  5.50303  5.70776  0.182048  -0.204738
-7.94775  5.627  5.447  5.49668  5.69937  0.180005  -0.202691
-7.93457  5.62958  5.44691  5.4966  5.70204  0.182663  -0.205436
-7.99301  5.62608  5.44733  5.49698  5.69841  0.17875  -0.201426
-7.95307  5.63015  5.45104  5.50067  5.70245  0.179112  -0.201773
-7.98003  5.62105  5.44175  5.49145  5.69347  0.179299  -0.202017
-7.95372  5.62831  5.44855  5.49822  5.70065  0.17976  -0.20243
-7.90594  5.63654  5.45624  5.50587  5.70879  0.180298  -0.202922
-7.8628  5.63373  5.45509  5.50474  5.70594  0.178646  -0.201206
-7.91187  5.62585  5.45072  5.50037  5.698  0.175121  -0.197629
-7.89505  5.63191  5.45588  5.50552  5.70402  0.176029  -0.198496
-7.91681  5.63038  5.4537  5.50335  5.70255  0.176682  -0.1992
-7.96761  5.62566  5.45092  5.50054  5.69781  0.174742  -0.197273
-7.92038  5.6332  5.45455  5.50418  5.70542  0.178649  -0.201239
-7.86575  5.64364  5.46074  5.51038  5.71592  0.182892  -0.205539
-7.87231  5.63446  5.45527  5.50492  5.70669  0.179192  -0.201771
-7.92573  5.63046  5.45235  5.50202  5.70269  0.178107  -0.200674
-7.89162  5.62499  5.44569  5.49542  5.69733  0.179297  -0.201912
-7.92906  5.63261  5.45316  5.50282  5.70487  0.179447  -0.202046
-7.86234  5.62872  5.45075  5.50044  5.70095  0.177967  -0.200514
-7.90103  5.63114  5.45282  5.50249  5.70336  0.178318  -0.200874
-7.82614  5.64402  5.45818  5.50786  5.71643  0.185848  -0.208569
-7.85617  5.63233  5.44839  5.49814  5.70478  0.183931  -0.206641
-7.83776  5.63607  5.4501  5.49985  5.70857  0.185972  -0.208717
-7.86433  5.63832  5.45269  5.50241  5.71079  0.185632  -0.208372
-7.82525  5.64279  5.45584  5.50555  5.71525  0.186947  -0.209701
-7.87357  5.64297  5.46056  5.51019  5.71524  0.182415  -0.205051
-7.89979  5.63462  5.4531  5.50279  5.70695  0.181524  -0.204155
-7.84759  5.6468  5.46048  5.51014  5.71919  0.186321  -0.209049
-7.89155  5.6432  5.45787  5.50752  5.7156  0.185324  -0.208075
-7.91113  5.63988  5.45487  5.50453  5.71231  0.185008  -0.207782
-7.88511  5.64007  5.45392  5.50361  5.71255  0.186152  -0.208941
-7.93585  5.62745  5.44226  5.49204  5.70003  0.185186  -0.20799
-7.87835  5.63814  5.45283  5.50254  5.71059  0.185309  -0.208052
-7.91019  5.63658  5.45205  5.50175  5.70903  0.184529  -0.207282
-7.85442  5.63781  5.45208  5.50179  5.71029  0.185726  -0.208492
-7.84088  5.6312  5.44543  5.4952  5.70375  0.185772  -0.208549
-7.89242  5.63644  5.44893  5.49869  5.70901  0.187508  -0.210319
-7.89198  5.63504  5.45169  5.50139  5.70745  0.183353  -0.206057
-7.90708  5.63663  5.45475  5.50438  5.70897  0.181887  -0.204584
-7.93482  5.62474  5.44453  5.49424  5.69714  0.18021  -0.202901
-7.94125  5.62626  5.44376  5.49349  5.69875  0.182502  -0.205269
-7.94348  5.63647  5.4512  5.50088  5.70896  0.18527  -0.208084
-7.90718  5.64224  5.45585  5.5055  5.71471  0.18639  -0.209209
-7.93085  5.63157  5.44768  5.49738  5.70405  0.183885  -0.20667
-7.95876  5.6274  5.44598  5.49567  5.69983  0.181417  -0.204161
-7.89148  5.64631  5.46045  5.51008  5.7187  0.185859  -0.20862
-7.90722  5.63493  5.45115  5.50083  5.70736  0.183777  -0.206532
-7.93211  5.62276  5.44257  5.4923  5.69518  0.180187  -0.202883
-7.9361  5.62643  5.44429  5.49401  5.6989  0.182141  -0.204885
-7.91914  5.63508  5.45315  5.5028  5.70744  0.181931  -0.204645
-7.89057  5.64262  5.45867  5.50831  5.71496  0.183949  -0.206653
-7.88385  5.63373  5.44979  5.4995  5.70619  0.183945  -0.206693
-7.86929  5.63724  5.45189  5.5016  5.70971  0.185347  -0.20811
-7.89775  5.643  5.45667  5.50634  5.71545  0.186326  -0.20911
-7.88588  5.63946  5.45178  5.5015  5.71201  0.187682  -0.210515
-7.84454  5.64041  5.45471  5.50441  5.71285  0.185698  -0.208444
-7.83383  5.64871  5.46047  5.51015  5.72116  0.188236  -0.211013
-7.89759  5.63587  5.45292  5.50261  5.70825  0.182951  -0.205636
-7.87747  5.64019  5.4583  5.50794  5.71247  0.181893  -0.20453
-7.8687  5.64572  5.46348  5.5131  5.71794  0.182242  -0.204838
-7.81329  5.65384  5.46754  5.51716  5.72615  0.186308  -0.208981
-7.83797  5.65017  5.46516  5.5148  5.72245  0.185004  -0.20765
-7.82372  5.65507  5.47136  5.52095  5.72724  0.183713  -0.206289
-7.90573  5.63857  5.45781  5.50745  5.71082  0.18076  -0.203368
-7.87152  5.63889  5.45643  5.50611  5.7112  0.182457  -0.205098
-7.86844  5.63847  5.45721  5.50688  5.71074  0.181265  -0.20386
-7.85359  5.6378  5.45554  5.50523  5.71012  0.182266  -0.204891
-7.8985  5.63691  5.45623  5.50586  5.70919  0.180688  -0.203321
-7.95868  5.62721  5.44845  5.49812  5.69952  0.178762  -0.201406
-7.88182  5.63443  5.45112  5.50082  5.70684  0.183314  -0.206021
-7.87197  5.64288  5.45807  5.50772  5.71526  0.184806  -0.207533
-7.85157  5.64192  5.46087  5.5105  5.71414  0.181048  -0.203636
-7.88487  5.63623  5.45744  5.50708  5.70841  0.178782  -0.201334
-7.87922  5.63542  5.45399  5.50367  5.70773  0.181428  -0.204058
-7.93929  5.63255  5.45156  5.50122  5.7049  0.180993  -0.203677
-7.9128  5.62514  5.44477  5.49448  5.69754  0.180368  -0.203058
-7.87514  5.64818  5.46376  5.51333  5.72049  0.184422  -0.207161
-7.90381  5.64408  5.45867  5.50829  5.71649  0.185409  -0.208194
-7.92147  5.63895  5.45391  5.50357  5.7114  0.185036  -0.207826
-7.94372  5.63279  5.45009  5.49976  5.70522  0.182701  -0.205456
-7.91915  5.63311  5.45059  5.50026  5.70552  0.182523  -0.205259
-7.93443  5.63076  5.44693  5.49665  5.70325  0.18383  -0.206604
-7.89639  5.63386  5.44837  5.4981  5.70638  0.185493  -0.20828
-7.9588  5.63186  5.44917  5.49886  5.70428  0.182691  -0.205426
-7.89949  5.63519  5.45144  5.50112  5.70763  0.183756  -0.206511
-7.93054  5.63349  5.45011  5.4998  5.70593  0.183377  -0.206123
-7.92681  5.63557  5.44923  5.49896  5.70811  0.186345  -0.209156
-7.93119  5.63075  5.45009  5.49977  5.7031  0.180667  -0.203334
-7.90193  5.63368  5.45255  5.50222  5.70601  0.181137  -0.203798
-7.95454  5.63073  5.44778  5.49746  5.7032  0.182954  -0.205732
-7.9249  5.63241  5.4491  5.49878  5.70486  0.183306  -0.206086
-7.94636  5.63187  5.44838  5.49807  5.70434  0.183489  -0.206269
-7.86604  5.64043  5.4526  5.50228  5.71299  0.187834  -0.210713
-7.88846  5.63974  5.45551  5.50515  5.71215  0.184227  -0.207003
-7.9299  5.63021  5.44573  5.49544  5.70274  0.184484  -0.207301
-7.95109  5.63124  5.44865  5.49832  5.70368  0.182584  -0.205352
-7.90549  5.64062  5.45515  5.50481  5.71307  0.185473  -0.208257
-7.91714  5.63767  5.45368  5.50333  5.71009  0.183994  -0.20676
-7.93559  5.63721  5.45163  5.50131  5.7097  0.185577  -0.208383
-7.9203  5.63374  5.44854  5.49825  5.70626  0.185204  -0.208011
-7.94063  5.63016  5.44479  5.49451  5.70273  0.185375  -0.208219
-7.97127  5.62893  5.44731  5.49698  5.70135  0.18162  -0.204369
-7.91288  5.6324  5.44959  5.49927  5.70482  0.182805  -0.205549
-7.91301  5.63914  5.45423  5.5039  5.71158  0.184909  -0.207685
-7.91181  5.63921  5.45691  5.50654  5.71153  0.182299  -0.204985
-7.88094  5.63849  5.45235  5.50204  5.71099  0.186141  -0.208948
-7.93536  5.63341  5.44901  5.49869  5.70591  0.184401  -0.207217
-7.90629  5.64285  5.45824  5.50787  5.71523  0.184607  -0.207352
-7.84916  5.64644  5.46319  5.51279  5.71871  0.183255  -0.205913
-7.89172  5.63272  5.45097  5.50066  5.70509  0.181757  -0.204428
-7.81809  5.64213  5.4574  5.50707  5.71451  0.184727  -0.207441
-7.85241  5.64316  5.46123  5.51085  5.7154  0.181924  -0.204547
-7.88756  5.63584  5.45486  5.50453  5.70813  0.180979  -0.203603
-7.88035  5.63405  5.45236  5.50207  5.70639  0.181687  -0.204315
-7.87025  5.63785  5.45716  5.50682  5.7101  0.180693  -0.203284
-7.897  5.6329  5.45034  5.50007  5.70528  0.182556  -0.205219
-7.86034  5.6391  5.45431  5.50404  5.71151  0.184792  -0.207471
-7.87933  5.63633  5.45318  5.50289  5.7087  0.183148  -0.205808
-7.85183  5.63224  5.44963  5.49937  5.70464  0.182611  -0.205272
-7.87565  5.62703  5.44594  5.49569  5.69943  0.18109  -0.203734
-7.90409  5.64035  5.45681  5.50648  5.7127  0.183536  -0.206213
-7.86625  5.64206  5.45685  5.50653  5.71446  0.18521  -0.207933
-7.85805  5.63891  5.45553  5.50522  5.71126  0.183377  -0.206039
-7.82529  5.64622  5.46046  5.51013  5.7186  0.185762  -0.208469
-7.84294  5.64599  5.45948  5.50916  5.7184  0.186506  -0.209242
-7.8428  5.64449  5.45906  5.50871  5.71688  0.185429  -0.208172
-7.86466  5.63767  5.4529  5.5026  5.71011  0.184769  -0.207506
-7.88639  5.63728  5.45359  5.50327  5.70968  0.183689  -0.206407
-7.88908  5.63942  5.45139  5.50109  5.712  0.188028  -0.210903
-7.86984  5.63749  5.44996  5.49971  5.71005  0.187526  -0.210344
-7.903  5.62657  5.4428  5.49256  5.6991  0.183765  -0.206537
-7.89442  5.63464  5.45216  5.50185  5.70702  0.182479  -0.205173
-7.88036  5.63806  5.45201  5.50173  5.71055  0.186053  -0.208824
-7.87605  5.62809  5.44363  5.4934  5.70063  0.18446  -0.207222
-7.99201  5.61956  5.4415  5.49121  5.69193  0.178059  -0.200717
-7.96623  5.6219  5.44087  5.4906  5.69438  0.181033  -0.20378
-7.99888  5.62359  5.44275  5.49245  5.69604  0.180831  -0.203596
-7.96896  5.62646  5.44499  5.49467  5.69891  0.181469  -0.204235
-7.98568  5.62322  5.44353  5.4932  5.69564  0.179685  -0.202435
-8.03177  5.62322  5.43935  5.48905  5.69584  0.183879  -0.206788
-8.01347  5.62674  5.44128  5.49099  5.69938  0.185456  -0.208392
-7.98554  5.63253  5.44537  5.49507  5.70517  0.187157  -0.210092
-7.89349  5.64136  5.451  5.50071  5.71401  0.190352  -0.2133
-7.93004  5.63298  5.4463  5.49602  5.70557  0.186674  -0.209551
-7.88673  5.64467  5.45413  5.50381  5.7173  0.190544  -0.213487
-7.9301  5.62916  5.44382  5.49356  5.70174  0.185341  -0.208174
-7.93539  5.63271  5.44631  5.49604  5.70529  0.186402  -0.209253
-7.90465  5.64597  5.45957  5.50918  5.7184  0.186398  -0.209219
-7.87109  5.63589  5.45342  5.5031  5.70824  0.182462  -0.205145
-7.85669  5.64322  5.45943  5.50907  5.71554  0.183788  -0.206473
-7.89366  5.63598  5.45508  5.50473  5.70827  0.180895  -0.203546
-7.91373  5.63353  5.45219  5.50184  5.70588  0.181333  -0.204036
-7.95649  5.62997  5.44859  5.49828  5.70236  0.181374  -0.204079
-7.87612  5.64023  5.45701  5.50667  5.71257  0.183226  -0.2059
-7.87812  5.63816  5.45644  5.5061  5.71045  0.181722  -0.204352
-7.82564  5.6411  5.45697  5.50667  5.71345  0.184125  -0.206784
-7.88545  5.63372  5.453  5.50268  5.70602  0.180718  -0.203343
-7.98734  5.62524  5.44745  5.49713  5.69753  0.177791  -0.200401
-7.93791  5.62471  5.44587  5.49557  5.69705  0.178844  -0.201481
-7.88956  5.63349  5.45128  5.50097  5.70587  0.182215  -0.204895
-7.87147  5.63198  5.45074  5.50042  5.70433  0.181238  -0.203911
-7.89979  5.63664  5.45567  5.50533  5.70892  0.18097  -0.203586
-7.87708  5.63323  5.45032  5.50004  5.70563  0.182911  -0.205582
-7.84576  5.64549  5.45976  5.50941  5.71788  0.18573  -0.208467
-7.86389  5.64791  5.46464  5.51424  5.72015  0.18327  -0.205916
-7.84901  5.64662  5.46324  5.51286  5.71889  0.183382  -0.206033
-7.89914  5.64027  5.45415  5.50383  5.71275  0.18612  -0.208915
-7.93529  5.63051  5.44647  5.49618  5.70301  0.184038  -0.206827
-7.8989  5.63596  5.45157  5.50125  5.70841  0.184388  -0.207163
-7.91199  5.6288  5.44506  5.49479  5.70131  0.183741  -0.206512
-7.96171  5.62968  5.4492  5.49885  5.70204  0.180476  -0.203193
-7.94228  5.6262  5.4475  5.49718  5.69852  0.178698  -0.201342
-7.87646  5.63783  5.45406  5.50373  5.71022  0.183769  -0.206487
-7.87528  5.6288  5.44708  5.49682  5.7012  0.181716  -0.204389
-7.87524  5.63948  5.45589  5.50558  5.71184  0.183587  -0.206257
-7.88244  5.63194  5.45165  5.50133  5.70424  0.180283  -0.20291
-7.89379  5.63943  5.45408  5.50377  5.71188  0.185352  -0.208108
-7.88666  5.63987  5.4556  5.50528  5.71226  0.184273  -0.206978
-7.9096  5.63199  5.44899  5.49869  5.70442  0.183002  -0.205737
-7.96669  5.6304  5.45013  5.49977  5.70275  0.180266  -0.20298
-8.03565  5.61618  5.43803  5.48774  5.68861  0.178157  -0.200878
-7.95117  5.62836  5.44495  5.49466  5.70087  0.183409  -0.206212
-7.94319  5.62646  5.44193  5.49168  5.69905  0.18453  -0.20737
-7.9256  5.62593  5.44458  5.49429  5.69837  0.181356  -0.204081
-7.84029  5.64457  5.4579  5.50758  5.71701  0.18667  -0.209435
-7.93141  5.62721  5.44469  5.49442  5.69968  0.182512  -0.205258
-7.87085  5.64168  5.45465  5.50434  5.71418  0.187024  -0.20984
-7.87379  5.63316  5.44891  5.49863  5.70563  0.184248  -0.206999
-7.8619  5.63359  5.44898  5.49871  5.70607  0.184613  -0.207353
-7.85323  5.64022  5.45321  5.50291  5.71273  0.187008  -0.209812
-7.85633  5.63527  5.45012  5.49984  5.70776  0.185151  -0.207923
-7.89905  5.63996  5.45466  5.50433  5.7124  0.185294  -0.208076
-7.92314  5.62939  5.44433  5.49407  5.70195  0.185058  -0.20788
-7.91107  5.63013  5.44342  5.49319  5.70275  0.186709  -0.209561
-7.96947  5.6244  5.44034  5.49009  5.69698  0.184059  -0.206889
-7.92014  5.6295  5.44498  5.49471  5.70203  0.18452  -0.207323
-7.91964  5.63036  5.44669  5.49641  5.70285  0.183666  -0.206446
-7.96131  5.63587  5.45043  5.5001  5.70838  0.185443  -0.208283
-7.95508  5.63432  5.44723  5.49695  5.70692  0.187089  -0.209975
-7.91622  5.63667  5.45172  5.50139  5.70914  0.184949  -0.207755
-7.89198  5.63671  5.45249  5.50217  5.70915  0.184226  -0.206977
-7.89039  5.63384  5.45122  5.5009  5.70623  0.182612  -0.205329
-7.98163  5.62487  5.44545  5.49515  5.69723  0.179418  -0.202083
-7.92193  5.63502  5.45321  5.50286  5.70737  0.181805  -0.204511
-7.85056  5.64248  5.45827  5.50791  5.71484  0.184213  -0.206935
-7.84787  5.63517  5.45098  5.5007  5.70761  0.184196  -0.206912
-7.90259  5.63648  5.45042  5.50011  5.709  0.186062  -0.208889
-7.91958  5.63983  5.45381  5.50345  5.71232  0.186024  -0.208874
-7.96035  5.63216  5.44624  5.49594  5.70475  0.185923  -0.208808
-7.96033  5.63274  5.44757  5.49725  5.70528  0.185175  -0.208033
-7.99115  5.62532  5.44352  5.4932  5.6978  0.181799  -0.204602
-7.98526  5.62601  5.44267  5.49239  5.69854  0.183333  -0.206148
-7.95326  5.63462  5.45114  5.50078  5.70706  0.183481  -0.206277
-7.96142  5.62961  5.44603  5.49572  5.70211  0.18358  -0.206394
-8.00099  5.62435  5.44304  5.49272  5.69683  0.18131  -0.204112
-7.98817  5.62847  5.44696  5.49661  5.70091  0.181507  -0.204293
-8.02717  5.62523  5.44556  5.49521  5.69763  0.179677  -0.202417
-7.96826  5.62461  5.44258  5.4923  5.6971  0.182024  -0.204797
-7.90435  5.63352  5.44862  5.49834  5.70602  0.184897  -0.207681
-7.86002  5.63312  5.4467  5.49646  5.70569  0.186419  -0.209234
-7.91974  5.62528  5.44442  5.49414  5.69771  0.180864  -0.203573
-7.9598  5.62382  5.44147  5.49119  5.69634  0.182354  -0.205154
-7.92749  5.63292  5.44523  5.49497  5.70557  0.187698  -0.2106
-7.94571  5.63136  5.44251  5.49226  5.70408  0.188855  -0.211821
-7.87856  5.6464  5.45379  5.5035  5.7191  0.192614  -0.215602
-7.85142  5.64761  5.45665  5.50634  5.72021  0.19096  -0.213866
-7.89498  5.64258  5.45331  5.50302  5.71517  0.18927  -0.212151
-7.82788  5.65099  5.46178  5.51144  5.72346  0.189208  -0.212022
-7.86421  5.6335  5.44978  5.49951  5.70594  0.183712  -0.206431
-7.85902  5.64182  5.45954  5.50919  5.71409  0.182278  -0.204903
-7.85717  5.63792  5.45659  5.50625  5.7102  0.181321  -0.203948
-7.88504  5.63382  5.45472  5.50437  5.70606  0.179107  -0.20169
-7.88009  5.63996  5.45967  5.50929  5.71217  0.180288  -0.202879
-7.87717  5.63889  5.45595  5.50564  5.71122  0.182934  -0.205582
-7.85084  5.63896  5.45591  5.50561  5.7113  0.18305  -0.205687
-7.83617  5.64387  5.45839  5.50808  5.71625  0.18548  -0.208168
-7.90602  5.63264  5.45142  5.5011  5.70499  0.181227  -0.203891
-7.90901  5.6249  5.44336  5.49311  5.69735  0.181537  -0.204237
-7.95385  5.63149  5.45051  5.50017  5.70385  0.180971  -0.203676
-7.84968  5.6401  5.45483  5.50452  5.71253  0.18527  -0.208007
-7.89031  5.63628  5.45143  5.50114  5.70874  0.184843  -0.207595
-7.91764  5.63517  5.45063  5.50032  5.70764  0.184543  -0.207316
-7.91687  5.63255  5.44626  5.496  5.70512  0.186284  -0.209124
-7.92986  5.63904  5.45519  5.50482  5.71144  0.183843  -0.206614
-7.90498  5.63365  5.45396  5.5036  5.70592  0.179686  -0.202311
-7.92503  5.632  5.45198  5.50163  5.70431  0.180019  -0.202681
-7.97403  5.61698  5.44007  5.48978  5.68933  0.176916  -0.199551
-7.98095  5.62259  5.44253  5.49223  5.69503  0.18006  -0.202794
-7.96826  5.6337  5.44917  5.49886  5.70619  0.184522  -0.20733
-7.98445  5.62768  5.44456  5.49429  5.70017  0.183117  -0.205882
-7.93628  5.62744  5.44501  5.49473  5.69991  0.182436  -0.205182
-7.91409  5.62782  5.44448  5.49419  5.70034  0.183348  -0.206151
-7.95389  5.63153  5.44654  5.49627  5.70406  0.184981  -0.207795
-7.8449  5.64574  5.45816  5.50784  5.71821  0.187576  -0.210373
-7.89114  5.63681  5.45178  5.5015  5.70927  0.18503  -0.207768
-7.84026  5.63715  5.45297  5.50269  5.70956  0.184175  -0.206874
-7.8945  5.63169  5.44977  5.49948  5.70407  0.181917  -0.204594
-7.88795  5.62608  5.44414  5.4939  5.69853  0.181941  -0.204631
-7.84722  5.64057  5.45761  5.50727  5.71288  0.182955  -0.20561
-7.88489  5.63264  5.45187  5.50156  5.70496  0.180772  -0.203393
-7.84591  5.64212  5.45857  5.50825  5.71443  0.183546  -0.206185
-7.861  5.64123  5.45923  5.50888  5.71349  0.181995  -0.204608
-7.88804  5.63204  5.44869  5.49842  5.70448  0.183355  -0.206054
-7.93178  5.63128  5.44969  5.49938  5.70365  0.181582  -0.20427
-7.8967  5.6351  5.45166  5.50135  5.70751  0.183445  -0.206158
-7.87812  5.63262  5.4481  5.49784  5.7051  0.18451  -0.20726
-7.91606  5.63131  5.4484  5.49809  5.70376  0.182909  -0.205663
-7.9045  5.64321  5.45592  5.50557  5.71571  0.187287  -0.210138
-7.92119  5.6427  5.45953  5.50912  5.71502  0.183172  -0.205904
-7.90144  5.64133  5.45721  5.50684  5.71371  0.184116  -0.20687
-7.8919  5.63418  5.45141  5.50109  5.70658  0.182767  -0.205485
-7.91175  5.63665  5.45663  5.50624  5.70891  0.180018  -0.202662
-7.89575  5.63417  5.45237  5.50205  5.70652  0.181796  -0.204468
-7.90009  5.63374  5.45286  5.50252  5.70606  0.180881  -0.203537
-7.88342  5.63532  5.45237  5.50207  5.7077  0.182945  -0.20563
-7.8362  5.63761  5.45244  5.50216  5.71006  0.185167  -0.207894
-7.90786  5.64051  5.4552  5.50486  5.71295  0.185313  -0.208095
-7.8139  5.64594  5.45853  5.50822  5.71839  0.187413  -0.210175
-7.80119  5.65195  5.46141  5.51111  5.72447  0.190541  -0.213353
-7.87985  5.63656  5.45098  5.5007  5.70905  0.185576  -0.208347
-7.93393  5.62939  5.44444  5.4942  5.70193  0.184952  -0.207731
-7.88771  5.63354  5.45091  5.50062  5.70593  0.182633  -0.205306
-7.88426  5.64168  5.45801  5.50766  5.71402  0.183672  -0.20636
-7.83473  5.64035  5.455  5.50471  5.71277  0.185351  -0.208053
-7.83453  5.64581  5.46019  5.50986  5.71817  0.185623  -0.208312
-7.82982  5.64773  5.464  5.51363  5.72  0.183733  -0.206367
-7.85201  5.64218  5.46094  5.51056  5.7144  0.181243  -0.203842
-7.81649  5.64016  5.45875  5.50842  5.71241  0.181411  -0.203985
-7.85989  5.63952  5.45674  5.50643  5.71183  0.182782  -0.205409
-7.76553  5.65063  5.46486  5.51453  5.72293  0.185769  -0.208406
-7.82873  5.64944  5.46285  5.51252  5.72181  0.186589  -0.209287
-7.81819  5.63593  5.4542  5.50392  5.70823  0.18173  -0.204307
-7.83848  5.63285  5.45133  5.50107  5.70518  0.181515  -0.204104
-7.86036  5.64333  5.46298  5.5126  5.7155  0.180356  -0.202898
-7.78231  5.64957  5.46631  5.51594  5.72178  0.183262  -0.205836
-7.82653  5.64573  5.4649  5.51452  5.71788  0.180829  -0.203357
-7.81743  5.64389  5.46392  5.51352  5.71603  0.179973  -0.202505
-7.89203  5.63364  5.45601  5.50565  5.70581  0.177632  -0.20016
-7.83994  5.64536  5.46493  5.51453  5.71751  0.180434  -0.202982
-7.84322  5.63392  5.45625  5.5059  5.70608  0.177668  -0.200174
-7.82852  5.64708  5.4644  5.514  5.71931  0.182684  -0.205307
-7.90634  5.62898  5.44976  5.49944  5.70128  0.179225  -0.201836
-7.91666  5.6315  5.45238  5.50205  5.70377  0.179122  -0.201718
-7.90162  5.62957  5.45031  5.5  5.70186  0.17926  -0.201857
-7.93712  5.62715  5.44806  5.49773  5.69948  0.179085  -0.201746
-7.9197  5.62865  5.44815  5.49784  5.70101  0.180498  -0.203174
-7.89202  5.63372  5.45255  5.50221  5.70606  0.181171  -0.203853
-7.94317  5.62946  5.45099  5.50064  5.70172  0.178469  -0.201083
-7.86043  5.64105  5.45805  5.50769  5.71337  0.183007  -0.205688
-7.94773  5.62614  5.44527  5.49502  5.69854  0.18087  -0.203523
-7.9233  5.62607  5.44693  5.49663  5.6984  0.179144  -0.201772
-7.8791  5.63096  5.45053  5.50025  5.70328  0.180432  -0.203029
-7.89302  5.63067  5.44979  5.4995  5.70302  0.180883  -0.203515
-7.91026  5.62789  5.4476  5.49732  5.70024  0.180287  -0.202914
-7.9119  5.63472  5.45357  5.50324  5.70703  0.181144  -0.203782
-7.89455  5.63766  5.4531  5.50279  5.71009  0.18456  -0.207297
-7.90977  5.63026  5.44625  5.496  5.70276  0.184007  -0.206757
-7.92634  5.63054  5.44933  5.49903  5.70291  0.181214  -0.203884
-7.86399  5.6334  5.4505  5.50022  5.7058  0.1829  -0.205573
-7.87778  5.62996  5.44531  5.49509  5.70248  0.18465  -0.207397
-7.83838  5.64344  5.457  5.5067  5.71587  0.186441  -0.209169
-7.86237  5.64178  5.45544  5.50515  5.71423  0.186338  -0.209079
-7.83175  5.63828  5.45255  5.50228  5.71074  0.185734  -0.208465
-7.89083  5.63774  5.45455  5.50423  5.71011  0.18319  -0.205876
-7.83908  5.63925  5.45543  5.50513  5.71162  0.183823  -0.20649
-7.84648  5.64272  5.45882  5.50849  5.71505  0.183891  -0.206555
-7.89658  5.63518  5.45213  5.50183  5.70757  0.183051  -0.205738
-7.88456  5.62935  5.44758  5.49731  5.70175  0.181776  -0.204441
-7.95049  5.62566  5.44391  5.49364  5.69812  0.181751  -0.204482
-7.89777  5.64014  5.45295  5.50264  5.71267  0.187188  -0.210031
-7.91467  5.63035  5.44673  5.49645  5.70284  0.183628  -0.206393
-7.90047  5.63794  5.45329  5.50298  5.71038  0.184652  -0.207402
-7.9081  5.63031  5.44707  5.49681  5.70277  0.183247  -0.205962
-7.86182  5.63068  5.44999  5.49971  5.70301  0.180695  -0.203302
-7.87399  5.63988  5.45807  5.50771  5.71216  0.181811  -0.204455
-7.87976  5.63973  5.45848  5.50812  5.71199  0.181253  -0.203876
-7.88949  5.64321  5.46175  5.51136  5.71544  0.181458  -0.204079
-7.87193  5.64464  5.46464  5.5142  5.71679  0.180002  -0.202585
-7.88187  5.64097  5.45824  5.5079  5.71327  0.182728  -0.205376
-7.8735  5.64259  5.46016  5.50978  5.71487  0.182424  -0.205084
-7.81731  5.64302  5.45983  5.50949  5.71531  0.183184  -0.205828
-7.85387  5.63749  5.45351  5.50322  5.70989  0.183981  -0.206672
-7.87127  5.63775  5.4545  5.5042  5.71011  0.183244  -0.205902
-7.90249  5.63445  5.44893  5.49865  5.70696  0.185525  -0.208312
-7.87199  5.63442  5.45047  5.50019  5.70685  0.183948  -0.206668
-7.87074  5.63848  5.45346  5.50314  5.71093  0.185028  -0.207787
-7.94236  5.62423  5.44167  5.49142  5.69674  0.18256  -0.205325
-7.90288  5.64212  5.45669  5.50632  5.71455  0.185425  -0.208229
-7.95626  5.62976  5.44394  5.49366  5.70237  0.185828  -0.208708
-7.93667  5.64059  5.45252  5.50217  5.71318  0.188078  -0.211006
-7.94806  5.62291  5.43838  5.48815  5.69553  0.184525  -0.207379
-7.90259  5.64462  5.45953  5.50913  5.71701  0.185096  -0.207875
-7.91212  5.64078  5.45496  5.50462  5.71325  0.18582  -0.20863
-7.88207  5.63984  5.45149  5.50121  5.71241  0.188351  -0.211209
-7.90041  5.63161  5.44717  5.4969  5.70411  0.184444  -0.207215
-7.91755  5.63166  5.4471  5.49683  5.70416  0.18456  -0.207336
-7.93799  5.63503  5.4507  5.50038  5.70749  0.184328  -0.207103
-7.90107  5.63049  5.44977  5.49944  5.70285  0.180725  -0.203403
-7.96295  5.62143  5.44356  5.49326  5.69377  0.177867  -0.200503
-7.89407  5.63012  5.44987  5.49956  5.70245  0.180257  -0.202893
-7.88262  5.63701  5.45673  5.50636  5.70927  0.180287  -0.202907
-7.91576  5.63294  5.45354  5.50318  5.7052  0.1794  -0.202018
-7.87056  5.64411  5.46127  5.51088  5.71639  0.182831  -0.205505
-7.89196  5.63693  5.45389  5.50357  5.7093  0.183043  -0.205727
-7.89791  5.62676  5.44364  5.49341  5.69924  0.18312  -0.20583
-7.83969  5.63949  5.45561  5.50531  5.71186  0.183878  -0.206555
-7.87976  5.63494  5.45052  5.50026  5.70738  0.184411  -0.207129
-7.90889  5.6323  5.45118  5.50087  5.70464  0.181113  -0.203767
-7.86291  5.63573  5.45474  5.50439  5.70803  0.180989  -0.203637
-7.86909  5.63977  5.4547  5.50436  5.71221  0.185076  -0.207851
-7.88438  5.63616  5.45219  5.50189  5.70858  0.183966  -0.206693
-7.93733  5.63155  5.44808  5.49781  5.704  0.183464  -0.206196
-7.9093  5.63837  5.45222  5.5019  5.71088  0.186157  -0.208974
-7.99559  5.6255  5.44303  5.49275  5.698  0.182467  -0.205258
-7.95433  5.62534  5.44161  5.49133  5.69791  0.183735  -0.206582
-7.93531  5.63226  5.448  5.49767  5.70477  0.184257  -0.207099
-7.9611  5.6276  5.44367  5.49337  5.70015  0.183939  -0.206787
-7.93284  5.63549  5.448  5.49769  5.7081  0.187495  -0.210406
-7.87287  5.64396  5.45355  5.50325  5.71659  0.190409  -0.213337
-7.88591  5.63366  5.45027  5.49997  5.70609  0.183389  -0.206121
-7.89122  5.63147  5.44783  5.49756  5.70394  0.183644  -0.206376
-7.93906  5.62463  5.44591  5.49561  5.69696  0.178717  -0.201354
-7.91234  5.63418  5.45244  5.5021  5.70653  0.181743  -0.204438
-7.927  5.63337  5.4485  5.49822  5.70587  0.184864  -0.207655
-7.98131  5.62615  5.44152  5.49125  5.69874  0.184627  -0.207495
-7.8978  5.63732  5.45135  5.50103  5.70983  0.18597  -0.208803
-7.89408  5.63597  5.44945  5.49916  5.70852  0.186524  -0.209363
-7.97238  5.62296  5.44008  5.48983  5.69551  0.182889  -0.205682
-7.97804  5.62105  5.43952  5.48926  5.69356  0.181529  -0.204299
-7.96231  5.63163  5.45005  5.49972  5.70401  0.181575  -0.204296
-7.8903  5.63791  5.4554  5.50504  5.71025  0.182507  -0.205215
-7.86862  5.63305  5.45341  5.50307  5.70531  0.179634  -0.202238
-7.94277  5.62845  5.44912  5.4988  5.70076  0.179324  -0.201957
-7.91864  5.6285  5.4465  5.49621  5.70093  0.182002  -0.204716
-7.92373  5.62688  5.44863  5.4983  5.69917  0.178252  -0.200865
-7.88463  5.63562  5.45403  5.50369  5.70794  0.181589  -0.204249
-7.84427  5.64001  5.45373  5.50345  5.71249  0.186281  -0.209036
-7.86183  5.63816  5.45179  5.50152  5.71066  0.186371  -0.209138
-7.9089  5.63471  5.45089  5.5006  5.70714  0.183823  -0.206542
-7.8992  5.64001  5.45197  5.50168  5.71257  0.188039  -0.210894
-7.9409  5.63274  5.44503  5.49477  5.70539  0.187707  -0.210619
-7.8842  5.64632  5.45508  5.50476  5.71895  0.191239  -0.21419
-7.94955  5.63314  5.44601  5.49572  5.70576  0.187124  -0.210036
-7.99258  5.62119  5.43684  5.48661  5.69383  0.184341  -0.207224
-7.9739  5.62762  5.44361  5.49333  5.70017  0.184015  -0.20684
-7.90143  5.63916  5.45145  5.50115  5.71173  0.187708  -0.21057
-7.90649  5.63128  5.44656  5.49629  5.70381  0.184725  -0.207522
-7.86873  5.63907  5.45308  5.50279  5.71155  0.185996  -0.208758
-7.86057  5.63331  5.44907  5.49879  5.70578  0.18424  -0.206987
-7.9314  5.62978  5.44862  5.49831  5.70216  0.181158  -0.203844
-7.97842  5.63101  5.45022  5.49987  5.70337  0.180786  -0.203494
-7.94486  5.62964  5.45091  5.50056  5.70192  0.178736  -0.201358
-7.89119  5.63884  5.45915  5.50876  5.71105  0.17969  -0.202285
-7.8381  5.63725  5.45567  5.50535  5.70954  0.181581  -0.204197
-7.81724  5.64889  5.46356  5.51321  5.7212  0.185328  -0.207991
-7.87289  5.64194  5.45778  5.50747  5.71429  0.184164  -0.206822
-7.8475  5.63698  5.45498  5.50467  5.70929  0.182001  -0.204617
-7.85885  5.6378  5.45599  5.50567  5.7101  0.181809  -0.204427
-7.9173  5.63369  5.45379  5.50344  5.70596  0.179897  -0.202517
-7.91901  5.63065  5.44824  5.49795  5.70307  0.182409  -0.205118
-7.92236  5.62964  5.44731  5.49702  5.70207  0.18233  -0.205054
-7.92576  5.63532  5.45247  5.50213  5.70771  0.182854  -0.205582
-7.91545  5.63056  5.44878  5.49847  5.70296  0.181786  -0.204493
-7.93408  5.63553  5.45324  5.50288  5.7079  0.182289  -0.205011
-7.9322  5.63155  5.44879  5.49846  5.70399  0.182762  -0.205529
-7.90294  5.63669  5.45207  5.50175  5.70915  0.184624  -0.207404
-7.99714  5.62644  5.44262  5.49234  5.69899  0.183815  -0.206656
-7.97746  5.62969  5.44423  5.49393  5.70228  0.185463  -0.208349
-7.98085  5.62671  5.44186  5.49158  5.69932  0.184857  -0.207736
-7.99922  5.6203  5.4388  5.48852  5.69283  0.1815  -0.204308
-7.92226  5.62926  5.44444  5.49417  5.70182  0.184815  -0.20765
-7.88455  5.63976  5.45246  5.50215  5.71229  0.187299  -0.210136
-7.93608  5.634  5.44891  5.49861  5.70651  0.185092  -0.207893
-7.90791  5.63605  5.45058  5.50029  5.70854  0.185467  -0.208248
-7.94751  5.62612  5.44648  5.49618  5.69847  0.179636  -0.202293
-7.84284  5.64515  5.45918  5.50883  5.71756  0.185971  -0.208735
-7.79783  5.64399  5.45687  5.50659  5.71645  0.187123  -0.209857
-7.83471  5.64048  5.45409  5.50383  5.71294  0.186388  -0.20911
-7.85299  5.64169  5.45704  5.50674  5.71406  0.184653  -0.207322
-7.90541  5.63099  5.44915  5.49887  5.70338  0.181841  -0.204505
-7.83861  5.64051  5.45716  5.50683  5.71284  0.183344  -0.20601
-7.81728  5.64868  5.46346  5.5131  5.72099  0.185218  -0.207889
-7.85813  5.64666  5.46302  5.51264  5.71894  0.183649  -0.206299
-7.91386  5.63256  5.453  5.50267  5.70483  0.179563  -0.202162
-7.87544  5.62624  5.44698  5.4967  5.69856  0.179265  -0.201859
-7.87963  5.63233  5.4504  5.50011  5.70471  0.18193  -0.204596
-7.90823  5.63711  5.45498  5.50464  5.70944  0.182135  -0.204807
-7.93415  5.62886  5.44781  5.4975  5.70125  0.181059  -0.203757
-7.91888  5.63776  5.45571  5.50536  5.71009  0.182052  -0.204731
-7.86383  5.63715  5.45579  5.50543  5.70944  0.181359  -0.204007
-7.89993  5.63938  5.45563  5.5053  5.71176  0.183756  -0.206456
-7.87179  5.64212  5.46065  5.51025  5.71436  0.181465  -0.204114
-7.9139  5.63883  5.45695  5.50656  5.71114  0.181879  -0.204573
-7.88769  5.64126  5.45714  5.50678  5.71364  0.184126  -0.206853
-7.94536  5.6274  5.44506  5.49476  5.69987  0.182335  -0.205105
-7.85454  5.63273  5.45061  5.50031  5.70511  0.182121  -0.204799
-7.89845  5.63319  5.44895  5.49866  5.70567  0.184246  -0.207003
-7.84379  5.64436  5.4574  5.50708  5.71681  0.18696  -0.209726
-7.89953  5.63795  5.4523  5.50202  5.71042  0.185647  -0.2084
-7.88879  5.63863  5.4535  5.50318  5.71108  0.185125  -0.207902
-7.94709  5.62662  5.44358  5.49333  5.69913  0.183041  -0.2058
-7.92757  5.63495  5.44993  5.49964  5.70744  0.185024  -0.207805
-7.90763  5.63154  5.44526  5.49502  5.70413  0.186278  -0.209104
-7.93965  5.62193  5.43871  5.48849  5.6945  0.183219  -0.206016
-7.91559  5.63307  5.44851  5.49823  5.70556  0.184554  -0.207333
-7.95592  5.62833  5.44756  5.49725  5.70072  0.180773  -0.203472
-7.99623  5.62841  5.45078  5.5004  5.70067  0.177631  -0.200271
-7.97213  5.62367  5.44686  5.49653  5.69594  0.176809  -0.199412
-7.96553  5.62043  5.44444  5.4941  5.69271  0.17599  -0.19861
-7.95856  5.62069  5.44585  5.4955  5.6929  0.17484  -0.197402
-7.98512  5.62188  5.44566  5.49531  5.69415  0.176222  -0.198837
-7.93367  5.63252  5.44956  5.49923  5.70496  0.182955  -0.205726
-7.95796  5.62959  5.44312  5.49285  5.70222  0.186471  -0.209364
-8.00757  5.61969  5.43745  5.4872  5.69226  0.182236  -0.205057
-7.93567  5.63289  5.44879  5.49848  5.70537  0.184106  -0.206892
-7.95347  5.63424  5.44902  5.4987  5.70676  0.185217  -0.20806
-7.94519  5.631  5.44514  5.49486  5.70359  0.185862  -0.208733
-7.94803  5.63468  5.44983  5.49949  5.70719  0.184857  -0.207692
-7.88344  5.62948  5.44516  5.49491  5.702  0.184328  -0.207096
-7.97673  5.63124  5.45054  5.50019  5.7036  0.180699  -0.203409
-7.97067  5.62763  5.44503  5.49473  5.70011  0.182599  -0.205378
-7.98984  5.61709  5.43541  5.48517  5.68966  0.181676  -0.204495
-7.9666  5.63713  5.45175  5.5014  5.70963  0.185381  -0.208226
-7.99918  5.62181  5.43747  5.48723  5.69444  0.184336  -0.207215
-7.93593  5.62519  5.4405  5.49025  5.69779  0.184687  -0.207541
-7.95301  5.63031  5.44474  5.49447  5.70289  0.185567  -0.208425
-7.92372  5.63565  5.4528  5.50244  5.70805  0.18285  -0.205602
-7.91157  5.63599  5.4526  5.50225  5.7084  0.183391  -0.206153
-7.96719  5.63217  5.45048  5.50012  5.70456  0.181693  -0.204449
-8.0323  5.6152  5.43816  5.48784  5.6876  0.177041  -0.199759
-7.94823  5.61895  5.43988  5.48961  5.69138  0.179071  -0.201777
-7.94269  5.63325  5.45203  5.50167  5.70561  0.18122  -0.20394
-7.96754  5.62357  5.44551  5.49518  5.6959  0.17806  -0.200725
-7.99031  5.62623  5.44884  5.49846  5.69851  0.177395  -0.200053
-7.99165  5.63065  5.44711  5.49678  5.70315  0.18354  -0.206376
-7.97344  5.62961  5.44467  5.49436  5.70218  0.18494  -0.207822
-7.91386  5.62969  5.44575  5.49548  5.7022  0.18394  -0.206722
-7.94861  5.62902  5.44686  5.49655  5.70146  0.182162  -0.204911
-7.86918  5.64118  5.45889  5.50853  5.71347  0.182296  -0.204947
-7.93821  5.62848  5.44684  5.49656  5.7009  0.181646  -0.204341
-7.94736  5.62677  5.4465  5.49619  5.69914  0.180267  -0.20295
-7.99515  5.62565  5.44641  5.49608  5.69801  0.179238  -0.201931
-7.93256  5.63237  5.44909  5.49879  5.70482  0.183275  -0.206032
-7.86019  5.6465  5.45913  5.50878  5.71895  0.187366  -0.210165
-7.8889  5.63804  5.45103  5.50075  5.71057  0.187003  -0.209822
-7.88123  5.63282  5.44889  5.49864  5.70527  0.183928  -0.206636
-7.84324  5.64277  5.46128  5.51091  5.715  0.181491  -0.204097
-7.79927  5.64355  5.45915  5.50884  5.71588  0.184398  -0.207038
-7.80813  5.64603  5.46388  5.51351  5.71823  0.18215  -0.204722
-7.85531  5.64083  5.4622  5.51183  5.71294  0.178626  -0.201114
-7.87473  5.6328  5.45341  5.5031  5.70505  0.179387  -0.201948
-7.8576  5.64586  5.46295  5.51257  5.71811  0.182913  -0.205546
-7.85511  5.64078  5.45528  5.50497  5.71321  0.1855  -0.208236
-7.87382  5.64097  5.45488  5.50456  5.71343  0.186093  -0.208869
-7.93174  5.63269  5.44865  5.49834  5.70517  0.184043  -0.206827
-7.90979  5.63104  5.44682  5.49655  5.70354  0.184213  -0.206992
-7.90914  5.63427  5.44942  5.49912  5.70677  0.184855  -0.207645
-7.89984  5.63246  5.4475  5.49723  5.70497  0.184951  -0.207749
-7.85334  5.63906  5.4537  5.50339  5.71151  0.185356  -0.208113
-7.84736  5.64132  5.45664  5.50631  5.71371  0.184677  -0.207408
-7.87767  5.64282  5.45929  5.50892  5.71515  0.183528  -0.206223
-7.88771  5.63464  5.45166  5.50138  5.70703  0.182977  -0.205652
-7.86628  5.64042  5.45708  5.50677  5.71275  0.183342  -0.205989
-7.83038  5.63553  5.45362  5.50334  5.70785  0.181905  -0.20451
-7.86784  5.63115  5.44875  5.49849  5.70355  0.182404  -0.20506
-7.89777  5.63077  5.44741  5.49715  5.70323  0.183358  -0.206077
-7.88068  5.63168  5.44911  5.49884  5.70409  0.182568  -0.205256
-7.85196  5.63789  5.45293  5.50265  5.71032  0.184965  -0.207676
-7.88045  5.63486  5.4518  5.5015  5.70726  0.183065  -0.20575
-7.82333  5.64675  5.46245  5.51209  5.71905  0.1843  -0.206957
-7.89539  5.63739  5.45693  5.50657  5.70964  0.180464  -0.203069
-7.95039  5.62877  5.45022  5.49988  5.70104  0.178547  -0.201156
-7.90667  5.63807  5.45599  5.50566  5.71038  0.182079  -0.204723
-7.91538  5.62935  5.44898  5.49867  5.7017  0.180364  -0.203024
-7.91322  5.63172  5.45061  5.50029  5.70407  0.181101  -0.203778
-7.9349  5.63105  5.44764  5.49734  5.70352  0.18341  -0.206181
-7.91112  5.63667  5.45158  5.50126  5.70915  0.18509  -0.207887
-7.83667  5.64562  5.45983  5.50948  5.718  0.185785  -0.208521
-7.9021  5.64219  5.45755  5.50719  5.71458  0.184636  -0.207384
-7.92325  5.64052  5.45534  5.50498  5.71296  0.185177  -0.207987
-7.91819  5.64658  5.45962  5.50923  5.71903  0.18696  -0.209802
-7.8855  5.64837  5.45996  5.50959  5.72086  0.188412  -0.211266
-7.9218  5.62631  5.44344  5.49317  5.69882  0.182867  -0.205645
-7.97019  5.62326  5.44194  5.49167  5.69573  0.181316  -0.204058
-7.92352  5.63103  5.45036  5.50001  5.70339  0.180675  -0.203376
-8.01248  5.62332  5.44222  5.49191  5.6958  0.181099  -0.203885
-8.00259  5.62377  5.44237  5.49205  5.69627  0.181407  -0.204217
-7.99131  5.62989  5.44525  5.49494  5.70245  0.184639  -0.207511
-7.97713  5.63129  5.4467  5.49638  5.70383  0.184596  -0.207458
-7.95184  5.63083  5.44643  5.49612  5.70336  0.184399  -0.207238
-7.95681  5.6255  5.44455  5.49424  5.69794  0.180945  -0.203694
-7.87101  5.63581  5.45201  5.5017  5.70823  0.183805  -0.206532
-7.89335  5.63464  5.45219  5.50186  5.70702  0.182458  -0.205159
-7.88952  5.63911  5.4598  5.50943  5.71129  0.179311  -0.201862
-7.90618  5.63076  5.45282  5.50247  5.70298  0.177943  -0.200507
-7.9073  5.63473  5.45696  5.50657  5.7069  0.177762  -0.200326
-7.91647  5.62986  5.4538  5.50343  5.70201  0.176061  -0.198585
-7.9402  5.6335  5.45434  5.50396  5.70576  0.179162  -0.201795
-7.95141  5.63184  5.45137  5.50102  5.70417  0.180471  -0.203155
-7.98115  5.62634  5.44452  5.4942  5.69881  0.181821  -0.204611
-7.96396  5.63329  5.45145  5.50108  5.70568  0.181845  -0.204596
-7.96846  5.62817  5.44766  5.49732  5.70056  0.180511  -0.203242
-7.93974  5.63528  5.45334  5.50298  5.70764  0.181943  -0.204656
-7.8899  5.64583  5.46254  5.51213  5.71811  0.18329  -0.205984
-7.95921  5.61716  5.43946  5.48919  5.68954  0.177699  -0.200357
-7.86049  5.64067  5.45712  5.50677  5.71302  0.183555  -0.20625
-7.9548  5.63112  5.45076  5.50042  5.70345  0.180358  -0.203033
-7.92238  5.62821  5.44688  5.49659  5.70061  0.181324  -0.204029
-7.89344  5.63202  5.45099  5.5007  5.70436  0.181029  -0.203657
-7.90612  5.62808  5.44618  5.49591  5.70051  0.181898  -0.2046
-7.92336  5.6337  5.45139  5.50107  5.70608  0.182305  -0.205014
-7.95944  5.63703  5.45381  5.50345  5.70942  0.183216  -0.205968
-7.96834  5.63194  5.44892  5.49859  5.70438  0.18302  -0.205792
-7.93518  5.62927  5.4474  5.4971  5.7017  0.18187  -0.204603
-7.9081  5.63523  5.45111  5.5008  5.70768  0.184127  -0.206883
-7.91537  5.63464  5.44966  5.49935  5.70714  0.184981  -0.207789
-7.9772  5.63321  5.45016  5.49981  5.70565  0.183047  -0.205844
-7.97253  5.63725  5.45351  5.50313  5.70968  0.183744  -0.206549
-7.9282  5.63593  5.45343  5.50308  5.7083  0.1825  -0.205225
-7.9164  5.63019  5.45039  5.50007  5.7025  0.179801  -0.20243
-7.88366  5.63877  5.4569  5.50655  5.71107  0.181871  -0.204518
-7.86997  5.63506  5.45099  5.50069  5.7075  0.184071  -0.20681
-7.87838  5.63945  5.45205  5.50177  5.71198  0.187393  -0.210214
-7.89967  5.63442  5.44973  5.49943  5.70691  0.184685  -0.207481
-7.9051  5.63628  5.45365  5.50332  5.70864  0.182631  -0.205327
-7.91189  5.62476  5.44513  5.49484  5.69713  0.179637  -0.202294
-7.97572  5.63253  5.44914  5.4988  5.70499  0.183388  -0.206189
-7.96008  5.63424  5.45052  5.50016  5.7067  0.18372  -0.206536
-7.90354  5.63909  5.45271  5.50239  5.7116  0.18638  -0.209214
-7.85631  5.63706  5.45056  5.50028  5.70959  0.186498  -0.209312
-7.93616  5.63795  5.45089  5.50057  5.71052  0.187064  -0.20995
-7.921  5.63973  5.44921  5.49895  5.71242  0.190519  -0.213472
-7.90941  5.64177  5.4524  5.50209  5.71438  0.189365  -0.212286
-7.8911  5.64115  5.45472  5.50439  5.71363  0.186429  -0.209247
-7.95842  5.63534  5.45191  5.50158  5.70776  0.183429  -0.206185
-7.92692  5.63657  5.45153  5.5012  5.70905  0.185044  -0.207845
-7.8934  5.63534  5.44972  5.49944  5.70784  0.185619  -0.208405
-7.86654  5.64483  5.45721  5.50686  5.71732  0.187623  -0.210456
-7.88192  5.64571  5.45859  5.50823  5.71817  0.187116  -0.209936
-7.87978  5.64082  5.45406  5.50373  5.71332  0.186755  -0.209592
-7.90328  5.63224  5.44651  5.49625  5.7048  0.185732  -0.208544
-7.87181  5.6373  5.45322  5.50292  5.70971  0.184077  -0.20679
-7.92709  5.62721  5.44857  5.49829  5.69949  0.178633  -0.201204
-7.90382  5.62923  5.44875  5.49848  5.70157  0.180475  -0.203084
-7.85219  5.63887  5.45536  5.50503  5.71124  0.183519  -0.206205
-7.88728  5.64196  5.45761  5.50727  5.71433  0.184352  -0.207069
-7.90479  5.63419  5.45299  5.50267  5.70651  0.181206  -0.203846
-7.87892  5.63238  5.45156  5.50125  5.7047  0.180822  -0.203453
-7.91488  5.62686  5.44508  5.49481  5.6993  0.181781  -0.204487
-7.94542  5.63956  5.4538  5.50346  5.71203  0.185762  -0.208574
-7.91412  5.63684  5.45082  5.5005  5.70936  0.18602  -0.208854
-7.93291  5.62233  5.44132  5.49104  5.69481  0.18101  -0.203764
-7.92172  5.63047  5.44647  5.49618  5.70298  0.184001  -0.206798
-7.87265  5.64724  5.45766  5.50733  5.71978  0.189578  -0.212447
-7.94714  5.63422  5.44974  5.49943  5.7067  0.184476  -0.207277
-7.95273  5.62293  5.44032  5.49007  5.69547  0.182608  -0.205394
-7.92766  5.62914  5.44728  5.49698  5.70157  0.181857  -0.204584
-7.95166  5.62588  5.44694  5.49661  5.69822  0.178946  -0.201604
-7.88845  5.63606  5.45362  5.50328  5.70843  0.182439  -0.205146
-7.87056  5.64118  5.45796  5.50759  5.71351  0.18322  -0.205916
-7.82604  5.65503  5.46804  5.51765  5.72735  0.186991  -0.209698
-7.87281  5.64262  5.4591  5.50873  5.71495  0.18352  -0.20622
-7.92379  5.63517  5.45422  5.50386  5.70748  0.180944  -0.203625
-7.97221  5.62982  5.44894  5.4986  5.7022  0.180875  -0.203605
-7.89142  5.63836  5.45061  5.50032  5.71093  0.187746  -0.21062
-7.86905  5.64521  5.45588  5.50557  5.71777  0.189328  -0.212195
-7.90389  5.6314  5.44536  5.49511  5.70398  0.186045  -0.208869
-7.97563  5.63132  5.44514  5.49484  5.70393  0.186185  -0.209093
-7.97476  5.62797  5.44476  5.49446  5.70048  0.183209  -0.206015
-7.97007  5.6295  5.44363  5.49335  5.70212  0.185877  -0.208766
-7.94306  5.6302  5.44374  5.49346  5.70283  0.186451  -0.209361
-7.94326  5.63536  5.44857  5.49826  5.70793  0.186785  -0.209673
-7.96296  5.62937  5.44354  5.49328  5.70197  0.18583  -0.208694
-8.00106  5.62043  5.43793  5.48768  5.693  0.182499  -0.205317
-7.94566  5.62856  5.44531  5.495  5.70106  0.183248  -0.206061
-7.94773  5.6343  5.44851  5.49819  5.70685  0.185787  -0.208663
-7.9376  5.62742  5.44255  5.49231  5.7  0.184871  -0.207687
-7.97099  5.62645  5.44271  5.49244  5.69899  0.183742  -0.206549
-7.96317  5.63081  5.44505  5.49476  5.7034  0.18576  -0.208643
-7.9893  5.63121  5.4478  5.49747  5.70369  0.183414  -0.206223
-7.89497  5.63726  5.45145  5.50114  5.70976  0.18581  -0.208613
-7.8196  5.64464  5.45863  5.50831  5.71704  0.18601  -0.20873
-7.81714  5.64239  5.45729  5.50699  5.71477  0.1851  -0.207778
-7.86665  5.63704  5.45586  5.50553  5.70932  0.18118  -0.203795
-7.89921  5.63513  5.4572  5.50683  5.70728  0.177929  -0.200451
-7.93488  5.62401  5.44927  5.49893  5.69617  0.174744  -0.19724
-7.90356  5.63181  5.45365  5.50328  5.70403  0.178164  -0.200752
-7.905  5.63117  5.45087  5.50053  5.7035  0.180303  -0.20297
-7.89264  5.63573  5.45691  5.50653  5.70792  0.178819  -0.201392
-7.89415  5.6336  5.45528  5.50493  5.70579  0.178315  -0.200857
-7.85402  5.63665  5.45693  5.50658  5.70886  0.179719  -0.202281
-7.86054  5.63678  5.45673  5.50639  5.70901  0.18005  -0.202625
-7.86244  5.63833  5.4552  5.5049  5.71068  0.183131  -0.205786
-7.85079  5.63424  5.45053  5.50026  5.70666  0.183711  -0.206405
-7.92593  5.63423  5.4498  5.49949  5.70671  0.184433  -0.207218
-7.92875  5.63593  5.45319  5.50285  5.70831  0.182741  -0.20546
-7.84903  5.64206  5.45938  5.50901  5.71436  0.182686  -0.205347
-7.9234  5.63645  5.45428  5.50393  5.7088  0.182167  -0.204872
-7.85456  5.63913  5.45549  5.50517  5.7115  0.18364  -0.206337
-7.81514  5.64775  5.46141  5.51107  5.72013  0.186341  -0.209055
-7.88923  5.64171  5.45841  5.50807  5.71403  0.183298  -0.205966
-7.8889  5.62508  5.44588  5.49562  5.69741  0.179206  -0.201793
-7.84065  5.63757  5.45442  5.50412  5.70992  0.183145  -0.205801
-7.94663  5.62793  5.44747  5.49716  5.70031  0.180464  -0.203144
-7.94498  5.62836  5.44997  5.49964  5.70064  0.178388  -0.201002
-7.88338  5.63463  5.45318  5.50287  5.70695  0.18145  -0.204083
-7.85699  5.64586  5.46447  5.51407  5.71804  0.181389  -0.203966
-7.86657  5.63625  5.4545  5.50418  5.70857  0.181751  -0.204386
-7.8779  5.63494  5.45405  5.50372  5.70724  0.18089  -0.203519
-7.94038  5.63054  5.45158  5.50124  5.70282  0.178962  -0.201581
-7.91443  5.6319  5.45073  5.50042  5.70425  0.181165  -0.203829
-7.88736  5.63807  5.45487  5.50454  5.71043  0.183204  -0.205889
-7.92349  5.63196  5.44853  5.49823  5.70441  0.183429  -0.20618
-7.86878  5.6445  5.45661  5.50629  5.717  0.187896  -0.210716
-7.86605  5.64536  5.45778  5.50748  5.71783  0.187581  -0.210355
-7.89968  5.64006  5.4556  5.50527  5.71246  0.184461  -0.207185
-7.84754  5.63986  5.4571  5.50676  5.71218  0.182768  -0.205418
-7.9382  5.62685  5.44648  5.49619  5.69922  0.18037  -0.203038
-7.9477  5.63337  5.45227  5.50194  5.70571  0.181095  -0.20377
-7.91259  5.62559  5.44461  5.49434  5.69801  0.180982  -0.203667
-7.90569  5.6314  5.44994  5.49964  5.70377  0.181461  -0.204133
-7.87633  5.63776  5.4553  5.50498  5.71009  0.18246  -0.205116
-7.88487  5.63565  5.45358  5.50326  5.70799  0.182064  -0.204724
-7.88063  5.63233  5.45058  5.5003  5.70468  0.181748  -0.204385
-7.92125  5.63207  5.45349  5.50315  5.7043  0.178575  -0.201148
-7.83427  5.63774  5.45571  5.50538  5.71005  0.182027  -0.204665
-7.90416  5.63805  5.453  5.50271  5.71049  0.185042  -0.207785
-7.94826  5.6209  5.43692  5.48672  5.69352  0.183979  -0.206799
-7.8872  5.63437  5.44672  5.49646  5.70699  0.187653  -0.210525
-7.98676  5.62654  5.44174  5.49146  5.69914  0.184795  -0.207675
-7.94048  5.62627  5.43999  5.48978  5.69892  0.186276  -0.209137
-7.86454  5.63364  5.44848  5.49822  5.70614  0.185161  -0.207916
-7.89673  5.63003  5.44841  5.49814  5.70242  0.181622  -0.204286
-7.9083  5.63467  5.45207  5.50177  5.70705  0.182598  -0.205285
-7.87844  5.63643  5.45373  5.50341  5.70879  0.182696  -0.205378
-7.87772  5.63811  5.45284  5.50256  5.71056  0.185273  -0.208006
-7.8877  5.63209  5.45135  5.50104  5.70441  0.180738  -0.203366
-7.87741  5.63655  5.45525  5.50491  5.70884  0.1813  -0.203931
-7.80292  5.64536  5.46105  5.51072  5.71767  0.184315  -0.206952
-7.85515  5.63504  5.45108  5.50079  5.70748  0.18397  -0.206686
-7.87813  5.63338  5.44852  5.49825  5.70588  0.184858  -0.207626
-7.89213  5.63661  5.45199  5.5017  5.70906  0.184624  -0.207361
