0.124174  118.658  1.99733  17.1527 0.217224
0.125536  119.982  2.06111  16.9699 0.222033
0.126909  121.316  2.12728  16.7957 0.226979
0.128291  122.661  2.19593  16.6294 0.232064
0.129683  124.017  2.26714  16.4711 0.237292
0.131086  125.383  2.341  16.3199 0.242667
0.132498  126.76  2.41758  16.1761 0.248193
0.133921  128.147  2.49697  16.0388 0.253874
0.135354  129.545  2.57925  15.9079 0.259712
0.136797  130.954  2.66453  15.7833 0.265711
0.13825  132.374  2.75287  15.6646 0.271875
0.139713  133.805  2.84438  15.5518 0.278206
0.141187  135.247  2.93915  15.4443 0.284708
0.142671  136.7  3.03726  15.3421 0.291384
0.144166  138.164  3.13882  15.2449 0.298236
0.14567  139.64  3.24391  15.1528 0.305267
0.147186  141.126  3.35263  15.0654 0.312479
0.148711  142.625  3.46509  14.9821 0.319875
0.150247  144.134  3.58138  14.9035 0.327456
0.151794  145.656  3.70159  14.8291 0.335226
0.153352  147.189  3.82584  14.7585 0.343184
0.15492  148.733  3.95421  14.6918 0.351334
0.156498  150.29  4.08682  14.6289 0.359676
0.158087  151.858  4.22377  14.5695 0.368212
0.159687  153.439  4.36515  14.5137 0.376942
0.161298  155.031  4.51109  14.4611 0.385867
0.16292  156.636  4.66167  14.4118 0.394988
0.164552  158.253  4.81702  14.3652 0.404305
0.166196  159.882  4.97723  14.3217 0.413818
0.16785  161.524  5.14242  14.281 0.423526
0.169515  163.178  5.3127  14.2429 0.433431
0.171191  164.845  5.48816  14.2075 0.44353
0.172878  166.524  5.66893  14.1744 0.453823
0.174576  168.217  5.85512  14.1437 0.464309
0.176285  169.922  6.04683  14.1153 0.474986
0.178006  171.64  6.24417  14.089 0.485853
0.179737  173.372  6.44726  14.0645 0.496909
0.18148  175.116  6.65622  14.0424 0.508151
0.183234  176.874  6.87114  14.0217 0.519576
0.184999  178.645  7.09214  14.0031 0.531183
0.186776  180.43  7.31934  13.986 0.542969
0.188564  182.228  7.55284  13.9703 0.55493
0.190363  184.04  7.79276  13.9564 0.567064
0.192173  185.866  8.03921  13.9437 0.579366
0.193995  187.705  8.29229  13.9328 0.591835
0.195829  189.559  8.55213  13.9228 0.604464
0.197674  191.427  8.81882  13.9139 0.617252
0.199531  193.309  9.09247  13.9065 0.630193
0.201399  195.205  9.37321  13.8997 0.643282
0.203279  197.116  9.66112  13.8944 0.656516
0.20517  199.042  9.95632  13.8897 0.66989
0.207073  200.982  10.2589  13.8861 0.683398
0.208988  202.937  10.569  13.8832 0.697035
0.210915  204.906  10.8867  13.8811 0.710797
0.212854  206.891  11.2121  13.8796 0.724677
0.214804  208.891  11.5453  13.8788 0.738671
0.216766  210.906  11.8864  13.8788 0.752771
0.21874  212.937  12.2355  13.8791 0.766974
0.220726  214.983  12.5927  13.8799 0.781271
0.222724  217.045  12.958  13.8814 0.795659
0.224734  219.122  13.3317  13.8832 0.810129
0.226757  221.216  13.7137  13.8853 0.824677
0.228791  223.325  14.1041  13.8879 0.839295
0.230837  225.45  14.5031  13.8909 0.853978
0.232896  227.592  14.9107  13.8938 0.868718
0.234966  229.75  15.327  13.8974 0.88351
0.237049  231.924  15.752  13.9009 0.898347
0.239145  234.115  16.1859  13.9047 0.913222
0.241252  236.323  16.6287  13.9086 0.928129
0.243372  238.548  17.0805  13.9124 0.94306
0.245504  240.79  17.5413  13.9166 0.958011
0.247649  243.048  18.0112  13.9207 0.972973
0.249806  245.325  18.4903  13.9251 0.987941
0.251976  247.618  18.9786  13.9293 1.00291
0.254158  249.929  19.4762  13.9334 1.01787
0.256353  252.257  19.9831  13.9375 1.03281
0.25856  254.604  20.4994  13.9417 1.04774
0.26078  256.968  21.025  13.9458 1.06264
0.263013  259.35  21.5601  13.9499 1.0775
0.265258  261.751  22.1047  13.9538 1.09233
0.267516  264.17  22.6587  13.9576 1.10711
0.269787  266.607  23.2223  13.9612 1.12184
0.272071  269.063  23.7955  13.9647 1.13652
0.274367  271.537  24.3782  13.9682 1.15113
0.276677  274.03  24.9706  13.9712 1.16568
0.278999  276.543  25.5725  13.9744 1.18016
0.281335  279.074  26.1841  13.9771 1.19455
0.283683  281.624  26.8053  13.9798 1.20887
0.286044  284.194  27.4362  13.9824 1.22309
0.288419  286.784  28.0767  13.9845 1.23723
0.290806  289.393  28.7268  13.9866 1.25126
0.293207  292.022  29.3867  13.9883 1.2652
0.295621  294.67  30.0561  13.9901 1.27903
0.298048  297.339  30.7353  13.9913 1.29276
0.300488  300.028  31.4241  13.9925 1.30637
0.302941  302.737  32.1226  13.9933 1.31986
0.305408  305.467  32.8308  13.9939 1.33324
0.307889  308.217  33.5486  13.9942 1.3465
0.310382  310.988  34.2762  13.9945 1.35963
0.312889  313.78  35.0134  13.9942 1.37263
0.31541  316.593  35.7604  13.9939 1.38551
0.317944  319.427  36.5172  13.9933 1.39825
0.320491  322.282  37.2837  13.9925 1.41087
0.323052  325.158  38.06  13.9913 1.42334
0.325627  328.056  38.8462  13.9901 1.43569
0.328216  330.976  39.6423  13.9883 1.4479
0.330818  333.917  40.4484  13.9866 1.45997
0.333433  336.881  41.2645  13.9845 1.4719
0.336063  339.866  42.0908  13.9821 1.4837
0.338706  342.874  42.9272  13.9795 1.49536
0.341363  345.903  43.7741  13.9768 1.50688
0.344034  348.956  44.6313  13.9736 1.51827
0.346719  352.031  45.4992  13.9703 1.52952
0.349418  355.129  46.3779  13.9668 1.54064
0.352131  358.249  47.2674  13.9629 1.55163
0.354858  361.393  48.1681  13.9588 1.56248
0.357599  364.56  49.0801  13.9544 1.5732
0.360354  367.75  50.0036  13.9499 1.58379
0.363123  370.964  50.9389  13.9452 1.59426
0.365906  374.201  51.8861  13.9402 1.6046
0.368703  377.462  52.8456  13.9349 1.61482
0.371515  380.747  53.8177  13.9296 1.62491
0.374341  384.056  54.8026  13.9239 1.63489
0.377181  387.39  55.8006  13.918 1.64474
0.380035  390.748  56.8121  13.9118 1.65448
0.382904  394.13  57.8373  13.9053 1.66411
0.385787  397.537  58.8765  13.8988 1.67363
0.388685  400.969  59.9302  13.8921 1.68303
0.391597  404.427  60.9986  13.885 1.69233
0.394524  407.909  62.082  13.8779 1.70152
0.397465  411.417  63.1809  13.8705 1.71061
0.400421  414.951  64.2955  13.8628 1.71959
0.403391  418.51  65.4261  13.8548 1.72848
0.406376  422.095  66.5732  13.8466 1.73726
0.409376  425.707  67.7369  13.8383 1.74594
0.412391  429.345  68.9177  13.8297 1.75452
0.41542  433.009  70.1158  13.8212 1.76301
0.418464  436.7  71.3315  13.812 1.7714
0.421523  440.418  72.5651  13.8029 1.77969
0.424597  444.163  73.8169  13.7937 1.78789
0.427685  447.936  75.087  13.784 1.79599
0.430789  451.736  76.3759  13.7742 1.804
0.433907  455.564  77.6837  13.7642 1.81192
0.437041  459.42  79.0105  13.7541 1.81974
0.44019  463.304  80.3567  13.7438 1.82747
0.443353  467.216  81.7224  13.7332 1.8351
0.446532  471.157  83.1078  13.7225 1.84264
0.449726  475.126  84.5131  13.7116 1.85009
0.452935  479.125  85.9383  13.7007 1.85744
0.45616  483.153  87.3837  13.6892 1.8647
0.4594  487.21  88.8494  13.6779 1.87187
0.462655  491.297  90.3355  13.6661 1.87894
0.465925  495.413  91.8421  13.6546 1.88591
0.469211  499.56  93.3692  13.6425 1.89279
0.472512  503.737  94.917  13.6304 1.89958
0.475828  507.945  96.4856  13.6183 1.90627
0.47916  512.183  98.075  13.6059 1.91287
0.482508  516.452  99.6853  13.5932 1.91937
0.485871  520.752  101.316  13.5808 1.92577
0.48925  525.084  102.969  13.5678 1.93208
0.492644  529.447  104.642  13.5548 1.93829
0.496054  533.842  106.336  13.5418 1.94441
0.49948  538.269  108.051  13.5288 1.95043
0.502921  542.728  109.788  13.5152 1.95636
0.506379  547.219  111.545  13.5019 1.96219
0.509852  551.744  113.323  13.4883 1.96792
0.513341  556.301  115.123  13.4748 1.97356
0.516845  560.891  116.944  13.4609 1.9791
0.520366  565.514  118.786  13.447 1.98455
0.523903  570.172  120.649  13.4331 1.9899
0.527455  574.862  122.533  13.4192 1.99516
0.531024  579.587  124.438  13.4051 2.00032
0.534608  584.346  126.364  13.3909 2.00539
0.538209  589.14  128.312  13.3764 2.01036
0.541826  593.968  130.28  13.3622 2.01524
0.545459  598.831  132.27  13.3478 2.02003
0.549109  603.729  134.281  13.3333 2.02472
0.552774  608.662  136.312  13.3188 2.02933
0.556456  613.631  138.365  13.3041 2.03384
0.560154  618.635  140.439  13.2893 2.03826
0.563869  623.676  142.534  13.2745 2.04258
0.567599  628.752  144.649  13.2598 2.04682
0.571347  633.865  146.786  13.245 2.05097
0.57511  639.015  148.944  13.2299 2.05503
0.578891  644.202  151.123  13.2152 2.059
0.582687  649.425  153.322  13.2001 2.06289
0.586501  654.686  155.543  13.185 2.06669
0.590331  659.984  157.785  13.17 2.0704
0.594177  665.32  160.047  13.1549 2.07402
0.59804  670.694  162.331  13.1399 2.07757
0.60192  676.105  164.635  13.1248 2.08103
0.605817  681.556  166.96  13.1097 2.0844
0.609731  687.045  169.306  13.0944 2.0877
0.613661  692.572  171.673  13.0793 2.09091
0.617608  698.139  174.061  13.064 2.09404
0.621572  703.745  176.47  13.0486 2.09709
0.625553  709.39  178.9  13.0335 2.10007
0.629551  715.075  181.35  13.0182 2.10296
0.633566  720.799  183.821  13.0028 2.10578
0.637598  726.564  186.314  12.9878 2.10852
0.641647  732.369  188.827  12.9724 2.11119
0.645713  738.215  191.361  12.9571 2.11379
0.649796  744.101  193.916  12.9417 2.11631
0.653897  750.029  196.492  12.9266 2.11875
0.658014  755.997  199.088  12.9113 2.12113
0.662149  762.007  201.706  12.8959 2.12343
0.666301  768.059  204.345  12.8806 2.12567
0.670471  774.152  207.004  12.8655 2.12783
0.674658  780.287  209.685  12.8501 2.12993
0.678862  786.465  212.386  12.8348 2.13196
0.683084  792.685  215.108  12.8197 2.13393
0.687323  798.948  217.851  12.8044 2.13583
0.69158  805.253  220.616  12.7893 2.13766
0.695854  811.602  223.401  12.774 2.13943
0.700146  817.994  226.207  12.7589 2.14114
0.704455  824.43  229.034  12.7435 2.14278
0.708782  830.91  231.883  12.7285 2.14437
0.713127  837.433  234.752  12.7134 2.14589
0.717489  844.001  237.643  12.6984 2.14736
0.721869  850.613  240.554  12.6833 2.14877
0.726267  857.27  243.487  12.6682 2.15012
0.730683  863.972  246.441  12.6532 2.15141
0.735117  870.718  249.416  12.6381 2.15265
0.739568  877.511  252.412  12.623 2.15383
0.744038  884.348  255.429  12.608 2.15495
0.748525  891.232  258.468  12.5932 2.15603
0.753031  898.161  261.528  12.5782 2.15705
0.757554  905.137  264.609  12.5634 2.15802
0.762096  912.159  267.712  12.5486 2.15894
0.766656  919.227  270.836  12.5339 2.1598
0.771234  926.343  273.981  12.5191 2.16062
0.77583  933.505  277.148  12.5043 2.16139
0.780444  940.715  280.336  12.4896 2.16212
0.785077  947.973  283.546  12.4748 2.16279
0.789727  955.278  286.777  12.46 2.16342
0.794397  962.631  290.03  12.4456 2.164
0.799084  970.032  293.304  12.4311 2.16454
0.80379  977.482  296.6  12.4163 2.16503
0.808514  984.98  299.918  12.4018 2.16548
0.813257  992.527  303.257  12.3874 2.16589
0.818019  1000.12  306.618  12.3729 2.16626
0.822799  1007.77  310.001  12.3587 2.16658
0.827597  1015.46  313.405  12.3443 2.16686
0.832414  1023.21  316.832  12.3298 2.1671
0.83725  1031  320.28  12.3156 2.16731
0.842104  1038.85  323.751  12.3014 2.16747
0.846978  1046.74  327.243  12.2873 2.1676
0.85187  1054.69  330.757  12.2731 2.16769
0.85678  1062.69  334.293  12.2589 2.16774
0.86171  1070.73  337.852  12.2447 2.16776
0.866659  1078.83  341.432  12.2309 2.16774
0.871626  1086.98  345.035  12.2167 2.16769
0.876612  1095.19  348.66  12.2028 2.1676
0.881618  1103.44  352.307  12.1889 2.16748
0.886642  1111.75  355.977  12.175 2.16732
0.891685  1120.11  359.669  12.1612 2.16713
0.896748  1128.52  363.383  12.1476 2.16691
0.901829  1136.98  367.12  12.1337 2.16666
0.90693  1145.5  370.879  12.1201 2.16638
0.91205  1154.07  374.661  12.1065 2.16607
0.917189  1162.7  378.466  12.0926 2.16573
0.922348  1171.38  382.293  12.0794 2.16535
0.927525  1180.11  386.143  12.0658 2.16495
0.932723  1188.9  390.015  12.0522 2.16453
0.937939  1197.74  393.911  12.0389 2.16407
0.943175  1206.63  397.829  12.0253 2.16359
0.94843  1215.58  401.77  12.012 2.16308
0.953705  1224.59  405.734  11.9987 2.16254
0.958999  1233.65  409.721  11.9854 2.16198
0.964313  1242.77  413.732  11.9724 2.16139
0.969647  1251.94  417.765  11.9592 2.16078
