       0.000   0.999999826e+00
       0.010   0.999495349e+00
       0.020   0.997982568e+00
       0.030   0.995465165e+00
       0.040   0.991948976e+00
       0.050   0.987442146e+00
       0.060   0.981955099e+00
       0.070   0.975500510e+00
       0.080   0.968093259e+00
       0.090   0.959750388e+00
       0.100   0.950491042e+00
       0.110   0.940336411e+00
       0.120   0.929309662e+00
       0.130   0.917435862e+00
       0.140   0.904741904e+00
       0.150   0.891256416e+00
       0.160   0.877009676e+00
       0.170   0.862033514e+00
       0.180   0.846361212e+00
       0.190   0.830027404e+00
       0.200   0.813067962e+00
       0.210   0.795519894e+00
       0.220   0.777421224e+00
       0.230   0.758810878e+00
       0.240   0.739728569e+00
       0.250   0.720214671e+00
       0.260   0.700310106e+00
       0.270   0.680056219e+00
       0.280   0.659494656e+00
       0.290   0.638667246e+00
       0.300   0.617615875e+00
       0.310   0.596382373e+00
       0.320   0.575008394e+00
       0.330   0.553535296e+00
       0.340   0.532004034e+00
       0.350   0.510455043e+00
       0.360   0.488928134e+00
       0.370   0.467462389e+00
       0.380   0.446096058e+00
       0.390   0.424866466e+00
       0.400   0.403809918e+00
       0.410   0.382961610e+00
       0.420   0.362355552e+00
       0.430   0.342024485e+00
       0.440   0.321999812e+00
       0.450   0.302311529e+00
       0.460   0.282988165e+00
       0.470   0.264056728e+00
       0.480   0.245542655e+00
       0.490   0.227469768e+00
       0.500   0.209860237e+00
       0.510   0.192734551e+00
       0.520   0.176111490e+00
       0.530   0.160008109e+00
       0.540   0.144439725e+00
       0.550   0.129419907e+00
       0.560   0.114960481e+00
       0.570   0.101071530e+00
       0.580   0.877614065e-01
       0.590   0.750367496e-01
       0.600   0.629025059e-01
       0.610   0.513619564e-01
       0.620   0.404167485e-01
       0.630   0.300669326e-01
       0.640   0.203110030e-01
       0.650   0.111459437e-01
       0.660   0.256727747e-02
       0.670  -0.543088048e-02
       0.680  -0.128557662e-01
       0.690  -0.197159070e-01
       0.700  -0.260210586e-01
       0.710  -0.317821399e-01
       0.720  -0.370111650e-01
       0.730  -0.417211739e-01
       0.740  -0.459261612e-01
       0.750  -0.496410028e-01
       0.760  -0.528813830e-01
       0.770  -0.556637191e-01
       0.780  -0.580050869e-01
       0.790  -0.599231454e-01
       0.800  -0.614360616e-01
       0.810  -0.625624359e-01
       0.820  -0.633212282e-01
       0.830  -0.637316843e-01
       0.840  -0.638132647e-01
       0.850  -0.635855733e-01
       0.860  -0.630682893e-01
       0.870  -0.622810995e-01
       0.880  -0.612436337e-01
       0.890  -0.599754022e-01
       0.900  -0.584957349e-01
       0.910  -0.568237244e-01
       0.920  -0.549781703e-01
       0.930  -0.529775277e-01
       0.940  -0.508398580e-01
       0.950  -0.485827825e-01
       0.960  -0.462234399e-01
       0.970  -0.437784469e-01
       0.980  -0.412638612e-01
       0.990  -0.386951493e-01
       1.000  -0.360871560e-01
       1.010  -0.334540791e-01
       1.020  -0.308094456e-01
       1.030  -0.281660927e-01
       1.040  -0.255361511e-01
       1.050  -0.229310325e-01
       1.060  -0.203614194e-01
       1.070  -0.178372584e-01
       1.080  -0.153677569e-01
       1.090  -0.129613823e-01
       1.100  -0.106258644e-01
       1.110  -0.836819981e-02
       1.120  -0.619466051e-02
       1.130  -0.411080328e-02
       1.140  -0.212148255e-02
       1.150  -0.230865156e-03
       1.160   0.155755274e-02
       1.170   0.324092680e-02
       1.180   0.481704379e-02
       1.190   0.628429925e-02
       1.200   0.764167365e-02
       1.210   0.888870714e-02
       1.220   0.100254732e-01
       1.230   0.110525511e-01
       1.240   0.119709978e-01
       1.250   0.127823187e-01
       1.260   0.134884380e-01
       1.270   0.140916690e-01
       1.280   0.145946832e-01
       1.290   0.150004803e-01
       1.300   0.153123578e-01
       1.310   0.155338801e-01
       1.320   0.156688490e-01
       1.330   0.157212737e-01
       1.340   0.156953417e-01
       1.350   0.155953902e-01
       1.360   0.154258781e-01
       1.370   0.151913591e-01
       1.380   0.148964552e-01
       1.390   0.145458316e-01
       1.400   0.141441725e-01
       1.410   0.136961581e-01
       1.420   0.132064421e-01
       1.430   0.126796316e-01
       1.440   0.121202673e-01
       1.450   0.115328052e-01
       1.460   0.109215997e-01
       1.470   0.102908882e-01
       1.480   0.964477654e-02
       1.490   0.898722635e-02
       1.500   0.832204337e-02
       1.510   0.765286718e-02
       1.520   0.698316237e-02
       1.530   0.631621088e-02
       1.540   0.565510564e-02
       1.550   0.500274555e-02
       1.560   0.436183152e-02
       1.570   0.373486380e-02
       1.580   0.312414040e-02
       1.590   0.253175654e-02
       1.600   0.195960521e-02
       1.610   0.140937863e-02
       1.620   0.882570688e-03
       1.630   0.380480189e-03
       1.640  -0.957850686e-04
       1.650  -0.545303487e-03
       1.660  -0.967334182e-03
       1.670  -0.136131089e-02
       1.680  -0.172683531e-02
       1.690  -0.206366998e-02
       1.700  -0.237173071e-02
       1.710  -0.265107863e-02
       1.720  -0.290191199e-02
       1.730  -0.312455767e-02
       1.740  -0.331946249e-02
       1.750  -0.348718445e-02
       1.760  -0.362838380e-02
       1.770  -0.374381415e-02
       1.780  -0.383431358e-02
       1.790  -0.390079580e-02
       1.800  -0.394424143e-02
       1.810  -0.396568942e-02
       1.820  -0.396622867e-02
       1.830  -0.394698984e-02
       1.840  -0.390913741e-02
       1.850  -0.385386209e-02
       1.860  -0.378237341e-02
       1.870  -0.369589273e-02
       1.880  -0.359564654e-02
       1.890  -0.348286017e-02
       1.900  -0.335875179e-02
       1.910  -0.322452689e-02
       1.920  -0.308137303e-02
       1.930  -0.293045512e-02
       1.940  -0.277291097e-02
       1.950  -0.260984731e-02
       1.960  -0.244233616e-02
       1.970  -0.227141164e-02
       1.980  -0.209806706e-02
       1.990  -0.192325253e-02
       2.000  -0.174787278e-02
       2.010  -0.157278542e-02
       2.020  -0.139879955e-02
       2.030  -0.122667462e-02
       2.040  -0.105711965e-02
       2.050  -0.890792774e-03
       2.060  -0.728300974e-03
       2.070  -0.570200157e-03
       2.080  -0.416995436e-03
       2.090  -0.269141651e-03
       2.100  -0.127044093e-03
       2.110   0.894057800e-05
       2.120   0.138503232e-03
       2.130   0.261381021e-03
       2.140   0.377355986e-03
       2.150   0.486253532e-03
       2.160   0.587940803e-03
       2.170   0.682324961e-03
       2.180   0.769351374e-03
       2.190   0.849001757e-03
       2.200   0.921292244e-03
       2.210   0.986271428e-03
       2.220   0.104401837e-02
       2.230   0.109464059e-02
       2.240   0.113827206e-02
       2.250   0.117507118e-02
       2.260   0.120521878e-02
       2.270   0.122891612e-02
       2.280   0.124638299e-02
       2.290   0.125785570e-02
       2.300   0.126358525e-02
       2.310   0.126383549e-02
       2.320   0.125888127e-02
       2.330   0.124900677e-02
       2.340   0.123450374e-02
       2.350   0.121566991e-02
       2.360   0.119280743e-02
       2.370   0.116622132e-02
       2.380   0.113621807e-02
       2.390   0.110310423e-02
       2.400   0.106718511e-02
       2.410   0.102876357e-02
       2.420   0.988138799e-03
       2.430   0.945605222e-03
       2.440   0.901451481e-03
       2.450   0.855959456e-03
       2.460   0.809403361e-03
       2.470   0.762048917e-03
       2.480   0.714152592e-03
       2.490   0.665960896e-03
       2.500   0.617709761e-03
       2.510   0.569623974e-03
       2.520   0.521916680e-03
       2.530   0.474788951e-03
       2.540   0.428429417e-03
       2.550   0.383013964e-03
       2.560   0.338705489e-03
       2.570   0.295653720e-03
       2.580   0.253995098e-03
       2.590   0.213852709e-03
       2.600   0.175336290e-03
       2.610   0.138542273e-03
       2.620   0.103553899e-03
       2.630   0.704413735e-04
       2.640   0.392620849e-04
       2.650   0.100608625e-04
       2.660  -0.171297119e-04
       2.670  -0.422889493e-04
       2.680  -0.654076546e-04
       2.690  -0.864876884e-04
       2.700  -0.105541489e-03
       2.710  -0.122591563e-03
       2.720  -0.137669937e-03
       2.730  -0.150817587e-03
       2.740  -0.162083839e-03
       2.750  -0.171525747e-03
       2.760  -0.179207448e-03
       2.770  -0.185199512e-03
       2.780  -0.189578266e-03
       2.790  -0.192425120e-03
       2.800  -0.193825886e-03
       2.810  -0.193870088e-03
       2.820  -0.192650288e-03
       2.830  -0.190261407e-03
       2.840  -0.186800061e-03
       2.850  -0.182363907e-03
       2.860  -0.177051013e-03
       2.870  -0.170959236e-03
       2.880  -0.164185634e-03
       2.890  -0.156825902e-03
       2.900  -0.148973828e-03
       2.910  -0.140720794e-03
       2.920  -0.132155304e-03
       2.930  -0.123362543e-03
       2.940  -0.114423985e-03
       2.950  -0.105417031e-03
       2.960  -0.964146927e-04
       2.970  -0.874853165e-04
       2.980  -0.786923485e-04
       2.990  -0.700941442e-04
       3.000  -0.617438197e-04
       3.010  -0.536891465e-04
       3.020  -0.459724871e-04
       3.030  -0.386307728e-04
       3.040  -0.316955212e-04
       3.050  -0.251928922e-04
       3.060  -0.191437816e-04
       3.070  -0.135639493e-04
       3.080  -0.846418105e-05
       3.090  -0.385048046e-05
       3.100   0.275710221e-06
       3.110   0.391726413e-05
       3.120   0.708110083e-05
       3.130   0.977789755e-05
       3.140   0.120217835e-04
       3.150   0.138300202e-04
       3.160   0.152226715e-04
       3.170   0.162222651e-04
       3.180   0.168534506e-04
       3.190   0.171426544e-04
       3.200   0.171177376e-04
       3.210   0.168076570e-04
       3.220   0.162421328e-04
       3.230   0.154513270e-04
       3.240   0.144655324e-04
       3.250   0.133148764e-04
       3.260   0.120290409e-04
       3.270   0.106370000e-04
       3.280   0.916677777e-05
       3.290   0.764522641e-05
       3.300   0.609782727e-05
       3.310   0.454851455e-05
       3.320   0.301952284e-05
       3.330   0.153125899e-05
       3.340   0.102198186e-06
       3.350  -0.125119547e-05
       3.360  -0.251452439e-05
       3.370  -0.367548935e-05
       3.380  -0.472389843e-05
       3.390  -0.565165395e-05
       3.400  -0.645271857e-05
       3.410  -0.712306162e-05
       3.420  -0.766058718e-05
       3.430  -0.806504542e-05
       3.440  -0.833792876e-05
       3.450  -0.848235458e-05
       3.460  -0.850293636e-05
       3.470  -0.840564499e-05
       3.480  -0.819766214e-05
       3.490  -0.788722759e-05
       3.500  -0.748348244e-05
       3.510  -0.699630997e-05
       3.520  -0.643617595e-05
       3.530  -0.581397024e-05
       3.540  -0.514085118e-05
       3.550  -0.442809457e-05
       3.560  -0.368694838e-05
       3.570  -0.292849486e-05
       3.580  -0.216352104e-05
       3.590  -0.140239880e-05
       3.600  -0.654975380e-06
       3.610   0.695247878e-07
       3.620   0.762586438e-06
       3.630   0.141647741e-05
       3.640   0.202430995e-05
       3.650   0.258008908e-05
       3.660   0.307874821e-05
       3.670   0.351617187e-05
       3.680   0.388920610e-05
       3.690   0.419565658e-05
       3.700   0.443427535e-05
       3.710   0.460473646e-05
       3.720   0.470760145e-05
       3.730   0.474427542e-05
       3.740   0.471695458e-05
       3.750   0.462856627e-05
       3.760   0.448270243e-05
       3.770   0.428354754e-05
       3.780   0.403580228e-05
       3.790   0.374460369e-05
       3.800   0.341544320e-05
       3.810   0.305408352e-05
       3.820   0.266647525e-05
       3.830   0.225867459e-05
       3.840   0.183676276e-05
       3.850   0.140676823e-05
       3.860   0.974592541e-06
       3.870   0.545940534e-06
       3.880   0.126255605e-06
       3.890  -0.279339355e-06
       3.900  -0.666094838e-06
       3.910  -0.102968099e-05
       3.920  -0.136622693e-05
       3.930  -0.167235293e-05
       3.940  -0.194519529e-05
       3.950  -0.218242376e-05
       3.960  -0.238225181e-05
       3.970  -0.254343958e-05
       3.980  -0.266528996e-05
       3.990  -0.274763794e-05
       4.000  -0.279083366e-05
       4.010  -0.279571964e-05
       4.020  -0.276360252e-05
       4.030  -0.269622003e-05
       4.040  -0.259570361e-05
       4.050  -0.246453744e-05
       4.060  -0.230551433e-05
       4.070  -0.212168937e-05
       4.080  -0.191633171e-05
       4.090  -0.169287540e-05
       4.100  -0.145486975e-05
       4.110  -0.120592996e-05
       4.120  -0.949688537e-06
       4.130  -0.689748195e-06
       4.140  -0.429636665e-06
       4.150  -0.172764001e-06
       4.160   0.776171995e-07
       4.170   0.318448244e-06
       4.180   0.546897117e-06
       4.190   0.760387277e-06
       4.200   0.956622248e-06
       4.210   0.113360583e-05
       4.220   0.128965781e-05
       4.230   0.142342513e-05
       4.240   0.153388853e-05
       4.250   0.162036463e-05
       4.260   0.168250376e-05
       4.270   0.172028352e-05
       4.280   0.173399836e-05
       4.290   0.172424544e-05
       4.300   0.169190710e-05
       4.310   0.163813018e-05
       4.320   0.156430264e-05
       4.330   0.147202784e-05
       4.340   0.136309682e-05
       4.350   0.123945915e-05
       4.360   0.110319252e-05
       4.370   0.956471797e-06
       4.380   0.801537708e-06
       4.390   0.640665708e-06
       4.400   0.476135372e-06
       4.410   0.310200696e-06
       4.420   0.145061668e-06
       4.430  -0.171625719e-07
       4.440  -0.174458687e-06
       4.450  -0.324941944e-06
       4.460  -0.466876641e-06
       4.470  -0.598693960e-06
       4.480  -0.719007102e-06
       4.490  -0.826623591e-06
       4.500  -0.920554671e-06
       4.510  -0.100002176e-05
       4.520  -0.106445998e-05
       4.530  -0.111351878e-05
       4.540  -0.114705980e-05
       4.550  -0.116515192e-05
       4.560  -0.116806393e-05
       4.570  -0.115625465e-05
       4.580  -0.113036098e-05
       4.590  -0.109118397e-05
       4.600  -0.103967311e-05
       4.610  -0.976909250e-06
       4.620  -0.904086264e-06
       4.630  -0.822491804e-06
       4.640  -0.733487424e-06
       4.650  -0.638488327e-06
       4.660  -0.538943035e-06
       4.670  -0.436313233e-06
       4.680  -0.332054055e-06
       4.690  -0.227595062e-06
       4.700  -0.124322119e-06
       4.710  -0.235604187e-07
       4.720   0.734411991e-07
       4.730   0.165524431e-06
       4.740   0.251634072e-06
       4.750   0.330828835e-06
       4.760   0.402290333e-06
       4.770   0.465330158e-06
       4.780   0.519395026e-06
       4.790   0.564069968e-06
       4.800   0.599079592e-06
       4.810   0.624287439e-06
       4.820   0.639693517e-06
       4.830   0.645430081e-06
       4.840   0.641755781e-06
       4.850   0.629048284e-06
       4.860   0.607795537e-06
       4.870   0.578585804e-06
       4.880   0.542096652e-06
       4.890   0.499083073e-06
       4.900   0.450364911e-06
       4.910   0.396813788e-06
       4.920   0.339339723e-06
       4.930   0.278877616e-06
       4.940   0.216373806e-06
       4.950   0.152772856e-06
       4.960   0.890047526e-07
       4.970   0.259726734e-07
       4.980  -0.354585273e-07
       4.990  -0.944729822e-07
       5.000  -0.150313501e-06
