5.626386492404949e-04  7.898754364524621e-01
6.247929066443015e-04  8.464452585257050e-01
6.913638745030562e-04  9.049614446602163e-01
7.625031547444399e-04  9.654278278267157e-01
8.383623492961343e-04  1.027849043134893e+00
9.190930600858201e-04  1.092230573427287e+00
1.004846889041179e-03  1.158578734193497e+00
1.095775438089892e-03  1.226900713244163e+00
1.192030309159640e-03  1.297204575030264e+00
1.293763104178105e-03  1.369499263964258e+00
1.401125425072968e-03  1.443794593266489e+00
1.514268873771909e-03  1.520101262314711e+00
1.633345052202611e-03  1.598430822528030e+00
1.758505562292755e-03  1.678795667421468e+00
1.889902005970021e-03  1.761209005032697e+00
2.027685985162092e-03  1.845684820279530e+00
2.172009101796647e-03  1.932237836400304e+00
2.323022957801369e-03  2.020883446196194e+00
2.480879155103939e-03  2.111637667120704e+00
2.645729295632037e-03  2.204517052796859e+00
2.817724981313346e-03  2.299538610119953e+00
2.997017814075546e-03  2.396719702559835e+00
3.183759395846319e-03  2.496077935698054e+00
3.378101328553345e-03  2.597631034084543e+00
3.580195214124307e-03  2.701396703758860e+00
3.790192654486885e-03  2.807392477761255e+00
4.008245251568760e-03  2.915635549406375e+00
4.234504607297615e-03  3.026142589069423e+00
4.469122323601130e-03  3.138929547634234e+00
4.712250002406985e-03  3.254011442755200e+00
4.964039245642864e-03  3.371402129839566e+00
5.224641655236446e-03  3.491114057028881e+00
5.494208833115413e-03  3.613158006465028e+00
5.772892381207446e-03  3.737542822520254e+00
6.060843901440225e-03  3.864275117209104e+00
6.358214995741436e-03  3.993358974950752e+00
6.665157266038753e-03  4.124795633577264e+00
6.981822314259865e-03  4.258583158924012e+00
7.308361742332447e-03  4.394716110931995e+00
7.644927152184184e-03  4.533185196825116e+00
7.991670145742754e-03  4.673976922703787e+00
8.348742324935841e-03  4.817073235841690e+00
8.716295291691127e-03  4.962451168984444e+00
9.094480647936288e-03  5.110082484501390e+00
9.483449995599011e-03  5.259933320044752e+00
9.883354936606976e-03  5.411963842314549e+00
1.029434707288786e-02  5.566127910598425e+00
1.071657800636935e-02  5.722372753650006e+00
1.115019933897913e-02  5.880638662652814e+00
1.159536267264486e-02  6.040858704715447e+00
1.205221960929426e-02  6.202958463339883e+00
1.252092175085497e-02  6.366855801495376e+00
1.300162069925470e-02  6.532460662936273e+00
1.349446805642111e-02  6.699674904359199e+00
1.399961542428190e-02  6.868392169590834e+00
1.451721440476474e-02  7.038497804456938e+00
1.504741659979732e-02  7.209868818676341e+00
1.559037361130731e-02  7.382373895662340e+00
1.614623704122240e-02  7.555873452716924e+00
1.671515849147026e-02  7.730219756535462e+00
1.729728956397859e-02  7.905257090617965e+00
1.789278186067506e-02  8.080821980783981e+00
1.850178698348735e-02  8.256743476179508e+00
1.912445653434314e-02  8.432843487843797e+00
1.976094211517012e-02  8.608937183074090e+00
2.041139532789596e-02  8.784833435731343e+00
2.107596777444836e-02  8.960335330833118e+00
2.175481105675497e-02  9.135240720954471e+00
2.244807677674350e-02  9.309342833415599e+00
2.315591653634162e-02  9.482430923822221e+00
2.387848193747701e-02  9.654290974571381e+00
2.461592458207735e-02  9.824706433498477e+00
2.536839607207033e-02  9.993458990168278e+00
2.613604800938362e-02  1.016032938448927e+01
2.691903199594491e-02  1.032509824506042e+01
2.771749963368188e-02  1.048754695245384e+01
2.853160252452221e-02  1.064745852319697e+01
2.936149227039358e-02  1.080461851027246e+01
3.020732047322367e-02  1.095881591691534e+01
3.106923873494016e-02  1.110984411823097e+01
3.194739865747073e-02  1.125750178841770e+01
3.284195184274307e-02  1.140159382890738e+01
3.375304989268486e-02  1.154193229428199e+01
3.468084440922378e-02  1.167833731256690e+01
3.562548699428750e-02  1.181063799710557e+01
3.658712924980372e-02  1.193867334680067e+01
3.756592277770011e-02  1.206229313184610e+01
3.856201917990435e-02  1.218135876257622e+01
3.957557005834413e-02  1.229574413914838e+01
4.060672701494711e-02  1.240533647848156e+01
4.165564165164100e-02  1.251003711749820e+01
4.272246557035347e-02  1.260976228859101e+01
4.380735037301220e-02  1.270444386628867e+01
4.491044766154485e-02  1.279403008074075e+01
4.603190903787914e-02  1.287848619661645e+01
4.717188610394273e-02  1.295779515308959e+01
4.833053046166330e-02  1.303195816203288e+01
4.950799371296852e-02  1.310099526049964e+01
5.070442745978612e-02  1.316494581344875e+01
5.191998330404373e-02  1.322386896192711e+01
5.315481284766905e-02  1.327784401228644e+01
5.440906769258975e-02  1.332697076093973e+01
5.568289944073354e-02  1.337136974940108e+01
5.697645969402808e-02  1.341118244373820e+01
5.828990005440105e-02  1.344657133291366e+01
5.962337212378013e-02  1.347771994010066e+01
6.097702750409299e-02  1.350483274136843e+01
6.235101779726736e-02  1.352813498671605e+01
6.374549460523088e-02  1.354787241864676e+01
6.516060952991123e-02  1.356431088460306e+01
6.659651417323610e-02  1.357773584061999e+01
6.805336013713319e-02  1.358845174466364e+01
6.953129902353014e-02  1.359678134001069e+01
7.103048243435468e-02  1.360306483065995e+01
7.255106197153445e-02  1.360765895271254e+01
7.409318923699715e-02  1.361093594805459e+01
7.565701583267045e-02  1.361328244849062e+01
7.724269336048208e-02  1.361509828109956e+01
7.885037342235963e-02  1.361679520733901e+01
8.048020762023085e-02  1.361879561059141e+01
8.213234755602342e-02  1.362153114838316e+01
8.380694483166500e-02  1.362544138668807e+01
8.550415104908325e-02  1.363097243489665e+01
8.722411781020589e-02  1.363857560001475e+01
8.896699671696059e-02  1.364870607883472e+01
9.073293937127505e-02  1.366182170599893e+01
9.252209737507690e-02  1.367838177470026e+01
9.433462233029387e-02  1.369884594546954e+01
9.617066583885361e-02  1.372367325595621e+01
9.803037950268383e-02  1.375332124303247e+01
9.991391492371220e-02  1.378824518549288e+01
1.018214237038664e-01  1.382889747340357e+01
1.037530574450741e-01  1.387572710735810e+01
1.057089677492630e-01  1.392917932845285e+01
1.076893062183607e-01  1.398969537755170e+01
1.096942244542950e-01  1.405771237993122e+01
1.117238740589936e-01  1.413366334982175e+01
1.137784066343840e-01  1.421797730756748e+01
1.158579737823941e-01  1.431107950081514e+01
1.179627271049514e-01  1.441339172011919e+01
1.200928182039837e-01  1.452533269861647e+01
1.222483986814186e-01  1.464731858481832e+01
1.244296201391838e-01  1.477976347741901e+01
1.266366341792071e-01  1.492308001081358e+01
1.288695924034161e-01  1.507767998012753e+01
1.311286464137383e-01  1.524397499480688e+01
1.334139478121017e-01  1.542237714999817e+01
1.357256482004337e-01  1.561329970547706e+01
1.380638991806622e-01  1.581715776214673e+01
1.404288523547148e-01  1.603436892668424e+01
1.428206593245192e-01  1.626535395532949e+01
1.452394716920029e-01  1.651053736832580e+01
1.476854410590938e-01  1.677034802693765e+01
1.501587190277196e-01  1.704521966555319e+01
1.526594571998079e-01  1.733559137174916e+01
1.551878071772864e-01  1.764190800773258e+01
1.577439205620827e-01  1.796462056710823e+01
1.603279489561245e-01  1.830418646132694e+01
1.629400439613396e-01  1.866106973078149e+01
1.655803571796556e-01  1.903574117603364e+01
1.682490402130002e-01  1.942867840526469e+01
1.709462446633011e-01  1.984036579464680e+01
1.736721221324858e-01  2.027129435902384e+01
1.764268242224822e-01  2.072196153100560e+01
1.792105025352179e-01  2.119287084736595e+01
1.820233086726206e-01  2.168453154240945e+01
1.848653942366180e-01  2.219745804887316e+01
1.877369108291377e-01  2.273216940781344e+01
1.906380100521075e-01  2.328918858983502e+01
1.935688435074550e-01  2.386904173100072e+01
1.965295627971079e-01  2.447225728766637e+01
1.995203195229938e-01  2.509936511546482e+01
2.025412652870406e-01  2.575089547852667e+01
2.055925516911757e-01  2.642737799594659e+01
2.086743303373270e-01  2.712934053324898e+01
2.117867528274221e-01  2.785730804737966e+01
2.149299707633886e-01  2.861180139432872e+01
2.181041357471543e-01  2.939333610903907e+01
2.213093993806469e-01  3.020242116760971e+01
2.245459132657940e-01  3.103955774205917e+01
2.278138290045233e-01  3.190523795801846e+01
2.311132981987625e-01  3.279994366566302e+01
2.344444724504393e-01  3.372414523399880e+01
2.378075033614814e-01  3.467830037828367e+01
2.412025425338163e-01  3.566285302986080e+01
2.446297415693719e-01  3.667823225709719e+01
2.480892520700758e-01  3.772485124536718e+01
2.515812256378556e-01  3.880310634323382e+01
2.551058138746391e-01  3.991337618104615e+01
2.586631683823540e-01  4.105602086724775e+01
2.622534407629278e-01  4.223138126666311e+01
2.658767826182884e-01  4.343977836403951e+01
2.695333455503633e-01  4.468151271509464e+01
2.732232811610804e-01  4.595686398633745e+01
2.769467410523671e-01  4.726609058396662e+01
2.807038768261514e-01  4.860942937125776e+01
2.844948400843607e-01  4.998709547300825e+01
2.883197824289228e-01  5.139928216483872e+01
2.921788554617653e-01  5.284616084449453e+01
2.960722107848160e-01  5.432788108165607e+01
