5.626386492404949e-04  6.751024577523594e-01
6.247929066443015e-04  7.190365249491606e-01
6.913638745030562e-04  7.640277292091469e-01
7.625031547444399e-04  8.100508956425756e-01
8.383623492961343e-04  8.570818785054826e-01
9.190930600858201e-04  9.050976313081947e-01
1.004846889041179e-03  9.540762643948710e-01
1.095775438089892e-03  1.003997064131340e+00
1.192030309159640e-03  1.054840568485361e+00
1.293763104178105e-03  1.106588606496189e+00
1.401125425072968e-03  1.159224339928983e+00
1.514268873771909e-03  1.212732315300627e+00
1.633345052202611e-03  1.267098509547850e+00
1.758505562292755e-03  1.322310371041681e+00
1.889902005970021e-03  1.378356859368182e+00
2.027685985162092e-03  1.435228500084008e+00
2.172009101796647e-03  1.492917406791094e+00
2.323022957801369e-03  1.551417327354443e+00
2.480879155103939e-03  1.610723674292785e+00
2.645729295632037e-03  1.670833560890628e+00
2.817724981313346e-03  1.731745827605664e+00
2.997017814075546e-03  1.793461065483143e+00
3.183759395846319e-03  1.855981641488256e+00
3.378101328553345e-03  1.919311715832578e+00
3.580195214124307e-03  1.983457256778365e+00
3.790192654486885e-03  2.048426048684973e+00
4.008245251568760e-03  2.114227700508309e+00
4.234504607297615e-03  2.180873642886695e+00
4.469122323601130e-03  2.248377126272885e+00
4.712250002406985e-03  2.316753208032765e+00
4.964039245642864e-03  2.386018737294194e+00
5.224641655236446e-03  2.456192333500667e+00
5.494208833115413e-03  2.527294353909951e+00
5.772892381207446e-03  2.599346862146945e+00
6.060843901440225e-03  2.672373582679256e+00
6.358214995741436e-03  2.746399851019191e+00
6.665157266038753e-03  2.821452556322242e+00
6.981822314259865e-03  2.897560076527384e+00
7.308361742332447e-03  2.974752200428725e+00
7.644927152184184e-03  3.053060052094793e+00
7.991670145742754e-03  3.132515993757920e+00
8.348742324935841e-03  3.213153529893134e+00
8.716295291691127e-03  3.295007197123255e+00
9.094480647936288e-03  3.378112448692377e+00
9.483449995599011e-03  3.462505524576045e+00
9.883354936606976e-03  3.548223318913870e+00
1.029434707288786e-02  3.635303234250955e+00
1.071657800636935e-02  3.723783026139813e+00
1.115019933897913e-02  3.813700642053391e+00
1.159536267264486e-02  3.905094048759906e+00
1.205221960929426e-02  3.998001051682081e+00
1.252092175085497e-02  4.092459105945409e+00
1.300162069925470e-02  4.188505120104651e+00
1.349446805642111e-02  4.286175251396116e+00
1.399961542428190e-02  4.385504693465919e+00
1.451721440476474e-02  4.486527459274157e+00
1.504741659979732e-02  4.589276156097299e+00
1.559037361130731e-02  4.693781756481940e+00
1.614623704122240e-02  4.800073364743753e+00
1.671515849147026e-02  4.908177979507286e+00
1.729728956397859e-02  5.018120254266819e+00
1.789278186067506e-02  5.129922256498503e+00
1.850178698348735e-02  5.243603225839252e+00
1.912445653434314e-02  5.359179334619625e+00
1.976094211517012e-02  5.476663449568832e+00
2.041139532789596e-02  5.596064897733754e+00
2.107596777444836e-02  5.717389238099827e+00
2.175481105675497e-02  5.840638039409441e+00
2.244807677674350e-02  5.965808666807789e+00
2.315591653634162e-02  6.092894078810104e+00
2.387848193747701e-02  6.221882636052896e+00
2.461592458207735e-02  6.352757923406557e+00
2.536839607207033e-02  6.485498588442169e+00
2.613604800938362e-02  6.620078196525810e+00
2.691903199594491e-02  6.756465104868994e+00
2.771749963368188e-02  6.894622358537617e+00
2.853160252452221e-02  7.034507608014678e+00
2.936149227039358e-02  7.176073051980666e+00
3.020732047322367e-02  7.319265405909050e+00
3.106923873494016e-02  7.464025898632372e+00
3.194739865747073e-02  7.610290297583447e+00
3.284195184274307e-02  7.757988965617187e+00
3.375304989268486e-02  7.907046948977040e+00
3.468084440922378e-02  8.057384098806210e+00
3.562548699428750e-02  8.208915226822796e+00
3.658712924980372e-02  8.361550295898837e+00
3.756592277770011e-02  8.515194646413534e+00
3.856201917990435e-02  8.669749259089940e+00
3.957557005834413e-02  8.825111054161312e+00
4.060672701494711e-02  8.981173227723275e+00
4.165564165164100e-02  9.137825624797642e+00
4.272246557035347e-02  9.294955148831832e+00
4.380735037301220e-02  9.452446207924254e+00
4.491044766154485e-02  9.610181196336725e+00
4.603190903787914e-02  9.768041011391574e+00
4.717188610394273e-02  9.925905604122477e+00
4.833053046166330e-02  1.008365456317244e+01
4.950799371296852e-02  1.024116773045762e+01
5.070442745978612e-02  1.039832584733256e+01
5.191998330404373e-02  1.055501122964574e+01
5.315481284766905e-02  1.071110847013722e+01
5.440906769258975e-02  1.086650516661734e+01
5.568289944073354e-02  1.102109267385515e+01
5.697645969402808e-02  1.117476687738110e+01
5.828990005440105e-02  1.132742898733068e+01
5.962337212378013e-02  1.147898635010267e+01
6.097702750409299e-02  1.162935327597620e+01
6.235101779726736e-02  1.177845188028027e+01
6.374549460523088e-02  1.192621293619982e+01
6.516060952991123e-02  1.207257673693880e+01
6.659651417323610e-02  1.221749396483949e+01
6.805336013713319e-02  1.236092656546828e+01
6.953129902353014e-02  1.250284862419790e+01
7.103048243435468e-02  1.264324724301264e+01
7.255106197153445e-02  1.278212341513722e+01
7.409318923699715e-02  1.291949289522324e+01
7.565701583267045e-02  1.305538706246148e+01
7.724269336048208e-02  1.318985377418858e+01
7.885037342235963e-02  1.332295820742786e+01
8.048020762023085e-02  1.345478368561817e+01
8.213234755602342e-02  1.358543248779381e+01
8.380694483166500e-02  1.371502663730644e+01
8.550415104908325e-02  1.384370866706422e+01
8.722411781020589e-02  1.397164235809953e+01
8.896699671696059e-02  1.409901344819173e+01
9.073293937127505e-02  1.422603030694927e+01
9.252209737507690e-02  1.435292457371520e+01
9.433462233029387e-02  1.447995175446874e+01
9.617066583885361e-02  1.460739177351945e+01
9.803037950268383e-02  1.473554947583466e+01
9.991391492371220e-02  1.486475507547561e+01
1.018214237038664e-01  1.499536454552253e+01
1.037530574450741e-01  1.512775994465039e+01
1.057089677492630e-01  1.526234967542621e+01
1.076893062183607e-01  1.539956866921239e+01
1.096942244542950e-01  1.553987849261387e+01
1.117238740589936e-01  1.568376737022470e+01
1.137784066343840e-01  1.583175011864512e+01
1.158579737823941e-01  1.598436798670298e+01
1.179627271049514e-01  1.614218839707848e+01
1.200928182039837e-01  1.630580458482302e+01
1.222483986814186e-01  1.647583512857238e+01
1.244296201391838e-01  1.665292337079154e+01
1.266366341792071e-01  1.683773672395057e+01
1.288695924034161e-01  1.703096586024753e+01
1.311286464137383e-01  1.723332378327370e+01
1.334139478121017e-01  1.744554478098769e+01
1.357256482004337e-01  1.766838326037828e+01
1.380638991806622e-01  1.790261246529371e+01
1.404288523547148e-01  1.814902308017679e+01
1.428206593245192e-01  1.840842172368571e+01
1.452394716920029e-01  1.868162933751626e+01
1.476854410590938e-01  1.896947947705155e+01
1.501587190277196e-01  1.927281651189469e+01
1.526594571998079e-01  1.959249374549199e+01
1.551878071772864e-01  1.992937146443205e+01
1.577439205620827e-01  2.028431492904576e+01
1.603279489561245e-01  2.065819231796559e+01
1.629400439613396e-01  2.105187264016001e+01
1.655803571796556e-01  2.146622362858466e+01
1.682490402130002e-01  2.190210963007189e+01
1.709462446633011e-01  2.236038950626835e+01
1.736721221324858e-01  2.284191456046517e+01
1.764268242224822e-01  2.334752650484575e+01
1.792105025352179e-01  2.387805548225879e+01
1.820233086726206e-01  2.443431815582528e+01
1.848653942366180e-01  2.501711587880106e+01
1.877369108291377e-01  2.562723295596300e+01
1.906380100521075e-01  2.626543500651508e+01
1.935688435074550e-01  2.693246743704935e+01
1.965295627971079e-01  2.762905403160687e+01
1.995203195229938e-01  2.835589566428541e+01
2.025412652870406e-01  2.911366913823304e+01
2.055925516911757e-01  2.990302615327164e+01
2.086743303373270e-01  3.072459240285434e+01
2.117867528274221e-01  3.157896679958105e+01
2.149299707633886e-01  3.246672082715475e+01
2.181041357471543e-01  3.338839801540655e+01
2.213093993806469e-01  3.434451353395491e+01
2.245459132657940e-01  3.533555389913795e+01
2.278138290045233e-01  3.636197678809037e+01
2.311132981987625e-01  3.742421095328871e+01
2.344444724504393e-01  3.852265623043513e+01
2.378075033614814e-01  3.965768363234372e+01
2.412025425338163e-01  4.082963552136096e+01
2.446297415693719e-01  4.203882585292581e+01
2.480892520700758e-01  4.328554048302112e+01
2.515812256378556e-01  4.457003753255378e+01
2.551058138746391e-01  4.589254780204817e+01
2.586631683823540e-01  4.725327523049100e+01
2.622534407629278e-01  4.865239739259835e+01
2.658767826182884e-01  5.009006602932732e+01
2.695333455503633e-01  5.156640760693119e+01
2.732232811610804e-01  5.308152390040686e+01
2.769467410523671e-01  5.463549259763818e+01
2.807038768261514e-01  5.622836792104522e+01
2.844948400843607e-01  5.786018126395265e+01
2.883197824289228e-01  5.953094183926817e+01
2.921788554617653e-01  6.124063733843548e+01
2.960722107848160e-01  6.298923459884224e+01
