5.626386492404949e-04  6.391644722261844e-01
6.247929066443015e-04  6.791570877713866e-01
6.913638745030562e-04  7.199328534044298e-01
7.625031547444399e-04  7.614582290398175e-01
8.383623492961343e-04  8.037008513600767e-01
9.190930600858201e-04  8.466296063180607e-01
1.004846889041179e-03  8.902146734847065e-01
1.095775438089892e-03  9.344276029928551e-01
1.192030309159640e-03  9.792413552837615e-01
1.293763104178105e-03  1.024630369788383e+00
1.401125425072968e-03  1.070570620821059e+00
1.514268873771909e-03  1.117039675978958e+00
1.633345052202611e-03  1.164016747793994e+00
1.758505562292755e-03  1.211482755424299e+00
1.889902005970021e-03  1.259420376253956e+00
2.027685985162092e-03  1.307814097245227e+00
2.172009101796647e-03  1.356650270510613e+00
2.323022957801369e-03  1.405917162953187e+00
2.480879155103939e-03  1.455605006200813e+00
2.645729295632037e-03  1.505706032769240e+00
2.817724981313346e-03  1.556214531740807e+00
2.997017814075546e-03  1.607126881603108e+00
3.183759395846319e-03  1.658441592551981e+00
3.378101328553345e-03  1.710159339498546e+00
3.580195214124307e-03  1.762282992929499e+00
3.790192654486885e-03  1.814817644012010e+00
4.008245251568760e-03  1.867770634951512e+00
4.234504607297615e-03  1.921151569242625e+00
4.469122323601130e-03  1.974972334713925e+00
4.712250002406985e-03  2.029247106501998e+00
4.964039245642864e-03  2.083992355738928e+00
5.224641655236446e-03  2.139226845358166e+00
5.494208833115413e-03  2.194971627407881e+00
5.772892381207446e-03  2.251250027808624e+00
6.060843901440225e-03  2.308087627672194e+00
6.358214995741436e-03  2.365512238750853e+00
6.665157266038753e-03  2.423553871152876e+00
6.981822314259865e-03  2.482244692901077e+00
7.308361742332447e-03  2.541618985007858e+00
7.644927152184184e-03  2.601713086912014e+00
7.991670145742754e-03  2.662565333135035e+00
8.348742324935841e-03  2.724215984396096e+00
8.716295291691127e-03  2.786707150290795e+00
9.094480647936288e-03  2.850082700751614e+00
9.483449995599011e-03  2.914388172114286e+00
9.883354936606976e-03  2.979670662252033e+00
1.029434707288786e-02  3.045978719603340e+00
1.071657800636935e-02  3.113362218938050e+00
1.115019933897913e-02  3.181872232604746e+00
1.159536267264486e-02  3.251560890293149e+00
1.205221960929426e-02  3.322481229618575e+00
1.252092175085497e-02  3.394687039684413e+00
1.300162069925470e-02  3.468232692928950e+00
1.349446805642111e-02  3.543172971185186e+00
1.399961542428190e-02  3.619562880430635e+00
1.451721440476474e-02  3.697457459296061e+00
1.504741659979732e-02  3.776911577777355e+00
1.559037361130731e-02  3.857979729685781e+00
1.614623704122240e-02  3.940715816178567e+00
1.671515849147026e-02  4.025172923325840e+00
1.729728956397859e-02  4.111403093533909e+00
1.789278186067506e-02  4.199457089660427e+00
1.850178698348735e-02  4.289384155236348e+00
1.912445653434314e-02  4.381231769723172e+00
1.976094211517012e-02  4.475045399752617e+00
2.041139532789596e-02  4.570868247930093e+00
2.107596777444836e-02  4.668740999200395e+00
2.175481105675497e-02  4.768701566976802e+00
2.244807677674350e-02  4.870784838430154e+00
2.315591653634162e-02  4.975022421960603e+00
2.387848193747701e-02  5.081442396491411e+00
2.461592458207735e-02  5.190069064929730e+00
2.536839607207033e-02  5.300922712707234e+00
2.613604800938362e-02  5.414019372686880e+00
2.691903199594491e-02  5.529370598462037e+00
2.771749963368188e-02  5.646983246981222e+00
2.853160252452221e-02  5.766859272544025e+00
2.936149227039358e-02  5.888995533508933e+00
3.020732047322367e-02  6.013383613740984e+00
3.106923873494016e-02  6.140009660069950e+00
3.194739865747073e-02  6.268854238164067e+00
3.284195184274307e-02  6.399892207531252e+00
3.375304989268486e-02  6.533092618714932e+00
3.468084440922378e-02  6.668418633451438e+00
3.562548699428750e-02  6.805827470213671e+00
3.658712924980372e-02  6.945270376339181e+00
3.756592277770011e-02  7.086692629042432e+00
3.856201917990435e-02  7.230033566575798e+00
3.957557005834413e-02  7.375226651555408e+00
4.060672701494711e-02  7.522199567781968e+00
4.165564165164100e-02  7.670874352421947e+00
4.272246557035347e-02  7.821167564472603e+00
4.380735037301220e-02  7.972990492175768e+00
4.491044766154485e-02  8.126249399035373e+00
4.603190903787914e-02  8.280845811280528e+00
4.717188610394273e-02  8.436676847001991e+00
4.833053046166330e-02  8.593635588611960e+00
4.950799371296852e-02  8.751611499355022e+00
5.070442745978612e-02  8.910490884970386e+00
5.191998330404373e-02  9.070157401366032e+00
5.315481284766905e-02  9.230492609062935e+00
5.440906769258975e-02  9.391376575028858e+00
5.568289944073354e-02  9.552688522645781e+00
5.697645969402808e-02  9.714307530177734e+00
5.828990005440105e-02  9.876113278372713e+00
5.962337212378013e-02  1.003798684735568e+01
6.097702750409299e-02  1.019981156315123e+01
6.235101779726736e-02  1.036147389414441e+01
6.374549460523088e-02  1.052286439747911e+01
6.516060952991123e-02  1.068387871526238e+01
6.659651417323610e-02  1.084441862091023e+01
6.805336013713319e-02  1.100439311487401e+01
6.953129902353014e-02  1.116371956992293e+01
7.103048243435468e-02  1.132232492512253e+01
7.255106197153445e-02  1.148014692810216e+01
7.409318923699715e-02  1.163713542463643e+01
7.565701583267045e-02  1.179325369437163e+01
7.724269336048208e-02  1.194847983152033e+01
7.885037342235963e-02  1.210280816849070e+01
8.048020762023085e-02  1.225625074058178e+01
8.213234755602342e-02  1.240883878895283e+01
8.380694483166500e-02  1.256062429878693e+01
8.550415104908325e-02  1.271168156880572e+01
8.722411781020589e-02  1.286210880765555e+01
8.896699671696059e-02  1.301202975175306e+01
9.073293937127505e-02  1.316159529830270e+01
9.252209737507690e-02  1.331098514613495e+01
9.433462233029387e-02  1.346040943580692e+01
9.617066583885361e-02  1.361011037914807e+01
9.803037950268383e-02  1.376036386706653e+01
9.991391492371220e-02  1.391148104285787e+01
1.018214237038664e-01  1.406380982674432e+01
1.037530574450741e-01  1.421773637567389e+01
1.057089677492630e-01  1.437368646079960e+01
1.076893062183607e-01  1.453212674332588e+01
1.096942244542950e-01  1.469356592782890e+01
1.117238740589936e-01  1.485855577065195e+01
1.137784066343840e-01  1.502769191965331e+01
1.158579737823941e-01  1.520161456058145e+01
1.179627271049514e-01  1.538100884456128e+01
1.200928182039837e-01  1.556660507100275e+01
1.222483986814186e-01  1.575917860043683e+01
1.244296201391838e-01  1.595954947271878e+01
1.266366341792071e-01  1.616858170760031e+01
1.288695924034161e-01  1.638718226709102e+01
1.311286464137383e-01  1.661629966217799e+01
1.334139478121017e-01  1.685692219058171e+01
1.357256482004337e-01  1.711007579707473e+01
1.380638991806622e-01  1.737682155363927e+01
1.404288523547148e-01  1.765825276305418e+01
1.428206593245192e-01  1.795549169653953e+01
1.452394716920029e-01  1.826968598333860e+01
1.476854410590938e-01  1.860200467765810e+01
1.501587190277196e-01  1.895363403577176e+01
1.526594571998079e-01  1.932577304306483e+01
1.551878071772864e-01  1.971962873725613e+01
1.577439205620827e-01  2.013641137940624e+01
1.603279489561245e-01  2.057732952866218e+01
1.629400439613396e-01  2.104358507960603e+01
1.655803571796556e-01  2.153636832252562e+01
1.682490402130002e-01  2.205685308677107e+01
1.709462446633011e-01  2.260619202564533e+01
1.736721221324858e-01  2.318551209806651e+01
1.764268242224822e-01  2.379591029762207e+01
1.792105025352179e-01  2.443844967390032e+01
1.820233086726206e-01  2.511415568424866e+01
1.848653942366180e-01  2.582401290679456e+01
1.877369108291377e-01  2.656896213779521e+01
1.906380100521075e-01  2.734989788858934e+01
1.935688435074550e-01  2.816766628974744e+01
1.965295627971079e-01  2.902306340275777e+01
1.995203195229938e-01  2.991683393291510e+01
2.025412652870406e-01  3.084967033115345e+01
2.055925516911757e-01  3.182221226744514e+01
2.086743303373270e-01  3.283504645420453e+01
2.117867528274221e-01  3.388870679482784e+01
2.149299707633886e-01  3.498367483009963e+01
2.181041357471543e-01  3.612038045361578e+01
2.213093993806469e-01  3.729920286657978e+01
2.245459132657940e-01  3.852047174220047e+01
2.278138290045233e-01  3.978446857036715e+01
2.311132981987625e-01  4.109142815424468e+01
2.344444724504393e-01  4.244154023172439e+01
2.378075033614814e-01  4.383495119633335e+01
2.412025425338163e-01  4.527176589399176e+01
2.446297415693719e-01  4.675204947402369e+01
2.480892520700758e-01  4.827582927481922e+01
2.515812256378556e-01  4.984309672662675e+01
2.551058138746391e-01  5.145380925595623e+01
2.586631683823540e-01  5.310789217803551e+01
2.622534407629278e-01  5.480524056561160e+01
2.658767826182884e-01  5.654572108413731e+01
2.695333455503633e-01  5.832917378499826e+01
2.732232811610804e-01  6.015541384993469e+01
2.769467410523671e-01  6.202423328112832e+01
2.807038768261514e-01  6.393540253267918e+01
2.844948400843607e-01  6.588867208024726e+01
2.883197824289228e-01  6.788377392659504e+01
2.921788554617653e-01  6.992042304162851e+01
2.960722107848160e-01  7.199831873620906e+01
