0.15492  2.63359e+14  1.88302  21.2261  0.128827  0.0280882  108.634
0.160223  2.72499e+14  2.1892  18.4581  0.144174  0.0300978  141.72
0.165647  2.81865e+14  2.53738  16.5851  0.162149  0.0323032  176.46
0.171191  2.91462e+14  2.9318  15.2851  0.182797  0.0347146  211.762
0.176858  3.01296e+14  3.37709  14.3663  0.206171  0.0373427  246.809
0.182648  3.11372e+14  3.87839  13.7092  0.232331  0.0401993  281.061
0.188564  3.21696e+14  4.44139  13.2376  0.261345  0.043297  314.166
0.194605  3.32275e+14  5.07244  12.9004  0.293284  0.04665  345.946
0.200775  3.43115e+14  5.77862  12.6623  0.328221  0.0502737  376.34
0.207073  3.54224e+14  6.56784  12.4993  0.366232  0.054185  405.337
0.213502  3.65608e+14  7.44896  12.3936  0.407387  0.0584023  432.988
0.220063  3.77277e+14  8.43183  12.3321  0.451754  0.0629459  459.367
0.226757  3.89239e+14  9.52744  12.3053  0.499389  0.0678372  484.562
0.233585  4.01503e+14  10.7479  12.3056  0.550333  0.073099  508.659
0.240548  4.14079e+14  12.1065  12.3268  0.604602  0.0787553  531.771
0.247649  4.26979e+14  13.6178  12.3646  0.662184  0.0848301  553.967
0.254888  4.40212e+14  15.2974  12.4154  0.723021  0.0913474  575.307
0.262267  4.53793e+14  17.1617  12.4757  0.787009  0.0983302  595.882
0.269787  4.67733e+14  19.2283  12.5427  0.85398  0.105799  615.748
0.27745  4.82047e+14  21.5149  12.6145  0.923703  0.113773  634.935
0.285256  4.96751e+14  24.0397  12.6889  0.995873  0.122265  653.481
0.293207  5.11859e+14  26.8206  12.7642  1.07012  0.131284  671.416
0.301304  5.27389e+14  29.875  12.8386  1.146  0.140834  688.78
0.309549  5.43359e+14  33.2196  12.911  1.22302  0.150912  705.577
0.317944  5.59786e+14  36.8697  12.9798  1.30065  0.161509  721.848
0.326489  5.7669e+14  40.8397  13.0445  1.37835  0.17261  737.575
0.335185  5.9409e+14  45.1421  13.1038  1.45555  0.184196  752.805
0.344034  6.12007e+14  49.7883  13.1579  1.53172  0.196241  767.499
0.353038  6.30462e+14  54.788  13.2054  1.60637  0.208716  781.739
0.362198  6.49475e+14  60.1499  13.2465  1.67906  0.221592  795.518
0.371515  6.69069e+14  65.8814  13.2813  1.7494  0.234834  808.815
0.38099  6.89265e+14  71.989  13.3094  1.81707  0.24841  821.704
0.390625  7.10086e+14  78.4787  13.3309  1.88181  0.262287  834.188
0.400421  7.31553e+14  85.3557  13.3463  1.94345  0.27643  846.276
0.410379  7.5369e+14  92.6251  13.3557  2.00185  0.29081  857.986
0.420502  7.76519e+14  100.292  13.3593  2.05694  0.305397  869.366
0.430789  8.00063e+14  108.36  13.3575  2.1087  0.320162  880.412
0.441243  8.24346e+14  116.836  13.351  2.15715  0.33508  891.118
0.451864  8.49392e+14  125.723  13.3395  2.20233  0.350126  901.568
0.462655  8.75223e+14  135.027  13.3238  2.24431  0.365278  911.725
0.473616  9.01864e+14  144.753  13.3044  2.2832  0.380517  921.611
0.484748  9.29339e+14  154.907  13.281  2.3191  0.395823  931.278
0.496054  9.57672e+14  165.494  13.2544  2.35214  0.411181  940.71
0.507535  9.86889e+14  176.521  13.2249  2.38244  0.426575  949.922
0.519191  1.01701e+15  187.994  13.1927  2.41013  0.441991  958.927
0.531024  1.04807e+15  199.92  13.1582  2.43536  0.457417  967.732
0.543035  1.08009e+15  212.304  13.1213  2.45825  0.472841  976.375
0.555227  1.11309e+15  225.155  13.0826  2.47893  0.488255  984.826
0.567599  1.1471e+15  238.48  13.0424  2.49754  0.503647  993.085
0.580154  1.18214e+15  252.286  13.0005  2.51419  0.519011  1001.22
0.592893  1.21825e+15  266.58  12.9573  2.52902  0.534339  1009.18
0.605817  1.25545e+15  281.37  12.9128  2.54212  0.549623  1017.04
0.618927  1.29377e+15  296.665  12.8676  2.55362  0.564859  1024.71
0.632226  1.33323e+15  312.472  12.8215  2.56361  0.580039  1032.25
0.645713  1.37386e+15  328.8  12.7745  2.57219  0.59516  1039.68
0.659391  1.41569e+15  345.656  12.7273  2.57947  0.610217  1046.95
0.67326  1.45875e+15  363.05  12.6792  2.58552  0.625206  1054.16
0.687323  1.50307e+15  380.989  12.631  2.59043  0.640123  1061.19
0.70158  1.54868e+15  399.482  12.5826  2.59427  0.654965  1068.12
0.716033  1.5956e+15  418.539  12.5339  2.59713  0.669728  1074.95
0.730683  1.64386e+15  438.166  12.4851  2.59907  0.684411  1081.65
0.745532  1.69351e+15  458.374  12.4361  2.60016  0.69901  1088.28
0.76058  1.74455e+15  479.17  12.3874  2.60045  0.713523  1094.77
0.77583  1.79704e+15  500.563  12.3386  2.6  0.727948  1101.17
0.791282  1.85099e+15  522.563  12.2902  2.59888  0.742284  1107.44
0.806938  1.90644e+15  545.178  12.2418  2.59712  0.756529  1113.64
0.822799  1.96342e+15  568.416  12.1936  2.59478  0.770681  1119.74
0.838866  2.02196e+15  592.287  12.1461  2.5919  0.784739  1125.7
0.855141  2.08209e+15  616.798  12.0985  2.58852  0.798702  1131.6
0.871626  2.14386e+15  641.959  12.0516  2.58468  0.812569  1137.37
0.888321  2.20728e+15  667.779  12.0046  2.58042  0.826339  1143.11
0.905228  2.27239e+15  694.265  11.9586  2.57577  0.840011  1148.69
0.922348  2.33923e+15  721.427  11.9128  2.57076  0.853584  1154.19
0.939682  2.40782e+15  749.272  11.8673  2.56542  0.867058  1159.63
0.957232  2.47821e+15  777.81  11.8224  2.55979  0.880433  1164.96
