5.626386492404949e-04  5.287055494332737e-01  2.366922321660539e-04  7.519295555474235e-04  9.401100375517552e+02  7.062506319499584e-01  5.597109213833519e-01  6.288407021559644e-05  1.111111935679680e-01
6.958653759736491e-04  6.539634755892246e-01  3.308773689092900e-04  8.002701213204224e-04  9.402599634204189e+02  7.516455586534925e-01  6.074322112108274e-01  8.617870942384533e-05  1.111112386313033e-01
8.486194994645416e-04  7.976042247522659e-01  4.518838076864846e-04  8.989270783634158e-04  9.404168877389124e+02  8.442882013202041e-01  6.496103032355570e-01  1.151899455551498e-04  1.111112986597122e-01
1.022236471724007e-03  9.608909584204959e-01  6.047203786886999e-04  9.937255011106042e-04  9.405804873899386e+02  9.332905618989695e-01  6.848244879967395e-01  1.509475093564583e-04  1.111113766293101e-01
1.218051744762878e-03  1.145087848766219e+00  7.949167854771562e-04  1.091556155255127e-03  9.407504816483996e+02  1.025119735144990e+00  7.116516782500399e-01  1.946041076329452e-04  1.111114757609274e-01
1.437400770591992e-03  1.351460114525048e+00  1.028554813510681e-03  1.192441938070424e-03  9.409266343977656e+02  1.119791615140156e+00  7.286796392239181e-01  2.474426240585139e-04  1.111115995184181e-01
1.681619001222182e-03  1.581274058733751e+00  1.312307065236554e-03  1.296476967939404e-03  9.411087557183282e+02  1.217388338945139e+00  7.345210448704126e-01  3.108831597114505e-04  1.111117515886849e-01
1.952041888664282e-03  1.835797109291544e+00  1.653483960058835e-03  1.403822097863696e-03  9.412967026948647e+02  1.318054036300986e+00  7.278278719372825e-01  3.864895316594843e-04  1.111119358569880e-01
2.250004884929127e-03  2.116297863209305e+00  2.060089145911442e-03  1.514697319497893e-03  9.414903792815646e+02  1.421987648190356e+00  7.073057080478554e-01  4.759748805494015e-04  1.111121563770125e-01
2.576843442027551e-03  2.424046135197764e+00  2.540882727625060e-03  1.629371145457176e-03  9.416897350556503e+02  1.529432898766954e+00  6.717275899817767e-01  5.812060169799739e-04  1.111124173364031e-01
2.933893011970389e-03  2.760313010984339e+00  3.105450754438828e-03  1.748144519489038e-03  9.418947626888194e+02  1.640663124990335e+00  6.199470266786231e-01  7.042060901950592e-04  1.111127230183487e-01
3.322489046768476e-03  3.126370907000579e+00  3.764279559366302e-03  1.871330884052063e-03  9.421054943659994e+02  1.755962502438821e+00  5.509291886264169e-01  8.471001551700329e-04  1.111098339222944e-01
3.743966998432646e-03  3.523493626851882e+00  4.528823283104263e-03  1.999234990791301e-03  9.423219946544855e+02  1.875606101851384e+00  4.636835451794795e-01  1.012332805410410e-03  1.111107674974324e-01
4.199662318973733e-03  3.952956436301526e+00  5.411577650849328e-03  2.132123815450431e-03  9.425443555470905e+02  1.999832563727160e+00  3.573951432001500e-01  1.202319857209478e-03  1.111111112129735e-01
4.690910460402572e-03  4.416036125028629e+00  6.426127762497992e-03  2.270191381995770e-03  9.427726856273962e+02  2.128811099536327e+00  2.313437185487222e-01  1.419684229334252e-03  1.111111112540328e-01
5.219046874729997e-03  4.914011075367752e+00  7.587179347308649e-03  2.413523007118660e-03  9.430070993509011e+02  2.262608014318213e+00  8.493225651437676e-02  1.667180404004431e-03  1.111111113082859e-01
5.785407013966844e-03  5.448161327264185e+00  8.910556277158595e-03  2.562055407545595e-03  9.432477041577215e+02  2.401149432730930e+00  -8.230480853412357e-02  1.947661903016430e-03  1.111111113788884e-01
6.391326330123946e-03  6.019768635303548e+00  1.041315171343058e-02  2.715533083549063e-03  9.434945855599261e+02  2.544180641957687e+00  -2.707012631178263e-01  2.264062771085707e-03  1.111111114694702e-01
7.038140275212137e-03  6.630116514379792e+00  1.211282026797298e-02  2.873464233884562e-03  9.437477905980530e+02  2.691225128698324e+00  -4.804576058412206e-01  2.619365453849443e-03  1.111111115841415e-01
7.727184301242252e-03  7.280490268397640e+00  1.402819676095803e-02  3.035077567921875e-03  9.440073098801327e+02  2.841544612227295e+00  -7.116403322266156e-01  3.016561504242623e-03  1.111111117275083e-01
8.459793860225127e-03  7.972176995988994e+00  1.617842746899124e-02  3.199282228968064e-03  9.442730585936804e+02  2.994102166210757e+00  -9.641815521212357e-01  3.458604785580075e-03  1.111111119046518e-01
9.237304404171595e-03  8.706465566706154e+00  1.858280090914608e-02  3.364633615001673e-03  9.445448570137140e+02  3.147531050400585e+00  -1.237878393866923e+00  3.948357092673160e-03  1.111111121211553e-01
1.006105138509249e-02  9.484646560870358e+00  2.126026763765679e-02  3.529308342871229e-03  9.448224111665148e+02  3.300112292761523e+00  -1.532391580576405e+00  4.488526441804699e-03  1.111111123830743e-01
1.093237025499865e-02  1.030801216628407e+01  2.422884231660424e-02  3.691091417638723e-03  9.451052944276191e+02  3.449763875796491e+00  -1.847242517178896e+00  5.081598684224200e-03  1.111111126959625e-01
1.185259646590091e-02  1.117785602544661e+01  2.750488813669614e-02  3.847379277521610e-03  9.453929310668329e+02  3.594044933457766e+00  -2.181808217946364e+00  5.729763565830381e-03  1.111111130703095e-01
1.282306546981010e-02  1.209547302780239e+01  3.110228601535893e-02  3.995201868046685e-03  9.456845824014811e+02  3.730177859162849e+00  -2.535313401641607e+00  6.434836867593389e-03  1.111111135076827e-01
1.384511271873705e-02  1.306215904296568e+01  3.503151259713774e-02  4.131265828769298e-03  9.459793373877314e+02  3.855090207810655e+00  -2.906819213049741e+00  7.198180788029697e-03  1.111111140253492e-01
1.492007366469260e-02  1.407921059283924e+01  3.929863639299912e-02  4.252021919985551e-03  9.462761073961017e+02  3.965479218291244e+00  -3.295208020161978e+00  8.020625227565636e-03  1.111111146246256e-01
1.604928375968759e-02  1.514792446306279e+01  4.390428857556338e-02  4.353756932401222e-03  9.465736278017282e+02  4.057899076309718e+00  -3.699164083135264e+00  8.902393060762187e-03  1.111111153180015e-01
1.723407845573285e-02  1.626959725724932e+01  4.884263730851275e-02  4.432708724655372e-03  9.468704658072759e+02  4.128869516022893e+00  -4.117149909856400e+00  9.843032781096224e-03  1.111111161163980e-01
1.847579320483921e-02  1.744552490091959e+01  5.410043352382443e-02  4.485203643284197e-03  9.471650359627182e+02  4.175004920812900e+00  -4.547378506588863e+00  1.084136202725350e-02  1.111111170319140e-01
1.977576345901751e-02  1.867700210574913e+01  5.965619103850230e-02  4.507812479856139e-03  9.474556234892049e+02  4.193160177385680e+00  -4.987781940647482e+00  1.189542540900907e-02  1.111111180780318e-01
2.113532467027859e-02  1.996532180857398e+01  6.547957419588642e-02  4.497519570678362e-03  9.477404154921826e+02  4.180588096128297e+00  -5.435976939172224e+00  1.300246972157943e-02  1.111111192698297e-01
2.255581229063326e-02  2.131177460332391e+01  7.153106894081007e-02  4.451899104047899e-03  9.480175397501428e+02  4.135102718094969e+00  -5.889228524972235e+00  1.415893906891130e-02  1.111111206242068e-01
2.403856177209239e-02  2.271764818744962e+01  7.776201272120234e-02  4.369291513908980e-03  9.482851103951492e+02  4.055241747031945e+00  -6.344412942166417e+00  1.536049163353643e-02  1.111111221600957e-01
2.558490856666679e-02  2.418422684730426e+01  8.411505412545486e-02  4.248972929455618e-03  9.485412794515665e+02  3.940421463511369e+00  -6.797981332049066e+00  1.660203888370250e-02  1.111111238987190e-01
2.719618812636729e-02  2.571279100910461e+01  9.052510483315063e-02  4.091308896481328e-03  9.487842928948457e+02  3.791075898912793e+00  -7.245925770519502e+00  1.787780696876073e-02  1.111111258637724e-01
2.887373590320475e-02  2.730461689011942e+01  9.692083948010112e-02  3.897886893394356e-03  9.490125498242980e+02  3.608775179089189e+00  -7.683749055436278e+00  1.918141498989806e-02  1.111111161872835e-01
3.061888734918999e-02  2.896097624091658e+01  1.032267526107045e-01  3.671624457827392e-03  9.492246620759960e+02  3.396320132801608e+00  -8.106441788354855e+00  2.050599098681139e-02  1.111111166035167e-01
3.243297791633384e-02  3.068313629696707e+01  1.093658580933154e-01  3.416844188493040e-03  9.494195148159797e+02  3.157805194281305e+00  -8.508463935252527e+00  2.184426593819372e-02  1.111111140602580e-01
3.431734305664714e-02  3.247235984320010e+01  1.152629446063376e-01  3.139313785683302e-03  9.495963232137473e+02  2.898648107809644e+00  -8.883738647728419e+00  2.318871917563536e-02  1.111111124828312e-01
3.627331822214072e-02  3.432990551754172e+01  1.208484458861875e-01  2.846253151897693e-03  9.497546861671734e+02  2.625588580387380e+00  -9.225654783883968e+00  2.453170753200686e-02  1.111111119459705e-01
3.830223886482542e-02  3.625702832250233e+01  1.260628560830649e-01  2.546305837335563e-03  9.498946342975255e+02  2.346653713958053e+00  -9.527082037341803e+00  2.586560612758265e-02  1.111111116797893e-01
4.040544043671207e-02  3.825498037445171e+01  1.308616509801136e-01  2.249474862855531e-03  9.500166712979606e+02  2.071090663792190e+00  -9.780399225188221e+00  2.718294852477437e-02  1.111111115261385e-01
4.258425838981150e-02  4.032501190519435e+01  1.352206582801273e-01  1.967026369017694e-03  9.501218077728464e+02  1.809270171160055e+00  -9.977536811165276e+00  2.847656216716643e-02  1.111111114358954e-01
4.484002817613458e-02  4.246837252215372e+01  1.391417677781832e-01  1.711364944312130e-03  9.502115860195308e+02  1.572565010935420e+00  -1.011003446422818e+01  2.973969682464695e-02  1.111111113719438e-01
4.717408524769209e-02  4.468631273050584e+01  1.426589586952262e-01  1.495879691890918e-03  9.502880968282757e+02  1.373203000788178e+00  -1.016911450621115e+01  3.096614322485459e-02  1.111111113273258e-01
4.958776505649489e-02  4.698008571551581e+01  1.458444588796504e-01  1.334763221957699e-03  9.503539859303818e+02  1.224097093660172e+00  -1.014577120038546e+01  3.215033973403884e-02  1.111111112951565e-01
5.208240305455382e-02  4.935094937767533e+01  1.488149786888347e-01  1.242809669295014e-03  9.504124513019897e+02  1.138658633025411e+00  -1.003087591755729e+01  3.328746546290808e-02  1.111111112713705e-01
5.465933469387972e-02  5.180016860799503e+01  1.517378748298521e-01  1.235193172690594e-03  9.504672307884844e+02  1.130595487649798e+00  -9.815297310571379e+00  3.437351861729927e-02  1.111111112534379e-01
5.731989542648341e-02  5.432901778536763e+01  1.548371162425624e-01  1.327229699533734e-03  9.505225802775224e+02  1.213698020373396e+00  -9.490034930113369e+00  3.540537926439165e-02  1.111111112397273e-01
6.006542070437571e-02  5.693878347267039e+01  1.583989166714586e-01  1.534127564661332e-03  9.505832427407958e+02  1.401617973353327e+00  -9.046363705997033e+00  3.638085594578521e-02  1.111111112291332e-01
6.289724597956749e-02  5.963076728335601e+01  1.627768992859161e-01  1.870732233024002e-03  9.506544086602664e+02  1.707645406248168e+00  -8.475985523079432e+00  3.729871575277239e-02  1.111111112209022e-01
6.581670670406957e-02  6.240628888591657e+01  1.683966661140994e-01  2.351272699142571e-03  9.507416685830291e+02  2.144490194360059e+00  -7.771182765552326e+00  3.815869761244871e-02  1.111111112144994e-01
6.882513832989276e-02  6.526668911009972e+01  1.757596610367203e-01  2.989118383236566e-03  9.508509588155255e+02  2.724075895735218e+00  -6.924967268887860e+00  3.896150865060878e-02  1.111111112095383e-01
7.192387630904794e-02  6.821333311645898e+01  1.854462412666768e-01  3.796557036888145e-03  9.509885015693337e+02  3.457355011871498e+00  -5.931216734376535e+00  3.970880363592667e-02  1.111111112057353e-01
7.511425609354591e-02  7.124761359009489e+01  1.981179096030296e-01  4.784605319610646e-03  9.511607411943110e+02  4.354155551256069e+00  -4.784789503214406e+00  4.040314770479316e-02  1.111111112028796e-01
7.839761313539753e-02  7.437095392065018e+01  2.145187082261925e-01  5.962864166695451e-03  9.513742784565319e+02  5.423069085944126e+00  -3.481607867410788e+00  4.104796284362066e-02  1.111111112008075e-01
8.177528288661361e-02  7.758481133404514e+01  2.354758328779409e-01  7.339430506884306e-03  9.516358051048861e+02  6.671389909478982e+00  -2.018700038659163e+00  4.164745897729679e-02  1.111111111993987e-01
8.524860079920499e-02  8.089067994724016e+01  2.618995907762436e-01  8.920875069879675e-03  9.519520411808232e+02  8.105113265626683e+00  -3.941917074897354e-01  4.220655097188747e-02  1.111111111985503e-01
8.881890232518252e-02  8.429009372545343e+01  2.947828916670370e-01  1.071229285378446e-02  9.523296776183603e+02  9.728997848014538e+00  1.392760057422668e+00  4.273076337912841e-02  1.111111111981817e-01
9.248752291655700e-02  8.778462933151535e+01  3.352005228193713e-01  1.271742838510836e-02  9.527753266191427e+02  1.154669394723270e+01  3.342094964952778e+00  4.322612528246511e-02  1.111111111982236e-01
9.625579802533930e-02  9.137590886887423e+01  3.843085085745596e-01  1.493887207465070e-02  9.532954820449094e+02  1.356093361709049e+01  5.453040327102267e+00  4.369905808845295e-02  1.111111111986113e-01
1.001250631035403e-01  9.506560253153626e+01  4.433438861427017e-01  1.737831745619778e-02  9.538964916371235e+02  1.577377365677511e+01  7.724360728870332e+00  4.415625954533929e-02  1.111111113043866e-01
1.040966536031707e-01  9.885543115500722e+01  5.136252236613761e-01  2.003688023159543e-02  9.545845421481654e+02  1.818689266600488e+01  1.015465792780954e+01  4.460458962282560e-02  1.111111153164957e-01
1.081719049762414e-01  1.027471686748998e+02  5.965541873476919e-01  2.289257521752915e-02  9.553656577817713e+02  2.078115148389623e+01  1.274270786334719e+01  4.505096279225928e-02  1.111111393954474e-01
1.123521526747633e-01  1.067426457632028e+02  6.936189449829568e-01  2.588300617882848e-02  9.562457162638761e+02  2.350085944904013e+01  1.548782237128219e+01  4.550217357720939e-02  1.111111111186159e-01
1.166387321507472e-01  1.108437425951677e+02  8.056762748431802e-01  2.899113978235324e-02  9.572242155482813e+02  2.633164714682504e+01  1.838372342426370e+01  4.606409717139415e-02  1.112588301162793e-01
1.210329788562038e-01  1.150523602446308e+02  9.337338162149156e-01  3.230061865168862e-02  9.583015722242004e+02  2.935070114952192e+01  2.142439263333925e+01  4.681526498216076e-02  1.116572459666712e-01
1.255362282431441e-01  1.193704719681454e+02  1.080069512300853e+00  3.587804963682645e-02  9.594882912667376e+02  3.261991508132108e+01  2.461611737994098e+01  4.767148333187071e-02  1.121671760278314e-01
1.301498157635790e-01  1.238001257859716e+02  1.246637378672764e+00  3.971237938131004e-02  9.607909371899377e+02  3.613088213582491e+01  2.796392705950361e+01  4.861375098697841e-02  1.127488649988969e-01
1.348750768695191e-01  1.283434436990374e+02  1.435430279850114e+00  4.378434738872129e-02  9.622153856995441e+02  3.986791249195927e+01  3.147450678151283e+01  4.963487933463274e-02  1.133813016696488e-01
1.397133470129754e-01  1.330026181891695e+02  1.648536319623499e+00  4.809256421191294e-02  9.637672953792778e+02  4.383176508680175e+01  3.515661635626085e+01  5.073231200038387e-02  1.140513108029356e-01
1.446659616459586e-01  1.377799188881143e+02  1.888167995601647e+00  5.264049495418403e-02  9.654523104993053e+02  4.802785145811301e+01  3.902122120529357e+01  5.190549484747106e-02  1.147495995459002e-01
1.497342562204797e-01  1.426776953437540e+02  2.156681783102273e+00  5.743416218058234e-02  9.672761651318158e+02  5.246418053665051e+01  4.308145666656737e+01  5.315479780889734e-02  1.154691647253446e-01
1.549195661885495e-01  1.476983814292361e+02  2.456595126322806e+00  6.248113041856800e-02  9.692447523373478e+02  5.715047045204859e+01  4.735248483837906e+01  5.448090241096343e-02  1.162044200941355e-01
1.602232270021788e-01  1.528445006703288e+02  2.790601742410017e+00  6.778984495553231e-02  9.713641699411811e+02  6.209758413983160e+01  5.185125580036978e+01  5.588442058677446e-02  1.169506811596238e-01
1.656465741133784e-01  1.581186689221884e+02  3.161583813513030e+00  7.336908516063709e-02  9.736407381304477e+02  6.731706955737008e+01  5.659616854618555e+01  5.736574097780676e-02  1.177039777831268e-01
1.711909429741592e-01  1.635236047332649e+02  3.572625438472118e+00  7.922737251958310e-02  9.760810196341739e+02  7.282065702689455e+01  6.160668175957699e+01  5.892472188684213e-02  1.184606726386119e-01
1.768576690365320e-01  1.690621303842354e+02  4.027019415822201e+00  8.537238074166262e-02  9.786917962994540e+02  7.861975442741610e+01  6.690281585183976e+01  6.056073478938160e-02  1.192175517044646e-01
1.826480877525076e-01  1.747371797988612e+02  4.528274212652341e+00  9.181039835337881e-02  9.814800484145786e+02  8.472498467956439e+01  7.250462111372516e+01  6.227252896546303e-02  1.199716731656635e-01
1.885635345740969e-01  1.805518040955145e+02  5.080116519459830e+00  9.854580883939729e-02  9.844529114969156e+02  9.114573100379513e+01  7.843158726976681e+01  6.405819703616651e-02  1.207203453405665e-01
1.946053449533106e-01  1.865091762754181e+02  5.686489712854570e+00  1.055805189642310e-01  9.876176167431423e+02  9.788962299044388e+01  8.470201473823437e+01  6.591517454882095e-02  1.214611379116156e-01
2.007748543421597e-01  1.926126026544055e+02  6.351551609430722e+00  1.129134070317198e-01  9.909814354347782e+02  1.049620266853540e+02  9.133238798404494e+01  6.784010271060278e-02  1.221917157771772e-01
2.070733981926550e-01  1.988655134803606e+02  7.079657855817127e+00  1.205399948292374e-01  9.945515606487129e+02  1.123657232112921e+02  9.833668150049952e+01  6.982915297675722e-02  1.229102217298877e-01
2.135023119568073e-01  2.052714867418037e+02  7.875357236585721e+00  1.284520770296191e-01  9.983350626779297e+02  1.201005316421850e+02  1.057257908224449e+02  7.187763657146357e-02  1.236147760021363e-01
2.200629310866274e-01  2.118342381695963e+02  8.743366140969860e+00  1.366373497319230e-01  1.002338754823639e+03  1.281629059284289e+02  1.135069010826770e+02  7.398034117778066e-02  1.243038401755176e-01
2.267565910341262e-01  2.185576301722030e+02  9.688548215003955e+00  1.450793052222908e-01  1.006569102894673e+03  1.365457580397735e+02  1.216829830104832e+02  7.613146227394149e-02  1.249760738945633e-01
2.335846272513145e-01  2.254456734870891e+02  1.071588666993439e+01  1.537572081616513e-01  1.011032117012449e+03  1.452383337232759e+02  1.302523605380444e+02  7.832468369101145e-02  1.256303541490418e-01
2.405483751902032e-01  2.325025288216788e+02  1.183045333294049e+01  1.626461601100854e-01  1.015733247028047e+03  1.542261482327851e+02  1.392083968309539e+02  8.055325117647272e-02  1.262657694876422e-01
2.476491703028030e-01  2.397325075015135e+02  1.303737462989284e+01  1.717173329497819e-01  1.020677282619415e+03  1.634910599869214e+02  1.485393172618661e+02  8.281005674705524e-02  1.268816120021089e-01
2.548883480411248e-01  2.471400710761398e+02  1.434179529734567e+01  1.809383312903881e-01  1.025868261347757e+03  1.730114487546419e+02  1.582281858344503e+02  8.508773209300206e-02  1.274773672189619e-01
2.622672438571795e-01  2.547298298602982e+02  1.574884075466634e+01  1.902736822503417e-01  1.031309387786903e+03  1.827625021495022e+02  1.682530449290893e+02  8.737874880217993e-02  1.280527021517889e-01
2.697871932029778e-01  2.625065404169883e+02  1.726357916312074e+01  1.996854373019335e-01  1.037002966519376e+03  1.927166025086699e+02  1.785872201074155e+02  8.967552274098545e-02  1.286074518374093e-01
2.774495315305307e-01  2.704751020178235e+02  1.889098425691708e+01  2.091338648091784e-01  1.042950351358252e+03  2.028438013420757e+02  1.891997826162488e+02  9.197051960957983e-02  1.291416047244361e-01
2.852555942918489e-01  2.786405521496843e+02  2.063589997938058e+01  2.185782072758152e-01  1.049151912382854e+03  2.131123645231670e+02  2.000561533175378e+02  9.425635852483870e-02  1.296552872433993e-01
2.932067169389433e-01  2.870080611524141e+02  2.250300800738126e+01  2.279774719807522e-01  1.055607022085615e+03  2.234893662385222e+02  2.111188227186162e+02  9.652591049921100e-02  1.301487480012089e-01
3.013042349238247e-01  2.955829261105133e+02  2.449679897694515e+01  2.372912222729214e-01  1.062314060598446e+03  2.339413075142115e+02  2.223481557929018e+02  9.877238888539706e-02  1.306223418540377e-01
3.095494836985040e-01  3.043705641270707e+02  2.662154819450574e+01  2.464803383273675e-01  1.069270439693018e+03  2.444347354947282e+02  2.337032449799204e+02  1.009894292311033e-01  1.310765142261792e-01
3.179437987149920e-01  3.133765051270090e+02  2.888129635029516e+01  2.555077174736091e-01  1.076472644263034e+03  2.549368391657994e+02  2.451427733070353e+02  1.031711565131047e-01  1.315117859334429e-01
3.264885154252994e-01  3.226063843417522e+02  3.127983555326171e+01  2.643388886691679e-01  1.083916289439226e+03  2.654159995432811e+02  2.566258504697992e+02  1.053122383337250e-01  1.319287387426134e-01
3.351849692814374e-01  3.320659346269405e+02  3.382070077978465e+01  2.729425219649726e-01  1.091596190967260e+03  2.758422763170049e+02  2.681127883714562e+02  1.074079233431165e-01  1.323280018593603e-01
3.440344957354164e-01  3.417609787595644e+02  3.650716661443566e+01  2.812908203088783e-01  1.099506446123839e+03  2.861878171895879e+02  2.795657884175076e+02  1.094540648153145e-01  1.327102394863434e-01
3.530384302392474e-01  3.516974218498068e+02  3.934224897033258e+01  2.893597880846935e-01  1.107640522256779e+03  2.964271811785011e+02  2.909495201060233e+02  1.114471299267961e-01  1.330761395509861e-01
3.621981082449413e-01  3.618812439882021e+02  4.232871131790863e+01  2.971293774956302e-01  1.115991350003655e+03  3.065375722184998e+02  3.022315783794815e+02  1.133841958149538e-01  1.334264036584108e-01
3.715148652045089e-01  3.723184932305645e+02  4.546907483538402e+01  3.045835197697718e-01  1.124551418368981e+03  3.164989841053574e+02  3.133828150198243e+02  1.152629339067390e-01  1.337617382887193e-01
3.809900365699611e-01  3.830152790039378e+02  4.876563181728615e+01  3.117100528634622e-01  1.133312869075926e+03  3.262942618620771e+02  3.243775464721152e+02  1.170815842906176e-01  1.340828472217362e-01
3.906249577933086e-01  3.939777659965365e+02  5.222046164484731e+01  3.185005606998821e-01  1.142267587944685e+03  3.359090878086573e+02  3.351936463616877e+02  1.188389220583172e-01  1.343904251453170e-01
4.004209643265623e-01  4.052121685751360e+02  5.583544862533097e+01  3.249501409215212e-01  1.151407291439053e+03  3.453319028262750e+02  3.458125353832862e+02  1.205342175761419e-01  1.346851523801126e-01
4.103793916217330e-01  4.167247457550207e+02  5.961230104195063e+01  3.310571187715355e-01  1.160723606939053e+03  3.545537745521789e+02  3.562190841008979e+02  1.221671925778221e-01  1.349676906372044e-01
4.205015751308317e-01  4.285217967312334e+02  6.355257081428612e+01  3.368227242520937e-01  1.170208145711111e+03  3.635682246205649e+02  3.664014455914435e+02  1.237379738235366e-01  1.352386797136270e-01
4.307888503058690e-01  4.406096569657686e+02  6.765767324336763e+01  3.422507483738693e-01  1.179852567935770e+03  3.723710267089313e+02  3.763508349940492e+02  1.252470458675370e-01  1.354987350247228e-01
4.412425525988558e-01  4.529946948137526e+02  7.192890639873808e+01  3.473471923818291e-01  1.189648639499879e+03  3.809599862377049e+02  3.860612721554795e+02  1.266952042421046e-01  1.357484458703687e-01
4.518640174618030e-01  4.656833086625735e+02  7.636746979061589e+01  3.521199215725672e-01  1.199588280555595e+03  3.893347112817630e+02  3.955293019794492e+02  1.280835101188208e-01  1.359883743339318e-01
4.626545803467214e-01  4.786819245512240e+02  8.097448205372791e+01  3.565783329292106e-01  1.209663606087762e+03  3.974963827521148e+02  4.047537050681129e+02  1.294132472653123e-01  1.362190547172996e-01
4.736155767056219e-01  4.919969942326181e+02  8.575099744681133e+01  3.607330434677183e-01  1.219866958914449e+03  4.054475303360781e+02  4.137352090268649e+02  1.306858818889117e-01  1.364409934217692e-01
4.847483419905152e-01  5.056349936389871e+02  9.069802104071543e+01  3.645956040403859e-01  1.230190935675991e+03  4.131918191552859e+02  4.224762085790929e+02  1.319030257565654e-01  1.366546691927226e-01
4.960542116534122e-01  5.196024217095036e+02  9.581652252720515e+01  3.681782414592851e-01  1.240628406451650e+03  4.207338506915479e+02  4.309805005442896e+02  1.330664028062173e-01  1.368605336542512e-01
5.075345211463239e-01  5.339057995395004e+02  1.011074486294720e+02  3.714936302249421e-01  1.251172528686903e+03  4.280789802904244e+02  4.392530378609921e+02  1.341778193217233e-01  1.370590120689859e-01
5.191906059212608e-01  5.485516698119426e+02  1.065717341343225e+02  3.745546938824466e-01  1.261816756125811e+03  4.352331525056186e+02  4.472997052339026e+02  1.352391376294705e-01  1.372505042670586e-01
5.310238014302340e-01  5.635465964738307e+02  1.122103115957455e+02  3.773744350641661e-01  1.272554843429292e+03  4.422027546989879e+02  4.551271176682120e+02  1.362522531883930e-01  1.374353856963051e-01
5.430354431252543e-01  5.788971646226804e+02  1.180241197810517e+02  3.799657925860433e-01  1.283380847127859e+03  4.489944886521475e+02  4.627424421159421e+02  1.372190748831669e-01  1.376140085536285e-01
5.552268664583324e-01  5.946099805711059e+02  1.240141109452806e+02  3.823415235054592e-01  1.294289123512558e+03  4.556152594582790e+02  4.701532416757661e+02  1.381415082890707e-01  1.377867029643315e-01
5.675994068814793e-01  6.106916720604088e+02  1.301812570281427e+02  3.845141077591989e-01  1.305274324015046e+03  4.620720805960453e+02  4.773673412274826e+02  1.390214416530868e-01  1.379537781825474e-01
5.801543998467056e-01  6.271488885971547e+02  1.365265548717253e+02  3.864956730243497e-01  1.316331388571165e+03  4.683719940374665e+02  4.843927130093555e+02  1.398607343253245e-01  1.381155237912206e-01
5.928931808060224e-01  6.439883018903638e+02  1.430510305546935e+02  3.882979371781788e-01  1.327455537400214e+03  4.745220038035364e+02  4.912373804371725e+02  1.406612073751411e-01  1.382722108828438e-01
6.058170852114403e-01  6.612166063637239e+02  1.497557429577534e+02  3.899321658586989e-01  1.338642261612185e+03  4.805290213949020e+02  4.979093382700490e+02  1.414246361342289e-01  1.384240932218281e-01
6.189274485149704e-01  6.788405197405145e+02  1.566417865969921e+02  3.914091433713377e-01  1.349887312877529e+03  4.863998222192055e+02  5.044164875296000e+02  1.421527444224342e-01  1.385714083388769e-01
6.322256061686232e-01  6.968667836611559e+02  1.637102938994548e+02  3.927391546078111e-01  1.361186692586940e+03  4.921410113992841e+02  5.107665830189173e+02  1.428472002288961e-01  1.387143786153561e-01
6.457128936244100e-01  7.153021643438195e+02  1.709624369162454e+02  3.939319758011507e-01  1.372536640592065e+03  4.977589972194443e+02  5.169671921204442e+02  1.435096126401465e-01  1.388532122916451e-01
6.593906463343411e-01  7.341534532640471e+02  1.783994285916245e+02  3.949968729124276e-01  1.383933623798104e+03  5.032599716241713e+02  5.230256631191908e+02  1.441415298267474e-01  1.389881044307180e-01
6.732601997504277e-01  7.534274678476305e+02  1.860225236409128e+02  3.959426061327496e-01  1.395374324744199e+03  5.086498966243244e+02  5.289491016882565e+02  1.447444379196699e-01  1.391192378262860e-01
6.873228893246806e-01  7.731310521686637e+02  1.938330190964285e+02  3.967774391119164e-01  1.406855630299285e+03  5.139344955001567e+02  5.347443542606202e+02  1.453197606272080e-01  1.392467838561351e-01
7.015800505091105e-01  7.932710776464238e+02  2.018322545734320e+02  3.975091518917655e-01  1.418374620573245e+03  5.191192480341148e+02  5.404179971579028e+02  1.458688594611386e-01  1.393709032812945e-01
7.160330187557283e-01  8.138544437347989e+02  2.100216123052189e+02  3.981450566118390e-01  1.429928558125052e+03  5.242093890213119e+02  5.459763304728961e+02  1.463930344579585e-01  1.394917469945465e-01
7.306831295165448e-01  8.348880786034223e+02  2.184025169763719e+02  3.986920153081956e-01  1.441514877509905e+03  5.292099095331257e+02  5.514253758827853e+02  1.468935252964919e-01  1.396094567132789e-01
7.455317182435709e-01  8.563789398011568e+02  2.269764354089361e+02  3.991564590998576e-01  1.453131175235273e+03  5.341255603191337e+02  5.567708775789619e+02  1.473715127271239e-01  1.397241656311158e-01
7.605801203888173e-01  8.783340149055879e+02  2.357448761113456e+02  3.995444081931170e-01  1.464775200125161e+03  5.389608568091005e+02  5.620183057492351e+02  1.478281202403988e-01  1.398359990179918e-01
7.758296714042950e-01  9.007603221526140e+02  2.447093887287153e+02  3.998614923680028e-01  1.476444844127984e+03  5.437200854523602e+02  5.671728620267978e+02  1.482644159141586e-01  1.399450747792585e-01
7.912817067420147e-01  9.236649110461547e+02  2.538715634126367e+02  4.001129715793601e-01  1.488138133570744e+03  5.484073110320084e+02  5.722394864646653e+02  1.486814143875326e-01  1.400515039734201e-01
8.069375618539875e-01  9.470548629466729e+02  2.632330301300779e+02  4.003037563765532e-01  1.499853220861877e+03  5.530263846476602e+02  5.772228656511003e+02  1.490800789192228e-01  1.401553912917098e-01
8.227985721922239e-01  9.709372916379560e+02  2.727954579275411e+02  4.004384279509527e-01  1.511588376638789e+03  5.575809521680630e+02  5.821274416480640e+02  1.494613234945908e-01  1.402568355019639e-01
8.388660732087350e-01  9.953193438718118e+02  2.825605541640444e+02  4.005212576467278e-01  1.523341982351644e+03  5.620744629638129e+02  5.869574214902484e+02  1.498260149524890e-01  1.403559298592462e-01
8.551414003555313e-01  1.020208199890636e+03  2.925300637243183e+02  4.005562258161715e-01  1.535112523271730e+03  5.665101787705921e+02  5.917167870297618e+02  1.501749751082335e-01  1.404527624855733e-01
8.716258890846239e-01  1.045611073927982e+03  3.027057682216699e+02  4.005470399349851e-01  1.546898581910214e+03  5.708911825627736e+02  5.964093049520338e+02  1.505089828538109e-01  1.405474167210066e-01
8.883208748480237e-01  1.071535214687435e+03  3.130894851983346e+02  4.004971519208634e-01  1.558698831831421e+03  5.752203873420685e+02  6.010385368227834e+02  1.508287762203032e-01  1.406399714482160e-01
9.052276930977414e-01  1.097987905800211e+03  3.236830673297079e+02  4.004097746213098e-01  1.570512031843547e+03  5.795005447667911e+02  6.056078490547700e+02  1.511350543908887e-01  1.407305013925260e-01
9.223476792857876e-01  1.124976466262015e+03  3.344884016376373e+02  4.002878974546812e-01  1.582337020549081e+03  5.837342535647143e+02  6.101204227072205e+02  1.514284796555636e-01  1.408190773993222e-01
9.396821688641737e-01  1.152508250849767e+03  3.455074087169467e+02  4.001432483130389e-01  1.594172711236854e+03  5.879371138245590e+02  6.145792630509843e+02  1.517096793010214e-01  1.409057666905338e-01
9.572324972849101e-01  1.180590650518824e+03  3.567420419784369e+02  4.000595887063400e-01  1.606018087097610e+03  5.922319077543145e+02  6.189872088491755e+02  1.519792474311484e-01  1.409906331018652e-01
