5.626386492404949e-04  5.286512416115916e-01  1.823259250836408e-04  5.219038453746701e-04  9.399168866998898e+02  4.902068783523899e-01  4.235075682652162e-01  3.025736570777538e-05  1.111014312162238e-01
6.958653759736491e-04  6.538803834442481e-01  2.476834957590742e-04  5.422869022440602e-04  9.400210005057721e+02  5.093478522447427e-01  4.466360664148353e-01  4.061393337401188e-05  1.111111701590900e-01
8.486194994645416e-04  7.974806167186230e-01  3.281085741426393e-04  5.790678067141540e-04  9.401253751491223e+02  5.438841898437005e-01  4.630320054061682e-01  5.300461826796002e-05  1.111112009035032e-01
1.022236471724007e-03  9.607115524643778e-01  4.250546777161092e-04  6.097499328407605e-04  9.402292265326982e+02  5.726840354581559e-01  4.717222285139854e-01  6.772042374658674e-05  1.111112410400206e-01
1.218051744762878e-03  1.144833061425767e+00  5.397492236375645e-04  6.354150220654515e-04  9.403318172443460e+02  5.967620961915058e-01  4.717952764628774e-01  8.507207900571023e-05  1.111112922334014e-01
1.437400770591992e-03  1.351105212108196e+00  6.731323913597567e-04  6.556701339063965e-04  9.404324612580606e+02  6.157483156405841e-01  4.624059386340452e-01  1.053968947017371e-04  1.111113562905598e-01
1.681619001222182e-03  1.580788205926729e+00  8.258024461800863e-04  6.702325172401052e-04  9.405305287515587e+02  6.293765714581704e-01  4.427832829788678e-01  1.290600692306355e-04  1.111114351599354e-01
1.952041888664282e-03  1.835142311213500e+00  9.979706845155078e-04  6.789385844023779e-04  9.406254510066879e+02  6.374931754102628e-01  4.122389792388479e-01  1.564562024987115e-04  1.111115309316019e-01
2.250004884929127e-03  2.115427797975770e+00  1.189429405856090e-03  6.817527864176529e-04  9.407167253636478e+02  6.400652508671426e-01  3.701757628279922e-01  1.880109344586935e-04  1.111116458372219e-01
2.576843442027551e-03  2.422904875455100e+00  1.399536498901767e-03  6.787763007660711e-04  9.408039201972471e+02  6.371888967166381e-01  3.160959162718463e-01  2.241826698487492e-04  1.111117822497051e-01
2.933893011970389e-03  2.758833634656938e+00  1.627220427831919e-03  6.702554359387777e-04  9.408866798809460e+02  6.290970401749906e-01  2.496096554906187e-01  2.654643699799286e-04  1.111119426825601e-01
3.322489046768476e-03  3.124473998157132e+00  1.871009539882519e-03  6.565896470237071e-04  9.409647297018173e+02  6.161668720203496e-01  1.704433104893389e-01  3.123854008975083e-04  1.111121297883845e-01
3.743966998432646e-03  3.521085679601573e+00  2.129089734046777e-03  6.383390511042000e-04  9.410378806872977e+02  5.989267533551925e-01  7.844718883438498e-02  3.655134306796982e-04  1.111123463570197e-01
4.199662318973733e-03  3.949928155422716e+00  2.399394596046271e-03  6.162313240390984e-04  9.411060343021358e+02  5.780624772168823e-01  -2.639699213103859e-02  4.254563696325379e-04  1.111125953128660e-01
4.690910460402572e-03  4.412260651382459e+00  2.679732123924926e-03  5.911684775126284e-04  9.411691869721158e+02  5.544233485759223e-01  -1.439692209728475e-01  4.928643469076511e-04  1.111128797116762e-01
5.219046874729997e-03  4.909342146626897e+00  2.967952127373624e-03  5.642308898940558e-04  9.412274343890430e+02  5.290256162984914e-01  -2.740049744733237e-01  5.684317161610556e-04  1.111132027366930e-01
5.785407013966844e-03  5.442431401043346e+00  3.262160685987404e-03  5.366806309015104e-04  9.412809759635489e+02  5.030551715284309e-01  -4.160681670345026e-01  6.528441207410145e-04  1.111093584924940e-01
6.391326330123946e-03  6.012786990899807e+00  3.560971596252156e-03  5.099681045281240e-04  9.413301169317194e+02  4.778732840298192e-01  -5.696334348015949e-01  7.470003787296566e-04  1.111102953661875e-01
7.038140275212137e-03  6.621667398715696e+00  3.863832068580612e-03  4.857334919060979e-04  9.413752741074402e+02  4.550173931655915e-01  -7.339513367834342e-01  8.516831686145034e-04  1.111111112503091e-01
7.727184301242252e-03  7.270331105353515e+00  4.171383281920101e-03  4.658038249580300e-04  9.414169773932172e+02  4.361977425204595e-01  -9.081292910206488e-01  9.677696850152743e-04  1.111111112963111e-01
8.459793860225127e-03  7.960036722167279e+00  4.485885966286756e-03  4.521934443681123e-04  9.414558722973634e+02  4.232971340229409e-01  -1.091123113403173e+00  1.096217121598575e-03  1.111111113549237e-01
9.237304404171595e-03  8.692043160347465e+00  4.811709237832348e-03  4.471025675649230e-04  9.414927222338604e+02  4.183688663916215e-01  -1.281722684313496e+00  1.238026598747610e-03  1.111111114289068e-01
1.006105138509249e-02  9.467609832936471e+00  5.155878950428450e-03  4.529121662913945e-04  9.415284098364110e+02  4.236311882160391e-01  -1.478558361605689e+00  1.394257179590852e-03  1.111111115215077e-01
1.093237025499865e-02  1.028799689622980e+01  5.528689817380632e-03  4.721774195055382e-04  9.415639377328488e+02  4.414604064266122e-01  -1.680104211371174e+00  1.566027615055587e-03  1.111111116332226e-01
1.185259646590091e-02  1.115446553187342e+01  5.944383443240354e-03  5.076191542340159e-04  9.416004288536376e+02  4.743821203553066e-01  -1.884682854983733e+00  1.754517966574832e-03  1.111111117780718e-01
1.282306546981010e-02  1.206827827154841e+01  6.421884531557892e-03  5.621137986928553e-04  9.416391255675634e+02  5.250610936283649e-01  -2.090471952893199e+00  1.960971078017184e-03  1.111111119501920e-01
1.384511271873705e-02  1.303069936585419e+01  6.985606786623760e-03  6.386809875535420e-04  9.416813887696793e+02  5.962889844514601e-01  -2.295512421969423e+00  2.186693865781465e-03  1.111111121616114e-01
1.492007366469260e-02  1.404299519870192e+01  7.666311464817561e-03  7.404686327902778e-04  9.417286955785005e+02  6.909697866727567e-01  -2.497718331268079e+00  2.433058393375155e-03  1.111111124154232e-01
1.604928375968759e-02  1.510643474818176e+01  8.502027046232012e-03  8.707362250452639e-04  9.417826366322856e+02  8.121037244518643e-01  -2.694888521102039e+00  2.701502694250735e-03  1.111111127197611e-01
1.723407845573285e-02  1.622229009447856e+01  9.539018562525590e-03  1.032835880102115e-03  9.418449123798930e+02  9.627691745211324e-01  -2.884719873563356e+00  2.993531304251230e-03  1.111111130825249e-01
1.847579320483921e-02  1.739183697500927e+01  1.083280420335203e-02  1.230191288835589e-03  9.419173286008669e+02  1.146102791854549e+00  -3.064822178631549e+00  3.310715462791771e-03  1.111111135124810e-01
1.977576345901751e-02  1.861635538650646e+01  1.244921166345228e-02  1.466274790579565e-03  9.420017910754104e+02  1.365278070128167e+00  -3.232734485878539e+00  3.654692939960404e-03  1.111111140193298e-01
2.113532467027859e-02  1.989713023330387e+01  1.446546669216402e-02  1.744582578376825e-03  9.421002994176263e+02  1.623482368931850e+00  -3.385942798042097e+00  4.027167445134596e-03  1.111111146137590e-01
2.255581229063326e-02  2.123545202060417e+01  1.697130516090853e-02  2.068608322159039e-03  9.422149400858017e+02  1.923892695264399e+00  -3.521898919970842e+00  4.429907571590455e-03  1.111111153074995e-01
2.403856177209239e-02  2.263261759100759e+01  2.007009905153555e-02  2.441815459815437e-03  9.423478785952763e+02  2.269650488749294e+00  -3.638040230903188e+00  4.864745231016156e-03  1.111111161133834e-01
2.558490856666679e-02  2.408993090208782e+01  2.387998599461357e-02  2.867608483784939e-03  9.425013509727564e+02  2.663835727018335e+00  -3.731810099588403e+00  5.333573531955071e-03  1.111111170454320e-01
2.719618812636729e-02  2.560870384231560e+01  2.853499138248906e-02  3.349303615749321e-03  9.426776545050857e+02  3.109440721869452e+00  -3.800678610725306e+00  5.838344057073453e-03  1.111111181189011e-01
2.887373590320475e-02  2.719025708215320e+01  3.418613173016712e-02  3.890099328970094e-03  9.428791378510023e+02  3.609344032009307e+00  -3.842163218416788e+00  6.381063495926541e-03  1.111111193503768e-01
3.061888734918999e-02  2.883592095672756e+01  4.100248785699957e-02  4.493047246372322e-03  9.431081906007840e+02  4.166284974219985e+00  -3.853848888722776e+00  6.963789592627110e-03  1.111111207578694e-01
3.243297791633384e-02  3.054703637608229e+01  4.917223674205903e-02  5.161024009214595e-03  9.433672323860440e+02  4.782839268699412e+00  -3.833407240225323e+00  7.588626371633383e-03  1.111111223609027e-01
3.431734305664714e-02  3.232495575870110e+01  5.890363154068527e-02  5.896704774333094e-03  9.436587016597921e+02  5.461396404774593e+00  -3.778614140320283e+00  8.257718609818167e-03  1.111111241806381e-01
3.627331822214072e-02  3.417104398374822e+01  7.042592036517899e-02  6.702539055449878e-03  9.439850442852667e+02  6.204139358609480e+00  -3.687365167651805e+00  8.973245529097675e-03  1.111111262399826e-01
3.830223886482542e-02  3.608667935732338e+01  8.399019603438033e-02  7.580729965754032e-03  9.443487020902916e+02  7.013027603460413e+00  -3.557688309804707e+00  9.737413691220722e-03  1.111111285637223e-01
4.040544043671207e-02  3.807325458800663e+01  9.987017114098280e-02  8.533216667090037e-03  9.447521015616843e+02  7.889783188155866e+00  -3.387753232587167e+00  1.055244908479736e-02  1.111111311786473e-01
4.258425838981150e-02  4.013217776706529e+01  1.183628801234266e-01  9.561661346660328e-03  9.451976429792629e+02  8.835881060404907e+00  -3.175876453703623e+00  1.142058840423815e-02  1.111111341243356e-01
4.484002817613458e-02  4.226487334898353e+01  1.397892846673125e-01  1.066744352001483e-02  9.456876896210346e+02  9.852546164949747e+00  -2.920521633140814e+00  1.234406953084910e-02  1.111111374178006e-01
4.717408524769209e-02  4.447278312831953e+01  1.644948406525807e-01  1.185165971198526e-02  9.462245585592868e+02  1.094075547327664e+01  -2.620294509043295e+00  1.332512123772557e-02  1.111111411002223e-01
4.958776505649489e-02  4.675736720962001e+01  1.928499705194925e-01  1.311512888873236e-02  9.468105116951547e+02  1.210124523024747e+01  -2.273931567645101e+00  1.436595215208475e-02  1.111111452095866e-01
5.208240305455382e-02  4.912010496780984e+01  2.252504997297932e-01  1.445840881048034e-02  9.474477483632215e+02  1.333452815585755e+01  -1.880282020213303e+00  1.546873902101015e-02  1.111111497871534e-01
5.465933469387972e-02  5.156249599753417e+01  2.621180604503175e-01  1.588181576096188e-02  9.481383993400549e+02  1.464091359918680e+01  -1.438282493384365e+00  1.663561433890859e-02  1.111111548776752e-01
5.731989542648341e-02  5.408606109372203e+01  3.039005261836105e-01  1.738545210718219e-02  9.488845231778095e+02  1.602053474283807e+01  -9.469220570516919e-01  1.786864292197710e-02  1.111111271374798e-01
6.006542070437571e-02  5.669234302374848e+01  3.510723083365928e-01  1.896925629998186e-02  9.496881015494915e+02  1.747339628108647e+01  -4.052086432448777e-01  1.916984799664873e-02  1.111111281525403e-01
6.289724597956749e-02  5.938290766278306e+01  4.041350279369035e-01  2.063305170253105e-02  9.505510422754196e+02  1.899942085877535e+01  1.878907556539216e-01  2.054114126113855e-02  1.111111291681869e-01
6.581670670406957e-02  6.215934479681393e+01  4.636180227041908e-01  2.237659396998186e-02  9.514751796927152e+02  2.059849399557685e+01  8.335012614099723e-01  2.198434058601979e-02  1.111111202647128e-01
6.882513832989276e-02  6.502326901109481e+01  5.300790839614387e-01  2.419964266482669e-02  9.524622789742523e+02  2.227053123420755e+01  1.532904769807039e+00  2.350115948584863e-02  1.111111150953000e-01
7.192387630904794e-02  6.797632068407606e+01  6.041054888992755e-01  2.610204000359218e-02  9.535140442710695e+02  2.401555181125201e+01  2.287614953859059e+00  2.509317955295548e-02  1.111111133629999e-01
7.511425609354591e-02  7.102016692644463e+01  6.863152469775753e-01  2.808378714252225e-02  9.546321285344274e+02  2.583375009776471e+01  3.099455996317480e+00  2.676183977280184e-02  1.111111125266845e-01
7.839761313539753e-02  7.415650255832361e+01  7.773586925000993e-01  3.014512916404753e-02  9.558181462084888e+02  2.772557520378100e+01  3.970647577347208e+00  2.850842405403370e-02  1.111111120584750e-01
8.177528288661361e-02  7.738705114858185e+01  8.779204984087738e-01  3.228664593819922e-02  9.570736888584755e+02  2.969181627054498e+01  4.903894958383945e+00  3.033404670180238e-02  1.111111117726405e-01
8.524860079920499e-02  8.071356611758297e+01  9.887221669676151e-01  3.450934380255939e-02  9.584003434761397e+02  3.173368894307118e+01  5.902482273280674e+00  3.223963876287499e-02  1.111111115876156e-01
8.881890232518252e-02  8.413783192429544e+01  1.110525067017214e+00  3.681474686202335e-02  9.597997133663722e+02  3.385292208469144e+01  6.970367470937588e+00  3.422593489057341e-02  1.111111114625780e-01
9.248752291655700e-02  8.766166535843311e+01  1.244134083193718e+00  3.920498599730097e-02  9.612734414292756e+02  3.605184315293982e+01  8.112277059896103e+00  3.629346076822346e-02  1.111111113752091e-01
9.625579802533930e-02  9.128691695957738e+01  1.390401937539290e+00  4.168288292056200e-02  9.628232355846687e+02  3.833345997682920e+01  9.333798591313306e+00  3.844252115554182e-02  1.111111113124943e-01
1.001250631035403e-01  9.501547258631099e+01  1.550234236744090e+00  4.425202055112730e-02  9.644508960203559e+02  4.070153110427325e+01  1.064146862540327e+01  4.067318861750005e-02  1.111111112664614e-01
1.040966536031707e-01  9.884925515459238e+01  1.724595284956116e+00  4.686726993490339e-02  9.661583438461400e+02  4.311506050561572e+01  1.204285371075634e+01  4.298529330712244e-02  1.111111117272450e-01
1.081719049762414e-01  1.027902263327468e+02  1.914514503871616e+00  4.925794009552523e-02  9.679476489646923e+02  4.532551815701393e+01  1.354661977945505e+01  4.537842918608344e-02  1.111111372114188e-01
1.123521526747633e-01  1.068403805852447e+02  2.119552797977096e+00  5.118309536124638e-02  9.698072633211623e+02  4.711124342710475e+01  1.514748512691333e+01  4.796933785283074e-02  1.112779856841007e-01
1.166387321507472e-01  1.110015711807267e+02  2.335013612202152e+00  5.297346582844022e-02  9.716891044277143e+02  4.877584014650176e+01  1.680791608025923e+01  5.115719962252618e-02  1.121379755957263e-01
1.210329788562038e-01  1.152756591178561e+02  2.564915263401186e+00  5.509256901673905e-02  9.736236815354009e+02  5.074709940199323e+01  1.858011922313075e+01  5.466277813951756e-02  1.132463217900604e-01
1.255362282431441e-01  1.196646231358682e+02  2.811377408927523e+00  5.756204383375312e-02  9.756227528822430e+02  5.304605006069849e+01  2.049165764392334e+01  5.838928032781912e-02  1.144554726293017e-01
1.301498157635790e-01  1.241705114225370e+02  3.076126630357682e+00  6.026561733548030e-02  9.776935705636387e+02  5.556669163734934e+01  2.256419184324084e+01  6.228740588581917e-02  1.156985234789647e-01
1.348750768695191e-01  1.287954335281100e+02  3.360854090594565e+00  6.317603812549030e-02  9.798421673813905e+02  5.828507353332940e+01  2.481786398886399e+01  6.632455063041309e-02  1.169387444091296e-01
1.397133470129754e-01  1.335415606313307e+02  3.667315954854686e+00  6.628962664993329e-02  9.820742223131747e+02  6.119910334100162e+01  2.727253538043873e+01  7.047644560802170e-02  1.181547049877216e-01
1.446659616459586e-01  1.384111280378848e+02  3.997380585836526e+00  6.961126270476617e-02  9.843954101954695e+02  6.431476308475790e+01  2.994826181916506e+01  7.472371633261031e-02  1.193337617287585e-01
1.497342562204797e-01  1.434064389101963e+02  4.353058111459843e+00  7.314999865767702e-02  9.868115739761298e+02  6.764210518279037e+01  3.286545967540516e+01  7.905015294003356e-02  1.204686544981413e-01
1.549195661885495e-01  1.485298687883274e+02  4.736522458885656e+00  7.691714516314904e-02  9.893288179290503e+02  7.119352492143148e+01  3.604490419112718e+01  8.344172739876742e-02  1.215555430199646e-01
1.602232270021788e-01  1.537838706882099e+02  5.150129405055350e+00  8.092519870210758e-02  9.919535582905027e+02  7.498280887806250e+01  3.950761677438096e+01  8.788598659554415e-02  1.225928024759023e-01
1.656465741133784e-01  1.591709806484839e+02  5.596431992244342e+00  8.518710789484527e-02  9.946925469797422e+02  7.902449595386149e+01  4.327466796361610e+01  9.237165440563753e-02  1.235802542037977e-01
1.711909429741592e-01  1.646938236344307e+02  6.078193660706620e+00  8.971568855478290e-02  9.975528751845648e+02  8.333337529871416e+01  4.736691094586666e+01  9.688835916562707e-02  1.245186604860320e-01
1.768576690365320e-01  1.703551197073754e+02  6.598399278178514e+00  9.452310156897956e-02  1.000541961440612e+03  8.792404096279280e+01  5.180465451102998e+01  1.014264412245762e-01  1.254093865386035e-01
1.826480877525076e-01  1.761576903840008e+02  7.160263652207252e+00  9.962035609452372e-02  1.003667524780521e+03  9.281046709871784e+01  5.660728422239046e+01  1.059768144552067e-01  1.262541714077164e-01
1.885635345740969e-01  1.821044650902489e+02  7.767237338410629e+00  1.050168265337980e-01  1.006937544847805e+03  9.800559132679031e+01  6.179283948958432e+01  1.105308659342854e-01  1.270549716426055e-01
1.946053449533106e-01  1.881984876147801e+02  8.423009309361472e+00  1.107197792011177e-01  1.010360209359744e+03  1.035209002956850e+02  6.737755640098646e+01  1.150803838582845e-01  1.278138543688176e-01
2.007748543421597e-01  1.944429224561042e+02  9.131506092430685e+00  1.167339128755639e-01  1.013943849626716e+03  1.093660188799990e+02  7.337538806460540e+01  1.196175072148805e-01  1.285329243728930e-01
2.070733981926550e-01  2.008410609499136e+02  9.896886997684026e+00  1.230609242105288e-01  1.017696864921884e+03  1.155483105656973e+02  7.979751674901911e+01  1.241346928196716e-01  1.292142748332262e-01
2.135023119568073e-01  2.073963270568455e+02  1.072353511161169e+01  1.296991117331534e-01  1.021627636753099e+03  1.220724991126740e+02  8.665187470130142e+01  1.286246965999959e-01  1.298599546027917e-01
2.200629310866274e-01  2.141122826871006e+02  1.161604382029539e+01  1.366430348391071e-01  1.025744434428581e+03  1.289403242334537e+02  9.394269285161670e+01  1.330805667707320e-01  1.304719471213979e-01
2.267565910341262e-01  2.209926324378919e+02  1.257919874514847e+01  1.438832454589363e-01  1.030055313695288e+03  1.361502456042903e+02  1.016700983454511e+02  1.374956469811719e-01  1.310521575031696e-01
2.335846272513145e-01  2.280412276233071e+02  1.361795512244028e+01  1.514061100056249e-01  1.034568010629965e+03  1.436972101100414e+02  1.098297826229656e+02  1.418635877308234e-01  1.316024053523527e-01
2.405483751902032e-01  2.352620694843773e+02  1.473741082886136e+01  1.591937376821252e-01  1.039289833341918e+03  1.515724966988619e+02  1.184127612701268e+02  1.461783644320347e-01  1.321244215611397e-01
2.476491703028030e-01  2.426593114802187e+02  1.594277544105475e+01  1.672240281640416e-01  1.044227554366329e+03  1.597636514947936e+02  1.274052448534802e+02  1.504343004950102e-01  1.326198478365048e-01
2.548883480411248e-01  2.502372605791160e+02  1.723933590639527e+01  1.754708471196774e-01  1.049387306850585e+03  1.682545228652503e+02  1.367886363004912e+02  1.546260937699847e-01  1.330902380539139e-01
2.622672438571795e-01  2.580003774908738e+02  1.863241958219166e+01  1.839043325925791e-01  1.054774487730014e+03  1.770254024499094e+02  1.465396651485408e+02  1.587488446394462e-01  1.335370607887208e-01
2.697871932029778e-01  2.659532758081414e+02  2.012735555673543e+01  1.924913273007118e-01  1.060393671027471e+03  1.860532720175666e+02  1.566306624013617e+02  1.627980840388173e-01  1.339617025592774e-01
2.774495315305307e-01  2.741007200503111e+02  2.172943530954390e+01  2.011959256889650e-01  1.066248534269501e+03  1.953121513940794e+02  1.670299721003393e+02  1.667697997210192e-01  1.343654714674446e-01
2.852555942918489e-01  2.824476226491872e+02  2.344387371651610e+01  2.099801196067275e-01  1.072341800164501e+03  2.047735388981654e+02  1.777024885697858e+02  1.706604591833030e-01  1.347496009388055e-01
2.932067169389433e-01  2.909990399094832e+02  2.527577171249468e+01  2.188045164388578e-01  1.078675196212345e+03  2.144069268913884e+02  1.886102992749843e+02  1.744670278504478e-01  1.351152535395587e-01
3.013042349238247e-01  2.997601670558724e+02  2.723008146697246e+01  2.276291000942998e-01  1.085249432729500e+03  2.241803714562812e+02  1.997134091043353e+02  1.781869813542088e-01  1.354635246228970e-01
3.095494836985040e-01  3.087363324598467e+02  2.931157517560013e+01  2.364140057260551e-01  1.092064200323086e+03  2.340610954941898e+02  2.109705153429037e+02  1.818183110536158e-01  1.357954458407545e-01
3.179437987149920e-01  3.179329911826376e+02  3.152481822475540e+01  2.451202755677702e-01  1.099118186373754e+03  2.440160999790995e+02  2.223398011349629e+02  1.853595222859573e-01  1.361119884591278e-01
3.264885154252994e-01  3.273557179780509e+02  3.387414734329190e+01  2.537105653048961e-01  1.106409109539287e+03  2.540127585944237e+02  2.337797148145573e+02  1.888096252007546e-01  1.364140664747451e-01
3.351849692814374e-01  3.370101999080501e+02  3.636365412437975e+01  2.621497753454719e-01  1.113933770589931e+03  2.640193739614298e+02  2.452497047064092e+02  1.921681183837525e-01  1.367025395404720e-01
3.440344957354164e-01  3.469022287256066e+02  3.899717406787438e+01  2.704055861679142e-01  1.121688117335060e+03  2.740056763553006e+02  2.567108831788174e+02  1.954349658004793e-01  1.369782157156268e-01
3.530384302392474e-01  3.570376931748690e+02  4.177828106969501e+01  2.784488834954097e-01  1.129667321003753e+03  2.839432502348897e+02  2.681265993993356e+02  1.986105678594378e-01  1.372418540622399e-01
3.621981082449413e-01  3.674225713491215e+02  4.471028708154419e+01  2.862540659288373e-01  1.137865861207416e+03  2.938058788375075e+02  2.794629067985795e+02  2.016957275988099e-01  1.374941671087788e-01
3.715148652045089e-01  3.780629232325286e+02  4.779624649813073e+01  2.937992343146301e-01  1.146277616554723e+03  3.035698021120636e+02  2.906889180167750e+02  2.046916131303159e-01  1.377358232029153e-01
3.809900365699611e-01  3.889648835346584e+02  5.103896469949973e+01  3.010662680468846e-01  1.154895958071618e+03  3.132138879894853e+02  3.017770465487594e+02  2.075997175292354e-01  1.379674487710393e-01
3.906249577933086e-01  4.001346549073381e+02  5.444101009341557e+01  3.080408205833211e-01  1.163713842799009e+03  3.227197444070022e+02  3.127031399070580e+02  2.104218173460403e-01  1.381896304992912e-01
4.004209643265623e-01  4.115785016133660e+02  5.800472896106930e+01  3.147121544804818e-01  1.172723905252352e+03  3.320716822320016e+02  3.234465136045887e+02  2.131599308433302e-01  1.384029174468330e-01
4.103793916217330e-01  4.233027580418278e+02  6.173226883670397e+01  3.210729209446377e-01  1.181918560471720e+03  3.412566303325275e+02  3.339898966912115e+02  2.158162348938117e-01  1.386077872716785e-01
4.205015751308317e-01  4.353137666930066e+02  6.562557140844299e+01  3.271190397888323e-01  1.191290023305022e+03  3.502641612940687e+02  3.443193139064274e+02  2.183931938395612e-01  1.388047915438237e-01
4.307888503058690e-01  4.476179575352683e+02  6.968642959727701e+01  3.328493912866554e-01  1.200830476895404e+03  3.590863255225710e+02  3.544238928145005e+02  2.208932694456983e-01  1.389943426830330e-01
4.412425525988558e-01  4.602217883663912e+02  7.391648201196969e+01  3.382653936967849e-01  1.210532078123580e+03  3.677173520507341e+02  3.642956467072993e+02  2.233190550415587e-01  1.391768591946138e-01
4.518640174618030e-01  4.731317548501844e+02  7.831723843881277e+01  3.433707254906345e-01  1.220387032785042e+03  3.761534965985592e+02  3.739292201357188e+02  2.256732018582040e-01  1.393527316447740e-01
4.626545803467214e-01  4.863543873623552e+02  8.289009856645626e+01  3.481710324446933e-01  1.230387647329243e+03  3.843928634353866e+02  3.833216202950354e+02  2.279583908604594e-01  1.395223244175153e-01
4.736155767056219e-01  4.998962483202175e+02  8.763636985094982e+01  3.526735947118587e-01  1.240526372798813e+03  3.924351706458517e+02  3.924719429979796e+02  2.301773079361820e-01  1.396859774041886e-01
4.847483419905152e-01  5.137639299619824e+02  9.255728430426747e+01  3.568870279662859e-01  1.250795841315284e+03  4.002815374587656e+02  4.013811018461843e+02  2.323326224091828e-01  1.398440076222442e-01
4.960542116534122e-01  5.279640525382285e+02  9.765401405939677e+01  3.608210060806166e-01  1.261188895597326e+03  4.079342798248110e+02  4.100515673039916e+02  2.344269687579158e-01  1.399967107601521e-01
5.075345211463239e-01  5.425032628765500e+02  1.029276856254312e+02  3.644860086251384e-01  1.271698612090745e+03  4.153967179734644e+02  4.184871206064352e+02  2.364629313591844e-01  1.401443626463310e-01
5.191906059212608e-01  5.573882332802576e+02  1.083793927965884e+02  3.678930952644046e-01  1.282318318343102e+03  4.226729988562138e+02  4.266926258611743e+02  2.384430320321616e-01  1.402872206405643e-01
5.310238014302340e-01  5.726256607228082e+02  1.140102082197230e+02  3.710537065342955e-01  1.293041605276614e+03  4.297679338340205e+02  4.346738223657659e+02  2.403697201311786e-01  1.404255249473370e-01
5.430354431252543e-01  5.882222672083273e+02  1.198211940297728e+02  3.739794905807653e-01  1.303862335695693e+03  4.366868523039943e+02  4.424371380496576e+02  2.422453633741515e-01  1.405594984740790e-01
5.552268664583324e-01  6.041847971540782e+02  1.258134099164251e+02  3.766821572319378e-01  1.314774646493309e+03  4.434354742621481e+02  4.499895241894606e+02  2.440722463104677e-01  1.406893516006450e-01
5.675994068814793e-01  6.205200188366878e+02  1.319879216231111e+02  3.791733557605783e-01  1.325772950670015e+03  4.500197991296085e+02  4.573383106479569e+02  2.458525635107869e-01  1.408152806479275e-01
5.801543998467056e-01  6.372347245373431e+02  1.383458077706175e+02  3.814645723051834e-01  1.336851935474178e+03  4.564460075849105e+02  4.644910806472250e+02  2.475884171317870e-01  1.409374687984906e-01
5.928931808060224e-01  6.543357304198998e+02  1.448881654682249e+02  3.835670474847864e-01  1.348006557948258e+03  4.627203783956748e+02  4.714555639586480e+02  2.492818163984937e-01  1.410560875003637e-01
6.058170852114403e-01  6.718298768068206e+02  1.516161152150168e+02  3.854917120224982e-01  1.359232039049849e+03  4.688492191919419e+02  4.782395464650820e+02  2.509346776208897e-01  1.411712973515979e-01
6.189274485149704e-01  6.897240285596757e+02  1.585308049485045e+02  3.872491369583713e-01  1.370523856301663e+03  4.748388083250925e+02  4.848507949463816e+02  2.525488250926342e-01  1.412832489040440e-01
6.322256061686232e-01  7.080250755295002e+02  1.656334133905106e+02  3.888494970275860e-01  1.381877735411864e+03  4.806953473258454e+02  4.912969951890402e+02  2.541259927037068e-01  1.413920834125392e-01
6.457128936244100e-01  7.267399330655913e+02  1.729251527569786e+02  3.903025452585743e-01  1.393289641119887e+03  4.864249226727053e+02  4.975857019042004e+02  2.556678261193213e-01  1.414979335265874e-01
6.593906463343411e-01  7.458755425687065e+02  1.804072709109375e+02  3.916175969505790e-01  1.404755767511977e+03  4.920334755834980e+02  5.037242989427249e+02  2.571758853969177e-01  1.416009239284928e-01
6.732601997504277e-01  7.654388720770297e+02  1.880810530295644e+02  3.928035213688237e-01  1.416272528008236e+03  4.975267786206546e+02  5.097199684112312e+02  2.586516479311569e-01  1.417011719212074e-01
6.873228893246806e-01  7.854369168697550e+02  1.959478228690186e+02  3.938687396924091e-01  1.427836545216139e+03  5.029104180253474e+02  5.155796673465028e+02  2.600965116333495e-01  1.417987879746327e-01
7.015800505091105e-01  8.058767000977628e+02  2.040089436223304e+02  3.948212285164238e-01  1.439444640693644e+03  5.081897814964703e+02  5.213101110218387e+02  2.615117982666301e-01  1.418938762149217e-01
7.160330187557283e-01  8.267652734018429e+02  2.122658185379250e+02  3.956685274268951e-01  1.451093824902704e+03  5.133700501669875e+02  5.269177614510235e+02  2.628987568714097e-01  1.419865348938436e-01
7.306831295165448e-01  8.481097175463965e+02  2.207198912259727e+02  3.964177494716020e-01  1.462781287263312e+03  5.184561936309973e+02  5.324088206099016e+02  2.642585672272466e-01  1.420768568058194e-01
7.455317182435709e-01  8.699171430428839e+02  2.293726457680034e+02  3.970755942958310e-01  1.474504386486090e+03  5.234529681417405e+02  5.377892273204830e+02  2.655923433073998e-01  1.421649296773979e-01
7.605801203888173e-01  8.921946907661254e+02  2.382256066409913e+02  3.976483631351442e-01  1.486260641197631e+03  5.283649172311326e+02  5.430646572004094e+02  2.669011366910510e-01  1.422508365244224e-01
7.758296714042950e-01  9.149495325593039e+02  2.472803384913186e+02  3.981419749728825e-01  1.498047720901753e+03  5.331963740935014e+02  5.482405250737420e+02  2.681859399056371e-01  1.423346559804949e-01
7.912817067420147e-01  9.381888718251827e+02  2.565384457861755e+02  3.985619835347811e-01  1.509863437302801e+03  5.379514654932924e+02  5.533219893379419e+02  2.694476896780698e-01  1.424164625990812e-01
8.069375618539875e-01  9.619199441015986e+02  2.660015723661904e+02  3.989135947313567e-01  1.521705736007628e+03  5.426341168312844e+02  5.583139578582548e+02  2.706872700789437e-01  1.424963271314533e-01
8.227985721922239e-01  9.861500176198508e+02  2.756714009197766e+02  3.992016842533588e-01  1.533572688615180e+03  5.472480580881473e+02  5.632210950278758e+02  2.719055155482814e-01  1.425743167824713e-01
8.388660732087350e-01  1.010886393844896e+03  2.855496523966732e+02  3.994308150853112e-01  1.545462485196309e+03  5.517968304102295e+02  5.680478296910358e+02  2.731032137950473e-01  1.426504954460848e-01
8.551414003555313e-01  1.036136407996755e+03  2.956380853756277e+02  3.996052547526157e-01  1.557373427161564e+03  5.562837931423626e+02  5.727983636770005e+02  2.742811085656729e-01  1.427249239222482e-01
8.716258890846239e-01  1.061907429552658e+03  3.059384953988110e+02  3.997289921600298e-01  1.569303920510721e+03  5.607121311468069e+02  5.774766807369101e+02  2.754399022793074e-01  1.427976601168447e-01
8.883208748480237e-01  1.088206862729821e+03  3.164527142836355e+02  3.998057539146147e-01  1.581252469454927e+03  5.650848622769304e+02  5.820865557129690e+02  2.765802585294619e-01  1.428687592260455e-01
9.052276930977414e-01  1.115042146948824e+03  3.271826094208702e+02  3.998390200553402e-01  1.593217670400010e+03  5.694048448991331e+02  5.866315638015507e+02  2.777028044532936e-01  1.429382739064419e-01
9.223476792857876e-01  1.142420757277843e+03  3.381300830664908e+02  3.998320391356106e-01  1.605198206277948e+03  5.736747853779652e+02  5.911150897989520e+02  2.788081329709867e-01  1.430062544321470e-01
9.396821688641737e-01  1.170350204857964e+03  3.492970716333803e+02  3.997970463762209e-01  1.617192841212327e+03  5.779105495706600e+02  5.955403372414562e+02  2.798968048986341e-01  1.430727488399847e-01
9.572324972849101e-01  1.198838037310012e+03  3.606855449879321e+02  3.997662290987410e-01  1.629200415502955e+03  5.821576124833894e+02  5.999103373705577e+02  2.809693509387078e-01  1.431378030637673e-01
