0.14567  138.75  1.93948  19.0862  0.149906  0.0281473  137.435
0.148711  141.688  2.10055  18.0292  0.159154  0.0292796  154.245
0.151794  144.671  2.27273  17.1569  0.169077  0.030464  171.258
0.15492  147.698  2.4566  16.4315  0.179674  0.0317017  188.361
0.158087  150.771  2.65273  15.8252  0.190948  0.0329938  205.446
0.161298  153.889  2.86174  15.3158  0.202899  0.0343414  222.432
0.164552  157.053  3.08428  14.8858  0.215529  0.0357459  239.255
0.16785  160.265  3.32101  14.5223  0.228839  0.0372084  255.847
0.171191  163.524  3.57263  14.2137  0.242831  0.0387301  272.182
0.174576  166.831  3.83984  13.9514  0.257503  0.0403123  288.225
0.178006  170.186  4.12341  13.7284  0.272857  0.0419562  303.95
0.18148  173.591  4.4241  13.5388  0.288892  0.0436631  319.346
0.184999  177.046  4.74272  13.3776  0.305605  0.0454341  334.41
0.188564  180.552  5.08012  13.2409  0.322994  0.0472706  349.132
0.192173  184.109  5.43714  13.1254  0.341055  0.0491737  363.505
0.195829  187.718  5.81467  13.0279  0.359783  0.0511447  377.549
0.199531  191.38  6.21364  12.9464  0.379172  0.0531848  391.255
0.203279  195.096  6.63498  12.8788  0.399213  0.055295  404.629
0.207073  198.866  7.07966  12.823  0.419898  0.0574765  417.691
0.210915  202.69  7.54867  12.7775  0.441215  0.0597303  430.45
0.214804  206.571  8.04302  12.7412  0.463151  0.0620574  442.908
0.21874  210.509  8.56375  12.7128  0.485691  0.0644587  455.076
0.222724  214.504  9.1119  12.6916  0.508819  0.0669352  466.956
0.226757  218.558  9.68855  12.6762  0.532516  0.0694874  478.574
0.230837  222.67  10.2948  12.6662  0.556761  0.0721162  489.93
0.234966  226.843  10.9317  12.6605  0.581532  0.0748221  501.043
0.239145  231.077  11.6003  12.6591  0.606805  0.0776055  511.904
0.243372  235.373  12.3019  12.6608  0.632552  0.0804668  522.542
0.247649  239.733  13.0374  12.6656  0.658746  0.0834062  532.953
0.251976  244.155  13.808  12.6727  0.685357  0.0864239  543.155
0.256353  248.643  14.6148  12.6818  0.712352  0.0895198  553.149
0.26078  253.197  15.459  12.6924  0.739699  0.0926938  562.959
0.265258  257.818  16.3415  12.7048  0.767363  0.0959455  572.549
0.269787  262.507  17.2636  12.7181  0.795308  0.0992746  581.968
0.274367  267.264  18.2262  12.732  0.823496  0.10268  591.224
0.278999  272.092  19.2304  12.7468  0.851891  0.106162  600.286
0.283683  276.991  20.2773  12.7618  0.880453  0.10972  609.186
0.288419  281.963  21.3678  12.7769  0.909143  0.113351  617.937
0.293207  287.008  22.503  12.792  0.937921  0.117056  626.533
0.298048  292.128  23.6838  12.807  0.966749  0.120832  634.967
0.302941  297.323  24.9111  12.8218  0.995587  0.12468  643.255
0.307889  302.596  26.1859  12.836  1.0244  0.128596  651.414
0.312889  307.946  27.509  12.8496  1.05314  0.13258  659.442
0.317944  313.377  28.8813  12.8626  1.08177  0.136629  667.335
0.323052  318.887  30.3035  12.875  1.11026  0.140743  675.089
0.328216  324.48  31.7765  12.8865  1.13858  0.144919  682.727
0.333433  330.155  33.301  12.8974  1.16668  0.149156  690.223
0.338706  335.915  34.8776  12.9071  1.19454  0.15345  697.624
0.344034  341.761  36.5072  12.916  1.22212  0.157801  704.906
0.349418  347.693  38.1902  12.9237  1.24939  0.162206  712.093
0.354858  353.714  39.9273  12.9305  1.27633  0.166663  719.161
0.360354  359.824  41.7192  12.9364  1.30291  0.17117  726.113
0.365906  366.025  43.5663  12.9411  1.3291  0.175724  732.973
0.371515  372.318  45.4691  12.9449  1.35488  0.180324  739.719
0.377181  378.705  47.4281  12.9476  1.38023  0.184967  746.377
0.382904  385.186  49.4439  12.9491  1.40513  0.189651  752.952
0.388685  391.764  51.5167  12.9497  1.42957  0.194373  759.419
0.394524  398.439  53.6471  12.9491  1.45353  0.199132  765.809
0.400421  405.212  55.8354  12.9476  1.47699  0.203925  772.097
0.406376  412.086  58.082  12.9449  1.49995  0.20875  778.315
0.412391  419.061  60.3872  12.9414  1.5224  0.213605  784.438
0.418464  426.139  62.7514  12.9367  1.54432  0.218488  790.498
0.424597  433.322  65.1748  12.9311  1.56571  0.223397  796.472
0.430789  440.61  67.6577  12.9246  1.58656  0.228329  802.363
0.437041  448.005  70.2004  12.9172  1.60688  0.233284  808.176
0.443353  455.508  72.8032  12.9089  1.62665  0.238258  813.915
0.449726  463.121  75.4663  12.8998  1.64588  0.24325  819.585
0.45616  470.845  78.19  12.8897  1.66458  0.248259  825.189
0.462655  478.682  80.9745  12.8791  1.68273  0.253282  830.703
0.469211  486.633  83.82  12.8676  1.70034  0.258318  836.161
0.475828  494.699  86.7267  12.8552  1.71742  0.263365  841.566
0.482508  502.881  89.6949  12.8422  1.73397  0.268422  846.895
0.48925  511.182  92.7248  12.8283  1.74999  0.273486  852.18
0.496054  519.602  95.8165  12.8138  1.76549  0.278558  857.397
0.502921  528.144  98.9703  12.7988  1.78048  0.283634  862.549
0.509852  536.807  102.186  12.7831  1.79497  0.288715  867.641
0.516845  545.595  105.465  12.7669  1.80895  0.293798  872.677
0.523903  554.507  108.806  12.75  1.82244  0.298882  877.661
0.531024  563.547  112.21  12.7329  1.83545  0.303966  882.566
0.538209  572.714  115.678  12.7152  1.84798  0.30905  887.426
0.545459  582.011  119.208  12.6969  1.86005  0.314131  892.245
0.552774  591.438  122.802  12.678  1.87166  0.319209  897.028
0.560154  600.998  126.46  12.6588  1.88283  0.324284  901.747
0.567599  610.692  130.181  12.6393  1.89356  0.329353  906.404
0.57511  620.521  133.967  12.6192  1.90385  0.334416  911.036
0.582687  630.486  137.817  12.5991  1.91373  0.339473  915.581
0.590331  640.59  141.732  12.5784  1.9232  0.344522  920.107
0.59804  650.833  145.711  12.5575  1.93227  0.349564  924.585
0.605817  661.217  149.756  12.5362  1.94095  0.354596  929.018
0.613661  671.743  153.866  12.5147  1.94925  0.359618  933.409
0.621572  682.413  158.041  12.4928  1.95718  0.364631  937.761
0.629551  693.229  162.282  12.4707  1.96475  0.369632  942.077
0.637598  704.191  166.589  12.4485  1.97196  0.374622  946.325
0.645713  715.302  170.962  12.4261  1.97884  0.3796  950.543
0.653897  726.563  175.402  12.4033  1.98538  0.384566  954.732
0.662149  737.974  179.909  12.3806  1.9916  0.389519  958.862
0.670471  749.539  184.483  12.3575  1.9975  0.394459  962.968
0.678862  761.257  189.124  12.3345  2.00309  0.399385  967.018
0.687323  773.131  193.833  12.3112  2.00839  0.404297  971.05
0.695854  785.162  198.61  12.2876  2.0134  0.409195  975.066
0.704455  797.352  203.455  12.2642  2.01813  0.414077  978.997
0.713127  809.702  208.368  12.2406  2.02259  0.418945  982.916
0.721869  822.213  213.351  12.217  2.02678  0.423798  986.79
0.730683  834.888  218.403  12.1931  2.03072  0.428634  990.656
0.739568  847.727  223.524  12.1694  2.0344  0.433455  994.444
0.748525  860.733  228.715  12.1455  2.03785  0.43826  998.227
0.757554  873.906  233.976  12.1216  2.04106  0.443049  1001.97
0.766656  887.248  239.307  12.0977  2.04404  0.447821  1005.68
0.77583  900.76  244.709  12.0737  2.04681  0.452577  1009.35
0.785077  914.445  250.183  12.0498  2.04936  0.457316  1012.99
0.794397  928.304  255.728  12.0256  2.05171  0.462038  1016.63
0.80379  942.338  261.345  12.0017  2.05385  0.466743  1020.21
0.813257  956.548  267.034  11.9778  2.0558  0.47143  1023.75
0.822799  970.937  272.795  11.9538  2.05757  0.476101  1027.27
0.832414  985.506  278.63  11.9299  2.05915  0.480754  1030.75
0.842104  1000.26  284.538  11.906  2.06056  0.48539  1034.21
0.85187  1015.19  290.52  11.8821  2.06179  0.490008  1037.65
0.86171  1030.31  296.576  11.8582  2.06286  0.494609  1041.06
0.871626  1045.61  302.706  11.8345  2.06378  0.499192  1044.41
0.881618  1061.1  308.911  11.8106  2.06454  0.503757  1047.78
0.891685  1076.78  315.191  11.787  2.06515  0.508305  1051.09
0.901829  1092.65  321.547  11.7634  2.06561  0.512835  1054.37
0.91205  1108.72  327.98  11.7397  2.06594  0.517348  1057.64
0.922348  1124.98  334.488  11.7164  2.06613  0.521843  1060.85
0.932723  1141.43  341.074  11.6928  2.06619  0.52632  1064.08
