0.144666  2.4562e+14  1.88817  20.994  0.138606  0.0277812  114.555
0.149734  2.54352e+14  2.15668  18.5877  0.154932  0.0296686  145.378
0.15492  2.63302e+14  2.4566  16.9605  0.173027  0.0317017  176.265
0.160223  2.72476e+14  2.7906  15.8143  0.192905  0.033886  206.711
0.165647  2.81878e+14  3.16158  14.9842  0.214582  0.0362269  236.382
0.171191  2.91514e+14  3.57263  14.3708  0.238075  0.0387301  265.096
0.176858  3.01387e+14  4.02702  13.9121  0.263395  0.0414013  292.739
0.182648  3.11504e+14  4.52827  13.5666  0.29055  0.0442462  319.279
0.188564  3.2187e+14  5.08012  13.3061  0.319539  0.0472706  344.708
0.194605  3.3249e+14  5.68649  13.1103  0.350353  0.0504801  369.062
0.200775  3.43371e+14  6.35155  12.9647  0.382971  0.0538803  392.378
0.207073  3.54518e+14  7.07966  12.8584  0.417361  0.0574765  414.707
0.213502  3.65938e+14  7.87536  12.7828  0.453478  0.0612735  436.119
0.220063  3.77637e+14  8.74337  12.7317  0.491262  0.0652758  456.66
0.226757  3.89623e+14  9.68855  12.6998  0.530639  0.0694874  476.398
0.233585  4.01902e+14  10.7159  12.6833  0.57152  0.0739115  495.376
0.240548  4.14482e+14  11.8305  12.6786  0.613798  0.0785506  513.658
0.247649  4.27371e+14  13.0374  12.6833  0.657353  0.0834062  531.274
0.254888  4.40577e+14  14.3418  12.6951  0.702051  0.0884791  548.273
0.262267  4.54107e+14  15.7488  12.7119  0.747744  0.093769  564.71
0.269787  4.6797e+14  17.2636  12.7326  0.794272  0.0992746  580.598
0.27745  4.82176e+14  18.891  12.7556  0.841467  0.104993  595.98
0.285256  4.96733e+14  20.6359  12.7799  0.889153  0.110922  610.894
0.293207  5.11649e+14  22.503  12.8044  0.93715  0.117056  625.365
0.301304  5.26936e+14  24.4968  12.8286  0.985276  0.123389  639.407
0.309549  5.42602e+14  26.6215  12.8516  1.03335  0.129916  653.06
0.317944  5.58656e+14  28.8813  12.8735  1.08119  0.136629  666.308
0.326489  5.75111e+14  31.2798  12.893  1.12864  0.14352  679.227
0.335185  5.91974e+14  33.8207  12.9104  1.17552  0.150581  691.787
0.344034  6.09257e+14  36.5072  12.9255  1.22168  0.157801  704.008
0.353038  6.26971e+14  39.3422  12.9376  1.26699  0.165172  715.938
0.362198  6.45126e+14  42.3287  12.947  1.31132  0.172683  727.556
0.371515  6.63732e+14  45.4691  12.9535  1.35455  0.180324  738.895
0.38099  6.82801e+14  48.7656  12.9571  1.39658  0.188085  749.965
0.390625  7.02344e+14  52.2205  12.9576  1.43734  0.195955  760.776
0.400421  7.22372e+14  55.8354  12.9553  1.47674  0.203925  771.345
0.410379  7.42895e+14  59.6123  12.9503  1.51474  0.211983  781.66
0.420502  7.63926e+14  63.5526  12.9423  1.55129  0.220121  791.766
0.430789  7.85475e+14  67.6577  12.9317  1.58636  0.228329  801.654
0.441243  8.07554e+14  71.9289  12.9187  1.61994  0.236598  811.315
0.451864  8.30174e+14  76.3675  12.9033  1.65201  0.244918  820.77
0.462655  8.53346e+14  80.9745  12.8856  1.68257  0.253282  830.037
0.473616  8.77083e+14  85.751  12.8658  1.71164  0.261682  839.108
0.484748  9.01396e+14  90.698  12.8436  1.73923  0.270109  848.033
0.496054  9.26295e+14  95.8165  12.82  1.76537  0.278558  856.744
0.507535  9.51794e+14  101.107  12.7943  1.79008  0.287021  865.319
0.519191  9.77903e+14  106.572  12.7672  1.81339  0.295492  873.717
0.531024  1.00463e+15  112.21  12.7385  1.83535  0.303966  881.958
0.543035  1.032e+15  118.024  12.7084  1.85598  0.312438  890.057
0.555227  1.06001e+15  124.014  12.6771  1.87534  0.320901  898.003
0.567599  1.08868e+15  130.181  12.6446  1.89347  0.329353  905.812
0.580154  1.11802e+15  136.527  12.6112  1.9104  0.337788  913.467
0.592893  1.14804e+15  143.051  12.5767  1.92619  0.346204  921.017
0.605817  1.17875e+15  149.756  12.5412  1.94088  0.354596  928.443
0.618927  1.21017e+15  156.642  12.5052  1.95451  0.362961  935.727
0.632226  1.2423e+15  163.71  12.4683  1.96712  0.371297  942.914
0.645713  1.27517e+15  170.962  12.4308  1.97877  0.3796  949.986
0.659391  1.30878e+15  178.399  12.393  1.9895  0.38787  956.918
0.67326  1.34314e+15  186.023  12.3546  1.99934  0.396103  963.757
0.687323  1.37826e+15  193.833  12.3156  2.00834  0.404297  970.513
0.70158  1.41416e+15  201.832  12.2766  2.01653  0.412451  977.126
0.716033  1.45086e+15  210.022  12.2373  2.02396  0.420564  983.642
0.730683  1.48836e+15  218.403  12.1978  2.03067  0.428634  990.068
0.745532  1.52667e+15  226.976  12.1579  2.03668  0.43666  996.414
0.76058  1.56581e+15  235.745  12.118  2.04203  0.444642  1002.65
0.77583  1.60579e+15  244.709  12.0779  2.04676  0.452577  1008.82
0.791282  1.64662e+15  253.872  12.038  2.0509  0.460466  1014.86
0.806938  1.68832e+15  263.233  11.9978  2.05448  0.468307  1020.85
0.822799  1.73089e+15  272.795  11.958  2.05753  0.476101  1026.72
0.838866  1.77436e+15  282.561  11.9181  2.06007  0.483846  1032.52
0.855141  1.81873e+15  292.53  11.8782  2.06213  0.491543  1038.24
0.871626  1.86401e+15  302.706  11.8384  2.06374  0.499192  1043.89
0.888321  1.91023e+15  313.089  11.7988  2.06492  0.506791  1049.45
0.905228  1.95738e+15  323.683  11.7595  2.0657  0.514341  1054.91
0.922348  2.0055e+15  334.488  11.7202  2.0661  0.521843  1060.32
0.939682  2.05458e+15  345.507  11.6813  2.06613  0.529295  1065.64
0.957232  2.10464e+15  356.742  11.6423  2.06582  0.536698  1070.92
