0.144666  2.4562e+14  1.88817  10.3889  0.140771  0.0277812  331.641
0.149734  2.54352e+14  2.15668  10.3068  0.15685  0.0296686  354.261
0.15492  2.63302e+14  2.4566  10.2649  0.174725  0.0317017  376.196
0.160223  2.72476e+14  2.7906  10.256  0.19441  0.033886  397.336
0.165647  2.81878e+14  3.16158  10.2737  0.215918  0.0362269  417.656
0.171191  2.91514e+14  3.57263  10.3124  0.239263  0.0387301  437.183
0.176858  3.01387e+14  4.02702  10.3685  0.264455  0.0414013  455.897
0.182648  3.11504e+14  4.52827  10.4376  0.291497  0.0442462  473.893
0.188564  3.2187e+14  5.08012  10.5174  0.320387  0.0472706  491.183
0.194605  3.3249e+14  5.68649  10.6051  0.351113  0.0504801  507.831
0.200775  3.43371e+14  6.35155  10.699  0.383655  0.0538803  523.868
0.207073  3.54518e+14  7.07966  10.7971  0.417976  0.0574765  539.368
0.213502  3.65938e+14  7.87536  10.8978  0.454033  0.0612735  554.376
0.220063  3.77637e+14  8.74337  11.0002  0.491763  0.0652758  568.908
0.226757  3.89623e+14  9.68855  11.1033  0.531093  0.0694874  583.007
0.233585  4.01902e+14  10.7159  11.2055  0.57193  0.0739115  596.75
0.240548  4.14482e+14  11.8305  11.3068  0.61417  0.0785506  610.102
0.247649  4.27371e+14  13.0374  11.4057  0.657691  0.0834062  623.152
0.254888  4.40577e+14  14.3418  11.5023  0.702358  0.0884791  635.872
0.262267  4.54107e+14  15.7488  11.5956  0.748023  0.093769  648.312
0.269787  4.6797e+14  17.2636  11.6854  0.794526  0.0992746  660.474
0.27745  4.82176e+14  18.891  11.771  0.841698  0.104993  672.393
0.285256  4.96733e+14  20.6359  11.8522  0.889364  0.110922  684.078
0.293207  5.11649e+14  22.503  11.929  0.937342  0.117056  695.518
0.301304  5.26936e+14  24.4968  12.0008  0.985451  0.123389  706.756
0.309549  5.42602e+14  26.6215  12.0675  1.03351  0.129916  717.788
0.317944  5.58656e+14  28.8813  12.1293  1.08134  0.136629  728.613
0.326489  5.75111e+14  31.2798  12.186  1.12877  0.14352  739.231
0.335185  5.91974e+14  33.8207  12.2373  1.17564  0.150581  749.676
0.344034  6.09257e+14  36.5072  12.2837  1.2218  0.157801  759.927
0.353038  6.26971e+14  39.3422  12.3251  1.2671  0.165172  769.996
0.362198  6.45126e+14  42.3287  12.3611  1.31142  0.172683  779.923
0.371515  6.63732e+14  45.4691  12.3927  1.35464  0.180324  789.642
0.38099  6.82801e+14  48.7656  12.4193  1.39667  0.188085  799.225
0.390625  7.02344e+14  52.2205  12.4414  1.43741  0.195955  808.636
0.400421  7.22372e+14  55.8354  12.4588  1.47681  0.203925  817.924
0.410379  7.42895e+14  59.6123  12.4724  1.51481  0.211983  827.026
0.420502  7.63926e+14  63.5526  12.4819  1.55135  0.220121  835.992
0.430789  7.85475e+14  67.6577  12.4875  1.58642  0.228329  844.818
0.441243  8.07554e+14  71.9289  12.4896  1.61999  0.236598  853.498
0.451864  8.30174e+14  76.3675  12.4884  1.65206  0.244918  862.026
0.462655  8.53346e+14  80.9745  12.4839  1.68262  0.253282  870.426
0.473616  8.77083e+14  85.751  12.4763  1.71169  0.261682  878.723
0.484748  9.01396e+14  90.698  12.4659  1.73927  0.270109  886.878
0.496054  9.26295e+14  95.8165  12.4532  1.76541  0.278558  894.883
0.507535  9.51794e+14  101.107  12.4379  1.79011  0.287021  902.792
0.519191  9.77903e+14  106.572  12.4202  1.81343  0.295492  910.597
0.531024  1.00463e+15  112.21  12.4007  1.83538  0.303966  918.253
0.543035  1.032e+15  118.024  12.3791  1.85602  0.312438  925.814
0.555227  1.06001e+15  124.014  12.3558  1.87537  0.320901  933.267
0.567599  1.08868e+15  130.181  12.3307  1.8935  0.329353  940.63
0.580154  1.11802e+15  136.527  12.3044  1.91043  0.337788  947.856
0.592893  1.14804e+15  143.051  12.2766  1.92622  0.346204  954.994
0.605817  1.17875e+15  149.756  12.2477  1.9409  0.354596  962.027
0.618927  1.21017e+15  156.642  12.2176  1.95453  0.362961  968.972
0.632226  1.2423e+15  163.71  12.1866  1.96715  0.371297  975.807
0.645713  1.27517e+15  170.962  12.1547  1.9788  0.3796  982.546
0.659391  1.30878e+15  178.399  12.1219  1.98952  0.38787  989.204
0.67326  1.34314e+15  186.023  12.0882  1.99936  0.396103  995.793
0.687323  1.37826e+15  193.833  12.0542  2.00836  0.404297  1002.25
0.70158  1.41416e+15  201.832  12.0194  2.01655  0.412451  1008.67
0.716033  1.45086e+15  210.022  11.9843  2.02398  0.420564  1014.97
0.730683  1.48836e+15  218.403  11.9488  2.03068  0.428634  1021.18
0.745532  1.52667e+15  226.976  11.9128  2.03669  0.43666  1027.33
0.76058  1.56581e+15  235.745  11.8765  2.04205  0.444642  1033.4
0.77583  1.60579e+15  244.709  11.8398  2.04678  0.452577  1039.4
0.791282  1.64662e+15  253.872  11.8032  2.05092  0.460466  1045.3
0.806938  1.68832e+15  263.233  11.7663  2.05449  0.468307  1051.14
0.822799  1.73089e+15  272.795  11.7294  2.05754  0.476101  1056.88
0.838866  1.77436e+15  282.561  11.6922  2.06008  0.483846  1062.59
0.855141  1.81873e+15  292.53  11.6553  2.06214  0.491543  1068.18
0.871626  1.86401e+15  302.706  11.6181  2.06375  0.499192  1073.73
0.888321  1.91023e+15  313.089  11.5808  2.06493  0.506791  1079.22
0.905228  1.95738e+15  323.683  11.5439  2.06571  0.514341  1084.6
0.922348  2.0055e+15  334.488  11.507  2.06611  0.521843  1089.93
0.939682  2.05458e+15  345.507  11.4701  2.06614  0.529295  1095.21
0.957232  2.10464e+15  356.742  11.4335  2.06583  0.536698  1100.39
