0.144666  2.4562e+14  1.88817  19.5821  0.150759  0.0277812  132.624
0.149734  2.54352e+14  2.15668  17.8736  0.165783  0.0296686  159.484
0.15492  2.63302e+14  2.4566  16.6017  0.182722  0.0317017  187.041
0.160223  2.72476e+14  2.7906  15.6439  0.201581  0.033886  214.77
0.165647  2.81878e+14  3.16158  14.9162  0.22236  0.0362269  242.274
0.171191  2.91514e+14  3.57263  14.3593  0.245062  0.0387301  269.282
0.176858  3.01387e+14  4.02702  13.9313  0.269685  0.0414013  295.602
0.182648  3.11504e+14  4.52827  13.602  0.296224  0.0442462  321.122
0.188564  3.2187e+14  5.08012  13.3495  0.324667  0.0472706  345.769
0.194605  3.3249e+14  5.68649  13.157  0.354994  0.0504801  369.524
0.200775  3.43371e+14  6.35155  13.012  0.38718  0.0538803  392.381
0.207073  3.54518e+14  7.07966  12.9045  0.421183  0.0574765  414.373
0.213502  3.65938e+14  7.87536  12.8268  0.456953  0.0612735  435.536
0.220063  3.77637e+14  8.74337  12.7734  0.494427  0.0652758  455.89
0.226757  3.89623e+14  9.68855  12.7391  0.533525  0.0694874  475.484
0.233585  4.01902e+14  10.7159  12.7199  0.574154  0.0739115  494.373
0.240548  4.14482e+14  11.8305  12.7128  0.616205  0.0785506  512.586
0.247649  4.27371e+14  13.0374  12.7152  0.659555  0.0834062  530.162
0.254888  4.40577e+14  14.3418  12.7246  0.704068  0.0884791  547.15
0.262267  4.54107e+14  15.7488  12.7397  0.749593  0.093769  563.561
0.269787  4.6797e+14  17.2636  12.7583  0.795969  0.0992746  579.463
0.27745  4.82176e+14  18.891  12.7796  0.843026  0.104993  594.858
0.285256  4.96733e+14  20.6359  12.8023  0.890587  0.110922  609.779
0.293207  5.11649e+14  22.503  12.8253  0.938471  0.117056  624.272
0.301304  5.26936e+14  24.4968  12.8484  0.986494  0.123389  638.325
0.309549  5.42602e+14  26.6215  12.8702  1.03447  0.129916  651.999
0.317944  5.58656e+14  28.8813  12.8906  1.08223  0.136629  665.3
0.326489  5.75111e+14  31.2798  12.9095  1.1296  0.14352  678.211
0.335185  5.91974e+14  33.8207  12.9257  1.17641  0.150581  690.817
0.344034  6.09257e+14  36.5072  12.9399  1.22251  0.157801  703.065
0.353038  6.26971e+14  39.3422  12.9514  1.26776  0.165172  715.004
0.362198  6.45126e+14  42.3287  12.96  1.31204  0.172683  726.661
0.371515  6.63732e+14  45.4691  12.9659  1.35522  0.180324  738.017
0.38099  6.82801e+14  48.7656  12.9686  1.39721  0.188085  749.133
0.390625  7.02344e+14  52.2205  12.9689  1.43792  0.195955  759.943
0.400421  7.22372e+14  55.8354  12.9659  1.47729  0.203925  770.539
0.410379  7.42895e+14  59.6123  12.9603  1.51525  0.211983  780.884
0.420502  7.63926e+14  63.5526  12.952  1.55177  0.220121  790.995
0.430789  7.85475e+14  67.6577  12.9411  1.58682  0.228329  800.89
0.441243  8.07554e+14  71.9289  12.9278  1.62036  0.236598  810.56
0.451864  8.30174e+14  76.3675  12.9119  1.65241  0.244918  820.053
0.462655  8.53346e+14  80.9745  12.8939  1.68295  0.253282  829.332
0.473616  8.77083e+14  85.751  12.8738  1.712  0.261682  838.417
0.484748  9.01396e+14  90.698  12.8513  1.73957  0.270109  847.356
0.496054  9.26295e+14  95.8165  12.8274  1.76569  0.278558  856.083
0.507535  9.51794e+14  101.107  12.8017  1.79038  0.287021  864.645
0.519191  9.77903e+14  106.572  12.7742  1.81368  0.295492  873.061
0.531024  1.00463e+15  112.21  12.7453  1.83563  0.303966  881.32
0.543035  1.032e+15  118.024  12.7149  1.85625  0.312438  889.439
0.555227  1.06001e+15  124.014  12.6833  1.8756  0.320901  897.406
0.567599  1.08868e+15  130.181  12.6508  1.89371  0.329353  905.204
0.580154  1.11802e+15  136.527  12.6171  1.91064  0.337788  912.882
0.592893  1.14804e+15  143.051  12.5823  1.92641  0.346204  920.454
0.605817  1.17875e+15  149.756  12.5468  1.94109  0.354596  927.871
0.618927  1.21017e+15  156.642  12.5105  1.95471  0.362961  935.18
0.632226  1.2423e+15  163.71  12.4736  1.96732  0.371297  942.359
0.645713  1.27517e+15  170.962  12.4361  1.97897  0.3796  949.422
0.659391  1.30878e+15  178.399  12.398  1.98968  0.38787  956.381
0.67326  1.34314e+15  186.023  12.3596  1.99952  0.396103  963.212
0.687323  1.37826e+15  193.833  12.3206  2.00851  0.404297  969.961
0.70158  1.41416e+15  201.832  12.2814  2.0167  0.412451  976.603
0.716033  1.45086e+15  210.022  12.2421  2.02412  0.420564  983.111
0.730683  1.48836e+15  218.403  12.2022  2.03082  0.428634  989.567
0.745532  1.52667e+15  226.976  12.1623  2.03683  0.43666  995.906
0.76058  1.56581e+15  235.745  12.1225  2.04218  0.444642  1002.14
0.77583  1.60579e+15  244.709  12.0823  2.04691  0.452577  1008.3
0.791282  1.64662e+15  253.872  12.0421  2.05104  0.460466  1014.37
0.806938  1.68832e+15  263.233  12.0023  2.05461  0.468307  1020.32
0.822799  1.73089e+15  272.795  11.9621  2.05766  0.476101  1026.22
0.838866  1.77436e+15  282.561  11.9222  2.06019  0.483846  1032.01
0.855141  1.81873e+15  292.53  11.8821  2.06225  0.491543  1037.77
0.871626  1.86401e+15  302.706  11.8425  2.06386  0.499192  1043.38
0.888321  1.91023e+15  313.089  11.8026  2.06504  0.506791  1048.97
0.905228  1.95738e+15  323.683  11.7634  2.06582  0.514341  1054.43
0.922348  2.0055e+15  334.488  11.7241  2.06621  0.521843  1059.83
0.939682  2.05458e+15  345.507  11.6848  2.06624  0.529295  1065.19
0.957232  2.10464e+15  356.742  11.6461  2.06593  0.536698  1070.42
