0.144166  137.562  2.04778  18.1976 0.161912
0.14567  139.02  2.15413  17.6131 0.16837
0.147186  140.489  2.26629  17.0866 0.175257
0.148711  141.969  2.38448  16.6129 0.182583
0.150247  143.461  2.5089  16.187 0.190361
0.151794  144.965  2.63976  15.8049 0.198598
0.153352  146.48  2.77727  15.4623 0.207305
0.15492  148.006  2.92163  15.156 0.216488
0.156498  149.545  3.07305  14.882 0.226155
0.158087  151.096  3.23174  14.6377 0.236311
0.159687  152.659  3.3979  14.4204 0.246961
0.161298  154.234  3.57172  14.2272 0.258109
0.16292  155.821  3.7534  14.0563 0.269755
0.164552  157.421  3.94315  13.905 0.281903
0.166196  159.033  4.14114  13.7724 0.294552
0.16785  160.658  4.34756  13.6561 0.3077
0.169515  162.296  4.5626  13.5548 0.321345
0.171191  163.947  4.78644  13.4668 0.335484
0.172878  165.611  5.01924  13.3915 0.350111
0.174576  167.289  5.26118  13.3271 0.365222
0.176285  168.979  5.51242  13.2731 0.380807
0.178006  170.683  5.77312  13.2279 0.39686
0.179737  172.401  6.04343  13.1912 0.41337
0.18148  174.133  6.32349  13.162 0.430326
0.183234  175.878  6.61346  13.1399 0.447718
0.184999  177.637  6.91346  13.1236 0.465532
0.186776  179.411  7.22362  13.113 0.483755
0.188564  181.199  7.54408  13.1071 0.502372
0.190363  183.002  7.87493  13.1059 0.521368
0.192173  184.819  8.21631  13.1089 0.540727
0.193995  186.651  8.56831  13.1153 0.560431
0.195829  188.497  8.93103  13.1251 0.580465
0.197674  190.359  9.30456  13.1375 0.600808
0.199531  192.236  9.689  13.1529 0.621444
0.201399  194.129  10.0844  13.17 0.642354
0.203279  196.037  10.4909  13.1895 0.663517
0.20517  197.961  10.9085  13.2104 0.684916
0.207073  199.9  11.3374  13.2329 0.70653
0.208988  201.856  11.7774  13.2568 0.728341
0.210915  203.827  12.2288  13.2816 0.750327
0.212854  205.815  12.6916  13.3076 0.77247
0.214804  207.819  13.1657  13.3339 0.79475
0.216766  209.84  13.6513  13.3611 0.817148
0.21874  211.878  14.1484  13.3888 0.839645
0.220726  213.932  14.657  13.4166 0.862221
0.222724  216.004  15.1771  13.4449 0.884858
0.224734  218.093  15.7088  13.473 0.907539
0.226757  220.199  16.2521  13.5013 0.930244
0.228791  222.323  16.8069  13.5297 0.952958
0.230837  224.464  17.3733  13.5577 0.975662
0.232896  226.623  17.9514  13.5855 0.998341
0.234966  228.8  18.5411  13.613 1.02098
0.237049  230.996  19.1423  13.6404 1.04356
0.239145  233.209  19.7552  13.6673 1.06607
0.241252  235.441  20.3797  13.6936 1.08849
0.243372  237.692  21.0158  13.7196 1.11081
0.245504  239.961  21.6634  13.745 1.13302
0.247649  242.25  22.3227  13.7701 1.15511
0.249806  244.557  22.9935  13.7943 1.17706
0.251976  246.884  23.6758  13.8182 1.19886
0.254158  249.23  24.3696  13.8413 1.2205
0.256353  251.596  25.075  13.864 1.24197
0.25856  253.981  25.7918  13.8858 1.26327
0.26078  256.386  26.5201  13.9071 1.28437
0.263013  258.812  27.2599  13.9278 1.30529
0.265258  261.257  28.011  13.9476 1.326
0.267516  263.723  28.7735  13.9671 1.34649
0.269787  266.209  29.5475  13.9857 1.36678
0.272071  268.716  30.3327  14.0034 1.38684
0.274367  271.243  31.1293  14.0205 1.40667
0.276677  273.792  31.9372  14.0371 1.42627
0.278999  276.362  32.7564  14.053 1.44563
0.281335  278.952  33.5868  14.0684 1.46475
0.283683  281.565  34.4285  14.0828 1.48362
0.286044  284.199  35.2814  14.0967 1.50225
0.288419  286.854  36.1456  14.1097 1.52062
0.290806  289.531  37.021  14.1224 1.53874
0.293207  292.231  37.9075  14.1342 1.55661
0.295621  294.952  38.8053  14.1454 1.57422
0.298048  297.696  39.7142  14.1561 1.59158
0.300488  300.463  40.6344  14.1661 1.60867
0.302941  303.252  41.5658  14.1756 1.62551
0.305408  306.063  42.5083  14.1844 1.64209
0.307889  308.898  43.4622  14.1927 1.65841
0.310382  311.756  44.4272  14.2001 1.67447
0.312889  314.636  45.4036  14.2072 1.69027
0.31541  317.541  46.3913  14.2137 1.70582
0.317944  320.469  47.3903  14.2196 1.72112
0.320491  323.42  48.4007  14.2252 1.73616
0.323052  326.396  49.4226  14.2299 1.75095
0.325627  329.395  50.456  14.2343 1.76549
0.328216  332.419  51.5009  14.2382 1.77978
0.330818  335.466  52.5575  14.2417 1.79383
0.333433  338.539  53.6257  14.2444 1.80764
0.336063  341.636  54.7058  14.2467 1.8212
0.338706  344.757  55.7978  14.2488 1.83453
0.341363  347.904  56.9017  14.2503 1.84762
0.344034  351.076  58.0177  14.2515 1.86047
0.346719  354.273  59.1459  14.2521 1.8731
0.349418  357.495  60.2864  14.2521 1.8855
0.352131  360.743  61.4393  14.2518 1.89768
0.354858  364.017  62.6047  14.2512 1.90964
0.357599  367.317  63.7828  14.2503 1.92138
0.360354  370.643  64.9737  14.2488 1.9329
0.363123  373.995  66.1776  14.247 1.94422
0.365906  377.373  67.3945  14.2447 1.95532
0.368703  380.778  68.6247  14.2423 1.96622
0.371515  384.21  69.8682  14.2394 1.97691
0.374341  387.668  71.1253  14.2361 1.9874
0.377181  391.154  72.396  14.2326 1.9977
0.380035  394.667  73.6805  14.2284 2.0078
0.382904  398.207  74.9791  14.2243 2.01771
0.385787  401.775  76.2917  14.2199 2.02744
0.388685  405.371  77.6186  14.2148 2.03697
0.391597  408.995  78.9599  14.2098 2.04633
0.394524  412.647  80.3158  14.2042 2.0555
0.397465  416.327  81.6864  14.1983 2.06449
0.400421  420.035  83.0719  14.1924 2.07331
0.403391  423.773  84.4723  14.1862 2.08195
0.406376  427.539  85.8879  14.1794 2.09043
0.409376  431.334  87.3187  14.1726 2.09873
0.412391  435.159  88.7649  14.1655 2.10687
0.41542  439.013  90.2267  14.1581 2.11484
0.418464  442.896  91.704  14.1505 2.12266
0.421523  446.809  93.1971  14.1425 2.13031
0.424597  450.752  94.706  14.1345 2.1378
0.427685  454.726  96.2309  14.1262 2.14514
0.430789  458.73  97.7718  14.1177 2.15233
0.433907  462.764  99.3289  14.1088 2.15936
0.437041  466.829  100.902  14.1 2.16625
0.44019  470.925  102.492  14.0908 2.17298
0.443353  475.052  104.098  14.0814 2.17957
0.446532  479.21  105.721  14.0716 2.18602
0.449726  483.4  107.36  14.0619 2.19232
0.452935  487.621  109.016  14.0518 2.19849
0.45616  491.875  110.688  14.0418 2.20451
0.4594  496.16  112.377  14.0314 2.2104
0.462655  500.478  114.083  14.0211 2.21616
0.465925  504.828  115.806  14.0105 2.22178
0.469211  509.211  117.546  13.9995 2.22727
0.472512  513.627  119.303  13.9886 2.23263
0.475828  518.075  121.077  13.9774 2.23786
0.47916  522.557  122.868  13.9662 2.24296
0.482508  527.073  124.676  13.9547 2.24794
0.485871  531.622  126.501  13.9431 2.2528
0.48925  536.205  128.343  13.9316 2.25754
0.492644  540.822  130.203  13.9198 2.26215
0.496054  545.473  132.08  13.9077 2.26665
0.49948  550.159  133.974  13.8956 2.27103
0.502921  554.879  135.885  13.8835 2.2753
0.506379  559.634  137.814  13.8711 2.27945
0.509852  564.424  139.76  13.8587 2.2835
0.513341  569.25  141.724  13.8463 2.28743
0.516845  574.11  143.705  13.8336 2.29125
0.520366  579.007  145.704  13.8209 2.29497
0.523903  583.939  147.72  13.8082 2.29858
0.527455  588.907  149.753  13.7955 2.30209
0.531024  593.912  151.804  13.7825 2.30549
0.534608  598.953  153.872  13.7692 2.3088
0.538209  604.03  155.959  13.7562 2.312
0.541826  609.145  158.062  13.7429 2.31511
0.545459  614.296  160.184  13.7296 2.31812
0.549109  619.485  162.322  13.7163 2.32104
0.552774  624.711  164.479  13.703 2.32387
0.556456  629.975  166.653  13.6895 2.3266
0.560154  635.276  168.845  13.6759 2.32924
0.563869  640.616  171.055  13.6623 2.33179
0.567599  645.994  173.283  13.6487 2.33426
0.571347  651.41  175.528  13.6351 2.33664
0.57511  656.865  177.791  13.6212 2.33893
0.578891  662.358  180.072  13.6077 2.34114
0.582687  667.891  182.371  13.5938 2.34327
0.586501  673.463  184.687  13.5799 2.34532
0.590331  679.075  187.022  13.566 2.34729
0.594177  684.726  189.374  13.5521 2.34918
0.59804  690.417  191.745  13.538 2.35099
0.60192  696.148  194.133  13.5241 2.35273
0.605817  701.919  196.54  13.5102 2.35439
0.609731  707.731  198.964  13.496 2.35599
0.613661  713.583  201.407  13.4818 2.3575
0.617608  719.476  203.867  13.468 2.35895
0.621572  725.41  206.346  13.4538 2.36033
0.625553  731.386  208.843  13.4396 2.36164
0.629551  737.403  211.358  13.4254 2.36289
0.633566  743.462  213.891  13.4113 2.36407
0.637598  749.562  216.443  13.3971 2.36518
0.641647  755.705  219.013  13.3829 2.36623
0.645713  761.89  221.601  13.3687 2.36722
0.649796  768.117  224.207  13.3546 2.36814
0.653897  774.388  226.832  13.3404 2.36901
0.658014  780.701  229.476  13.3262 2.36982
0.662149  787.057  232.137  13.3117 2.37057
0.666301  793.456  234.818  13.2976 2.37126
0.670471  799.899  237.516  13.2834 2.37189
0.674658  806.386  240.234  13.2692 2.37247
0.678862  812.917  242.97  13.255 2.373
0.683084  819.492  245.724  13.2409 2.37347
0.687323  826.111  248.498  13.2267 2.37389
0.69158  832.775  251.29  13.2125 2.37426
0.695854  839.483  254.101  13.1983 2.37458
0.700146  846.237  256.93  13.1842 2.37485
0.704455  853.036  259.779  13.17 2.37507
0.708782  859.88  262.646  13.1558 2.37525
0.713127  866.77  265.532  13.1416 2.37537
0.717489  873.705  268.437  13.1275 2.37546
0.721869  880.687  271.362  13.1133 2.37549
0.726267  887.715  274.305  13.0994 2.37548
0.730683  894.789  277.267  13.0852 2.37543
0.735117  901.91  280.249  13.0713 2.37534
0.739568  909.077  283.25  13.0572 2.3752
0.744038  916.292  286.27  13.0433 2.37503
0.748525  923.554  289.309  13.0291 2.37481
0.753031  930.864  292.368  13.0152 2.37455
0.757554  938.221  295.446  13.0014 2.37426
0.762096  945.626  298.543  12.9872 2.37393
0.766656  953.08  301.66  12.9733 2.37356
0.771234  960.581  304.796  12.9594 2.37315
0.77583  968.132  307.952  12.9458 2.37271
0.780444  975.731  311.128  12.932 2.37223
0.785077  983.379  314.323  12.9181 2.37172
0.789727  991.076  317.538  12.9042 2.37118
0.794397  998.822  320.773  12.8906 2.3706
0.799084  1006.62  324.028  12.8767 2.36999
0.80379  1014.46  327.302  12.8631 2.36934
0.808514  1022.36  330.597  12.8496 2.36867
0.813257  1030.31  333.911  12.836 2.36797
0.818019  1038.3  337.246  12.8224 2.36723
0.822799  1046.35  340.6  12.8088 2.36647
0.827597  1054.45  343.975  12.7952 2.36568
0.832414  1062.6  347.37  12.7816 2.36486
0.83725  1070.8  350.785  12.7683 2.36401
0.842104  1079.05  354.22  12.7548 2.36313
0.846978  1087.36  357.676  12.7415 2.36223
0.85187  1095.71  361.152  12.7282 2.3613
0.85678  1104.12  364.649  12.7149 2.36035
0.86171  1112.58  368.166  12.7016 2.35937
0.866659  1121.1  371.704  12.6883 2.35837
0.871626  1129.66  375.263  12.675 2.35734
0.876612  1138.28  378.842  12.6617 2.35629
0.881618  1146.95  382.442  12.6487 2.35522
0.886642  1155.68  386.063  12.6357 2.35412
0.891685  1164.46  389.704  12.6225 2.35301
0.896748  1173.3  393.367  12.6095 2.35187
0.901829  1182.18  397.051  12.5965 2.35071
0.90693  1191.13  400.755  12.5835 2.34953
0.91205  1200.12  404.481  12.5708 2.34833
0.917189  1209.18  408.228  12.5578 2.34711
0.922348  1218.28  411.996  12.5451 2.34587
0.927525  1227.44  415.786  12.5321 2.34461
0.932723  1236.66  419.597  12.5194 2.34333
0.937939  1245.94  423.429  12.5067 2.34204
0.943175  1255.27  427.283  12.494 2.34072
0.94843  1264.65  431.158  12.4813 2.33939
0.953705  1274.09  435.055  12.4689 2.33804
0.958999  1283.59  438.974  12.4562 2.33668
0.964313  1293.15  442.914  12.4438 2.3353
0.969647  1302.76  446.876  12.4314 2.3339
