0.147186  140.49  1.95485  19.2661 0.144354
0.148711  141.967  2.05819  18.4796 0.150312
0.150247  143.455  2.1667  17.7865 0.15665
0.151794  144.955  2.28057  17.1749 0.163375
0.153352  146.466  2.39995  16.6344 0.170493
0.15492  147.989  2.52503  16.1566 0.178009
0.156498  149.524  2.65598  15.7334 0.185928
0.158087  151.07  2.79298  15.3586 0.194254
0.159687  152.628  2.93619  15.0267 0.202992
0.161298  154.198  3.08581  14.7322 0.212144
0.16292  155.78  3.24201  14.4718 0.221714
0.164552  157.374  3.40497  14.2408 0.231704
0.166196  158.98  3.57486  14.0368 0.242115
0.16785  160.599  3.75186  13.8563 0.252949
0.169515  162.23  3.93615  13.6974 0.264205
0.171191  163.874  4.12791  13.5574 0.275885
0.172878  165.531  4.32731  13.4346 0.287986
0.174576  167.2  4.53452  13.3271 0.300507
0.176285  168.883  4.74972  13.2335 0.313445
0.178006  170.578  4.97308  13.1523 0.326797
0.179737  172.287  5.20477  13.0823 0.34056
0.18148  174.009  5.44496  13.0226 0.354728
0.183234  175.745  5.6938  12.9721 0.369296
0.184999  177.494  5.95147  12.9299 0.384258
0.186776  179.257  6.21812  12.8953 0.399607
0.188564  181.033  6.49391  12.8676 0.415335
0.190363  182.824  6.779  12.8457 0.431434
0.192173  184.629  7.07353  12.8298 0.447894
0.193995  186.448  7.37766  12.8185 0.464707
0.195829  188.281  7.69152  12.812 0.481861
0.197674  190.129  8.01526  12.8094 0.499346
0.199531  191.992  8.34902  12.8106 0.51715
0.201399  193.869  8.69292  12.815 0.535262
0.203279  195.762  9.0471  12.8224 0.553667
0.20517  197.669  9.41169  12.8327 0.572354
0.207073  199.592  9.78679  12.8451 0.591308
0.208988  201.53  10.1725  12.8599 0.610517
0.210915  203.483  10.569  12.8761 0.629965
0.212854  205.452  10.9764  12.8944 0.649639
0.214804  207.437  11.3947  12.9139 0.669523
0.216766  209.438  11.8241  12.9349 0.689602
0.21874  211.455  12.2646  12.9568 0.709862
0.220726  213.489  12.7163  12.9798 0.730287
0.222724  215.539  13.1794  13.0034 0.750862
0.224734  217.605  13.6539  13.0276 0.77157
0.226757  219.688  14.1399  13.0524 0.792398
0.228791  221.788  14.6374  13.0778 0.81333
0.230837  223.905  15.1466  13.1032 0.834349
0.232896  226.039  15.6674  13.1292 0.855442
0.234966  228.19  16.2  13.1552 0.876593
0.237049  230.359  16.7443  13.1812 0.897788
0.239145  232.546  17.3005  13.2069 0.919011
0.241252  234.75  17.8686  13.2329 0.94025
0.243372  236.972  18.4486  13.2586 0.961488
0.245504  239.213  19.0406  13.284 0.982714
0.247649  241.472  19.6445  13.3094 1.00391
0.249806  243.749  20.2605  13.3342 1.02507
0.251976  246.044  20.8885  13.359 1.04618
0.254158  248.359  21.5286  13.3832 1.06722
0.256353  250.692  22.1808  13.4068 1.08819
0.25856  253.045  22.845  13.4302 1.10907
0.26078  255.416  23.5214  13.4532 1.12985
0.263013  257.807  24.2099  13.4753 1.15052
0.265258  260.218  24.9106  13.4972 1.17107
0.267516  262.648  25.6233  13.5185 1.19149
0.269787  265.098  26.3482  13.5394 1.21177
0.272071  267.568  27.0853  13.5595 1.23191
0.274367  270.059  27.8344  13.579 1.25189
0.276677  272.569  28.5957  13.5982 1.27171
0.278999  275.101  29.3692  13.6165 1.29136
0.281335  277.652  30.1547  13.6342 1.31083
0.283683  280.225  30.9524  13.6517 1.33011
0.286044  282.818  31.7621  13.6682 1.34921
0.288419  285.433  32.584  13.6841 1.36811
0.290806  288.069  33.418  13.6995 1.38681
0.293207  290.727  34.264  13.7143 1.40531
0.295621  293.406  35.1222  13.7284 1.42359
0.298048  296.106  35.9925  13.742 1.44166
0.300488  298.829  36.8748  13.7547 1.45952
0.302941  301.574  37.7692  13.7671 1.47716
0.305408  304.341  38.6758  13.7789 1.49457
0.307889  307.13  39.5944  13.7902 1.51176
0.310382  309.942  40.5252  13.8005 1.52872
0.312889  312.777  41.468  13.8105 1.54546
0.31541  315.634  42.4231  13.82 1.56196
0.317944  318.515  43.3903  13.8289 1.57824
0.320491  321.418  44.3697  13.8371 1.59428
0.323052  324.345  45.3613  13.8448 1.61009
0.325627  327.296  46.3651  13.8522 1.62568
0.328216  330.27  47.3813  13.859 1.64102
0.330818  333.268  48.4098  13.8649 1.65614
0.333433  336.29  49.4507  13.8708 1.67103
0.336063  339.336  50.504  13.8758 1.68569
0.338706  342.407  51.5699  13.8805 1.70012
0.341363  345.502  52.6483  13.8847 1.71432
0.344034  348.622  53.7394  13.8885 1.7283
0.346719  351.766  54.8432  13.8918 1.74205
0.349418  354.935  55.9599  13.8944 1.75558
0.352131  358.13  57.0894  13.8968 1.76889
0.354858  361.349  58.2319  13.8985 1.78197
0.357599  364.595  59.3875  13.9 1.79484
0.360354  367.866  60.5563  13.9012 1.8075
0.363123  371.162  61.7384  13.9018 1.81994
0.365906  374.485  62.9339  13.9021 1.83217
0.368703  377.833  64.1429  13.9018 1.84419
0.371515  381.208  65.3655  13.9012 1.85601
0.374341  384.61  66.6019  13.9003 1.86762
0.377181  388.038  67.8522  13.8991 1.87903
0.380035  391.493  69.1165  13.8974 1.89024
0.382904  394.975  70.3949  13.8953 1.90125
0.385787  398.484  71.6876  13.8929 1.91206
0.388685  402.02  72.9946  13.8903 1.92268
0.391597  405.584  74.3162  13.8873 1.93312
0.394524  409.176  75.6524  13.8838 1.94336
0.397465  412.795  77.0033  13.8802 1.95342
0.400421  416.443  78.3691  13.8761 1.96329
0.403391  420.118  79.7499  13.8717 1.97298
0.406376  423.823  81.1458  13.8672 1.9825
0.409376  427.555  82.557  13.8622 1.99183
0.412391  431.317  83.9835  13.8572 2.00099
0.41542  435.107  85.4254  13.8516 2.00998
0.418464  438.927  86.883  13.846 2.01879
0.421523  442.776  88.3562  13.8398 2.02744
0.424597  446.654  89.8452  13.8336 2.03592
0.427685  450.562  91.3501  13.8271 2.04423
0.430789  454.5  92.871  13.8203 2.05238
0.433907  458.468  94.408  13.8132 2.06037
0.437041  462.467  95.9611  13.8058 2.06821
0.44019  466.496  97.5305  13.7984 2.07588
0.443353  470.555  99.1163  13.7908 2.0834
0.446532  474.645  100.718  13.7828 2.09076
0.449726  478.767  102.337  13.7748 2.09798
0.452935  482.919  103.972  13.7662 2.10504
0.45616  487.103  105.624  13.7577 2.11196
0.4594  491.319  107.293  13.7491 2.11873
0.462655  495.566  108.978  13.74 2.12536
0.465925  499.845  110.68  13.7308 2.13184
0.469211  504.157  112.399  13.7216 2.13818
0.472512  508.501  114.136  13.7122 2.14438
0.475828  512.877  115.889  13.7025 2.15045
0.47916  517.286  117.659  13.6927 2.15638
0.482508  521.728  119.446  13.6827 2.16218
0.485871  526.204  121.25  13.6723 2.16784
0.48925  530.712  123.072  13.662 2.17338
0.492644  535.255  124.911  13.6517 2.17878
0.496054  539.831  126.767  13.641 2.18406
0.49948  544.44  128.64  13.6304 2.18922
0.502921  549.085  130.531  13.6195 2.19424
0.506379  553.763  132.439  13.6085 2.19915
0.509852  558.476  134.365  13.5973 2.20394
0.513341  563.224  136.308  13.5861 2.20861
0.516845  568.006  138.268  13.5746 2.21316
0.520366  572.824  140.246  13.5631 2.2176
0.523903  577.677  142.242  13.5515 2.22192
0.527455  582.566  144.255  13.5397 2.22613
0.531024  587.49  146.286  13.5279 2.23023
0.534608  592.45  148.335  13.5161 2.23422
0.538209  597.447  150.401  13.504 2.2381
0.541826  602.479  152.485  13.4919 2.24188
0.545459  607.549  154.586  13.4798 2.24555
0.549109  612.655  156.706  13.4674 2.24912
0.552774  617.798  158.843  13.455 2.25259
0.556456  622.978  160.998  13.4426 2.25596
0.560154  628.195  163.171  13.4302 2.25923
0.563869  633.45  165.361  13.4175 2.26241
0.567599  638.743  167.57  13.4048 2.26548
0.571347  644.073  169.797  13.3921 2.26847
0.57511  649.442  172.041  13.3794 2.27136
0.578891  654.849  174.304  13.3667 2.27416
0.582687  660.295  176.584  13.3537 2.27688
0.586501  665.779  178.883  13.3407 2.2795
0.590331  671.302  181.199  13.3277 2.28204
0.594177  676.865  183.534  13.3147 2.28449
0.59804  682.466  185.887  13.3014 2.28686
0.60192  688.108  188.258  13.2884 2.28914
0.605817  693.789  190.647  13.2751 2.29135
0.609731  699.51  193.054  13.2618 2.29347
0.613661  705.271  195.48  13.2485 2.29552
0.617608  711.073  197.924  13.2352 2.29749
0.621572  716.915  200.386  13.222 2.29938
0.625553  722.798  202.867  13.2087 2.3012
0.629551  728.722  205.366  13.1951 2.30294
0.633566  734.687  207.883  13.1818 2.30461
0.637598  740.693  210.419  13.1682 2.30621
0.641647  746.741  212.973  13.1549 2.30774
0.645713  752.831  215.546  13.1413 2.3092
0.649796  758.963  218.137  13.1278 2.3106
0.653897  765.137  220.747  13.1145 2.31192
0.658014  771.354  223.375  13.1009 2.31319
0.662149  777.613  226.022  13.0873 2.31439
0.666301  783.915  228.688  13.0737 2.31552
0.670471  790.259  231.372  13.0601 2.31659
0.674658  796.648  234.075  13.0465 2.31761
0.678862  803.079  236.797  13.033 2.31856
0.683084  809.555  239.538  13.0194 2.31945
0.687323  816.074  242.298  13.0058 2.32029
0.69158  822.637  245.077  12.9922 2.32107
0.695854  829.244  247.874  12.9786 2.32179
0.700146  835.896  250.691  12.9647 2.32246
0.704455  842.593  253.526  12.9511 2.32308
0.708782  849.334  256.381  12.9376 2.32364
0.713127  856.121  259.254  12.924 2.32415
0.717489  862.953  262.147  12.9104 2.32461
0.721869  869.831  265.059  12.8968 2.32502
0.726267  876.754  267.99  12.8832 2.32538
0.730683  883.723  270.941  12.8696 2.32569
0.735117  890.738  273.911  12.8561 2.32595
0.739568  897.8  276.9  12.8428 2.32617
0.744038  904.908  279.909  12.8292 2.32635
0.748525  912.063  282.937  12.8156 2.32647
0.753031  919.265  285.984  12.802 2.32656
0.757554  926.515  289.051  12.7884 2.3266
0.762096  933.811  292.138  12.7751 2.3266
0.766656  941.155  295.245  12.7615 2.32655
0.771234  948.548  298.371  12.7483 2.32647
0.77583  955.988  301.516  12.7347 2.32635
0.780444  963.476  304.682  12.7214 2.32618
0.785077  971.013  307.867  12.7078 2.32598
0.789727  978.599  311.073  12.6945 2.32574
0.794397  986.233  314.298  12.6812 2.32547
0.799084  993.917  317.543  12.6679 2.32515
0.80379  1001.65  320.808  12.6546 2.32481
0.808514  1009.43  324.093  12.6414 2.32442
0.813257  1017.27  327.399  12.6281 2.324
0.818019  1025.15  330.724  12.6148 2.32355
0.822799  1033.08  334.07  12.6015 2.32307
0.827597  1041.06  337.436  12.5885 2.32255
0.832414  1049.1  340.823  12.5752 2.322
0.83725  1057.18  344.23  12.5622 2.32142
0.842104  1065.32  347.657  12.5489 2.32081
0.846978  1073.5  351.105  12.5359 2.32017
0.85187  1081.74  354.573  12.5229 2.3195
0.85678  1090.03  358.062  12.5099 2.3188
0.86171  1098.37  361.572  12.4969 2.31807
0.866659  1106.77  365.102  12.4839 2.31732
0.871626  1115.21  368.654  12.471 2.31654
0.876612  1123.71  372.226  12.4583 2.31573
0.881618  1132.26  375.818  12.4453 2.31489
0.886642  1140.87  379.432  12.4326 2.31403
0.891685  1149.53  383.067  12.4199 2.31315
0.896748  1158.24  386.723  12.4069 2.31224
0.901829  1167  390.4  12.3942 2.3113
0.90693  1175.82  394.098  12.3815 2.31035
0.91205  1184.7  397.818  12.3688 2.30937
0.917189  1193.62  401.558  12.3564 2.30836
0.922348  1202.61  405.32  12.3437 2.30734
0.927525  1211.64  409.104  12.3313 2.30629
0.932723  1220.74  412.909  12.3186 2.30522
0.937939  1229.88  416.736  12.3062 2.30413
0.943175  1239.08  420.584  12.2938 2.30303
0.94843  1248.34  424.453  12.2814 2.3019
0.953705  1257.66  428.345  12.2689 2.30075
0.958999  1267.03  432.258  12.2565 2.29958
0.964313  1276.45  436.193  12.2441 2.29839
0.969647  1285.94  440.15  12.232 2.29719
