1.049214167802334607e+01 1.338310863016512142e+00
1.050686327167848155e+01 1.338260455274161709e+00
1.052158486533361881e+01 1.338217895386414114e+00
1.053630645898875784e+01 1.338182702284293368e+00
1.055102805264389332e+01 1.338154580546887740e+00
1.056574964629902880e+01 1.338132988259183032e+00
1.058047123995416605e+01 1.338117448350616412e+00
1.059519283360930331e+01 1.338107700919572096e+00
1.060991442726443879e+01 1.338103420999062987e+00
1.062463602091957604e+01 1.338104094660864885e+00
1.063935761457471330e+01 1.338109564080576686e+00
1.065407920822984877e+01 1.338119557985075092e+00
1.066880080188498603e+01 1.338133777123322821e+00
1.068352239554012328e+01 1.338152117021295773e+00
1.069824398919525876e+01 1.338174373331583400e+00
1.071296558285039602e+01 1.338200431747404329e+00
1.072768717650553327e+01 1.338230140221543518e+00
1.074240877016066875e+01 1.338263418323496268e+00
1.075713036381580601e+01 1.338300089963136097e+00
1.077185195747094326e+01 1.338340145346366361e+00
1.077379981446535773e+01 1.338345858381596809e+00
1.078657355112607874e+01 1.338382134216801411e+00
1.080129514478121600e+01 1.338427078598238618e+00
1.081601673843635325e+01 1.338475172398700508e+00
1.083073833209148873e+01 1.338526573813294984e+00
1.084545992574662598e+01 1.338581076263864578e+00
1.086018151940176324e+01 1.338638819716000405e+00
1.087490311305689872e+01 1.338699643549672080e+00
1.088962470671203597e+01 1.338763745248848336e+00
1.090434630036717323e+01 1.338831180417551892e+00
1.091906789402230871e+01 1.338901844703286992e+00
1.093182915525289900e+01 1.338965919408026117e+00
1.093378948767744596e+01 1.338975324884619011e+00
1.094851108133258322e+01 1.339048501848816963e+00
1.096323267498771870e+01 1.339124984831942644e+00
1.097795426864285595e+01 1.339204639516405893e+00
1.099267586229799321e+01 1.339287608276103381e+00
1.100739745595312868e+01 1.339373918754309667e+00
1.102211904960826594e+01 1.339463448805099377e+00
1.103684064326340319e+01 1.339556248425092688e+00
1.104143538189808638e+01 1.339585980434455426e+00
1.105156223691853867e+01 1.339649264840966802e+00
1.106628383057367593e+01 1.339744092992816160e+00
1.108100542422881318e+01 1.339842109219633315e+00
1.109572701788395221e+01 1.339943377766325217e+00
1.111044861153908592e+01 1.340047968662767097e+00
1.112517020519422317e+01 1.340155719749899887e+00
1.113189891895904715e+01 1.340206041460884512e+00
1.113989179884935865e+01 1.340264473611972873e+00
1.115461339250449591e+01 1.340374523623587777e+00
1.116933498615963316e+01 1.340487567219880383e+00
1.118405657981477219e+01 1.340603572157524237e+00
1.119877817346990767e+01 1.340722649975485403e+00
1.121126759208196688e+01 1.340826102487313820e+00
1.121349976712504315e+01 1.340844019790357500e+00
1.122822136078018040e+01 1.340963655838214752e+00
1.124294295443531766e+01 1.341086269315915347e+00
1.125766454809045314e+01 1.341211975836897663e+00
1.127238614174559039e+01 1.341341007464857737e+00
1.128413585681785136e+01 1.341446163513743128e+00
1.128710773540072765e+01 1.341472019156459972e+00
1.130182932905586313e+01 1.341601506376520758e+00
1.131655092271100038e+01 1.341733836671213709e+00
1.133127251636613764e+01 1.341869041418437547e+00
1.134599411002127312e+01 1.342007086970936847e+00
1.135222888683528453e+01 1.342066224540172215e+00
1.136071570367641037e+01 1.342144672529498761e+00
1.137543729733154763e+01 1.342282608671108823e+00
1.139015889098668310e+01 1.342423237525284918e+00
1.140488048464182036e+01 1.342566438618770119e+00
1.141701714837504156e+01 1.342686285566601523e+00
1.141960207829695761e+01 1.342711226732521412e+00
1.143432367195209309e+01 1.342853931372811171e+00
1.144904526560722857e+01 1.342998693043462310e+00
1.146376685926236760e+01 1.343145307282749945e+00
1.147848845291750308e+01 1.343293519493169885e+00
1.147976346477278042e+01 1.343306346593030831e+00
1.149321004657264034e+01 1.343438443914201086e+00
1.150793164022777759e+01 1.343583937162712072e+00
1.152265323388291307e+01 1.343730467230440873e+00
1.153737482753805033e+01 1.343877659784448841e+00
1.154227256357466302e+01 1.343926407619459917e+00
1.155209642119318758e+01 1.344021727209615324e+00
1.156681801484832306e+01 1.344164091785838844e+00
1.158153960850345854e+01 1.344306457011239520e+00
1.159626120215859757e+01 1.344448614972837186e+00
1.160647225812904182e+01 1.344546468645889226e+00
1.161098279581373305e+01 1.344589064231699327e+00
1.162570438946887030e+01 1.344726507842722407e+00
1.164042598312400756e+01 1.344863103008859584e+00
1.165514757677914304e+01 1.344998888204926857e+00
1.166986917043428029e+01 1.345133605301430224e+00
1.167352944854296481e+01 1.345166529672318534e+00
1.168459076408941755e+01 1.345263317525668079e+00
1.169931235774455303e+01 1.345390673256496861e+00
1.171403395139969028e+01 1.345516643811069724e+00
1.172875554505482931e+01 1.345641393986577894e+00
1.174347713870996301e+01 1.345764976951741909e+00
1.174610351511487139e+01 1.345786590698747620e+00
1.175819873236510205e+01 1.345886189489466700e+00
1.177292032602023752e+01 1.346006179133784508e+00
1.178764191967537300e+01 1.346125314136922047e+00
1.180236351333051203e+01 1.346243998358086502e+00
1.181708510698564751e+01 1.346362172677158631e+00
1.182267405251096903e+01 1.346406651725176928e+00
1.183180670064078654e+01 1.346477205487086382e+00
1.184652829429592202e+01 1.346590340682095821e+00
1.186124988795105750e+01 1.346703962835834822e+00
1.187597148160619476e+01 1.346818268427956156e+00
1.189069307526133201e+01 1.346933787779770686e+00
1.190237803012827555e+01 1.347026712751606237e+00
1.190541466891646749e+01 1.347050636056252415e+00
1.192013626257160475e+01 1.347167745428895058e+00
1.193485785622674200e+01 1.347287339071333356e+00
1.194957944988187748e+01 1.347409914687505594e+00
1.196430104353701651e+01 1.347536373941026433e+00
1.197674185279072923e+01 1.347646773778035323e+00
1.197902263719215199e+01 1.347666424666861484e+00
1.199374423084728747e+01 1.347797086279858059e+00
1.200846582450242472e+01 1.347933493933620497e+00
1.202318741815756020e+01 1.348076273367495137e+00
1.203790901181269923e+01 1.348225819856343932e+00
1.204179432816872719e+01 1.348266834804464631e+00
1.205263060546783471e+01 1.348379929193149529e+00
1.206735219912297197e+01 1.348541004659713494e+00
1.208207379277810922e+01 1.348710394158382009e+00
1.209666218336727361e+01 1.348886895830893939e+00
1.209679538643324470e+01 1.348888479677664343e+00
1.211151698008838196e+01 1.349069946903628470e+00
1.212623857374351743e+01 1.349260352447531730e+00
1.214096016739865469e+01 1.349460045193675573e+00
1.214429740264411706e+01 1.349506956857323026e+00
1.215568176105379194e+01 1.349668094818321062e+00
1.217040335470892742e+01 1.349885173761723678e+00
1.218512494836406468e+01 1.350111792999118210e+00
1.218608665455392526e+01 1.350127017883752334e+00
1.219984654201920193e+01 1.350339219917565892e+00
1.221456813567433741e+01 1.350574842798891284e+00
1.222497802896133301e+01 1.350747078910181642e+00
1.222928972932947467e+01 1.350819108402366187e+00
1.224401132298461192e+01 1.351071967800976159e+00
1.225873291663974740e+01 1.351334334838549589e+00
1.226053699839003741e+01 1.351367139936610728e+00
1.227345451029488466e+01 1.351595551431508113e+00
1.228817610395002191e+01 1.351863944769222670e+00
1.229479277485177846e+01 1.351987200963040037e+00
1.230289769760515739e+01 1.352140123548634332e+00
1.231761929126029642e+01 1.352424270929326600e+00
1.232687591107010761e+01 1.352607261989469345e+00
1.233234088491543190e+01 1.352713030383311477e+00
1.234706247857056738e+01 1.353003068469830872e+00
1.235818487860048798e+01 1.353227323015898431e+00
1.236178407222570641e+01 1.353299679343024087e+00
1.237650566588084189e+01 1.353600401999494718e+00
1.238830050876512523e+01 1.353847384042327739e+00
1.239122725953597737e+01 1.353908889098628165e+00
1.240594885319111640e+01 1.354222697349283688e+00
1.241716721734787399e+01 1.354467445068757048e+00
1.242067044684625188e+01 1.354543013272480501e+00
1.243539204050138913e+01 1.354865368955981975e+00
1.244532033912496516e+01 1.355087506095186134e+00
1.245011363415652639e+01 1.355196024504780272e+00
1.246483522781166187e+01 1.355534488208557153e+00
1.247222592366631844e+01 1.355707567121615442e+00
1.247955682146679912e+01 1.355879746847559408e+00
1.249427841512193638e+01 1.356231729856374635e+00
1.249823395145942229e+01 1.356327628148044528e+00
1.250900000877707186e+01 1.356587280790102046e+00
1.252362112561405638e+01 1.356947689174473837e+00
1.252372160243220911e+01 1.356950193373062996e+00
1.253844319608734637e+01 1.357320097276544013e+00
1.254811201785880570e+01 1.357567750200903145e+00
1.255316478974248184e+01 1.357698389747987289e+00
1.256788638339761910e+01 1.358083852019662086e+00
1.257181736121411220e+01 1.358187811227332453e+00
1.258260797705275635e+01 1.358472284103561911e+00
1.259514134173284816e+01 1.358807872253761539e+00
1.259732957070789183e+01 1.358867205142324508e+00
1.261205116436303086e+01 1.359268274331910442e+00
1.261786611253970847e+01 1.359427933280190626e+00
1.262677275801816634e+01 1.359670830332644798e+00
1.264041739402769693e+01 1.360047994306619934e+00
1.264149435167330182e+01 1.360078101200635325e+00
1.265621594532844085e+01 1.360490712648472211e+00
1.266249168316359430e+01 1.360668055333049242e+00
1.267093753898357633e+01 1.360909329904457898e+00
1.268405124318408994e+01 1.361288116359478551e+00
1.268565913263871181e+01 1.361333654049079911e+00
1.270038072629384729e+01 1.361751269433904676e+00
1.270586870201588070e+01 1.361908177385907859e+00
1.271510231994898632e+01 1.362177563049890683e+00
1.272703379687309067e+01 1.362528238412337167e+00
1.272982391360412180e+01 1.362608458301541869e+00
1.274454550725925728e+01 1.363033387273969277e+00
1.274850179964123065e+01 1.363148299438766253e+00
1.275926710091439631e+01 1.363470902446414001e+00
1.276910880739420762e+01 1.363768360465195340e+00
1.277398869456953179e+01 1.363913765427278380e+00
1.278871028822466904e+01 1.364356408137416654e+00
1.278977025653354538e+01 1.364388421491624870e+00
1.280343188187980630e+01 1.364808602974278529e+00
1.280984801637720061e+01 1.365008482518053956e+00
1.281815347553494178e+01 1.365275499847488749e+00
1.282898206606474645e+01 1.365628543544483042e+00
1.283287506919007726e+01 1.365752531938688952e+00
1.284759666284521629e+01 1.366228713991271659e+00
1.284820477649668291e+01 1.366248604570912351e+00
1.286231825650035177e+01 1.366725154511543749e+00
1.286649851119442900e+01 1.366868665597341659e+00
1.287703985015549080e+01 1.367224313502076516e+00
1.288472792838993186e+01 1.367488726623770745e+00
1.289176144381062628e+01 1.367742293527699493e+00
1.290171757750344916e+01 1.368108787650200053e+00
1.290648303746576175e+01 1.368284777853068679e+00
1.291826107733260898e+01 1.368728848676629362e+00
1.292120463112090079e+01 1.368841029736935999e+00
1.293427475367524693e+01 1.369348909703058448e+00
1.293592622477603626e+01 1.369411849662819147e+00
1.295021992823503787e+01 1.369968970729487756e+00
1.295064781843117174e+01 1.369986152156847714e+00
1.296535180310982405e+01 1.370589031755917064e+00
1.296536941208631077e+01 1.370589741233218417e+00
1.298009100574144625e+01 1.371194942636469127e+00
1.298042819385592139e+01 1.371209092782346151e+00
1.299447939608415759e+01 1.371829153808775459e+00
1.299481259939658173e+01 1.371843718053265437e+00
1.300840435586477106e+01 1.372449214835204767e+00
1.300953419305172076e+01 1.372501422484071920e+00
1.302159212410551348e+01 1.373069275861633853e+00
1.302425578670685624e+01 1.373198387728088887e+00
1.303421533310206826e+01 1.373689336888063162e+00
1.303897738036199172e+01 1.373928404080988042e+00
1.304644520223872561e+01 1.374309397914492470e+00
1.305369897401713075e+01 1.374669689092808067e+00
1.305885279284165534e+01 1.374929458940921556e+00
1.306842056767226623e+01 1.375432209100758252e+00
1.307062513053881148e+01 1.375549519967350864e+00
1.308233757077856119e+01 1.376169580993780173e+00
1.308314216132740349e+01 1.376211621738901769e+00
1.309408349099535940e+01 1.376789642020209259e+00
1.309786375498254074e+01 1.376997874836357383e+00
1.310526648241764391e+01 1.377409703046638567e+00
1.311258534863767622e+01 1.377820483595533219e+00
1.311628523700205307e+01 1.378029764073067875e+00
1.312697656192593243e+01 1.378649825099496962e+00
1.312730694229281347e+01 1.378668613827647604e+00
1.313781895832727642e+01 1.379269886125926270e+00
1.314202853594795073e+01 1.379514559063768520e+00
1.314846716789578096e+01 1.379889947152355578e+00
1.315675012960308621e+01 1.380389105732055199e+00
1.315874956951242680e+01 1.380510008178784664e+00
1.316885103126070788e+01 1.381130069205213973e+00
1.317147172325822524e+01 1.381296278628346030e+00
1.317862584005074567e+01 1.381750130231643281e+00
1.318619331691336072e+01 1.382241460825723856e+00
1.318817505677443336e+01 1.382370191258072367e+00
1.319793746373414223e+01 1.382990252284501675e+00
1.320091491056849620e+01 1.383179767268709615e+00
1.320769051550282569e+01 1.383610313310930984e+00
1.321563650422363345e+01 1.384149444775978566e+00
1.321683408438917695e+01 1.384230374337360070e+00
1.322649889289922776e+01 1.384850435363789378e+00
1.323035809787877071e+01 1.385115963024057262e+00
1.323552593148419732e+01 1.385470496390218686e+00
1.324446148376040000e+01 1.386090557416647773e+00
1.324507969153390619e+01 1.386132963235598980e+00
1.325354974644044503e+01 1.386710618443077081e+00
1.325980128518904522e+01 1.387162566141382225e+00
1.326213783059342965e+01 1.387330679469506389e+00
1.327100607958845302e+01 1.387950740495935698e+00
1.327452287884418070e+01 1.388200505876344693e+00
1.327976375380178098e+01 1.388570801522364784e+00
1.328831007131691955e+01 1.389190862548794092e+00
1.328924447249931617e+01 1.389260798522107265e+00
1.329663566706923206e+01 1.389810923575223178e+00
1.330396606615445343e+01 1.390362158520404456e+00
1.330488701825754205e+01 1.390430984601652487e+00
1.331290268005582078e+01 1.391051045628081795e+00
1.331868765980959068e+01 1.391510154816223643e+00
1.332072799939792418e+01 1.391671106654510659e+00
1.332844791402495233e+01 1.392291167680940189e+00
1.333340925346472794e+01 1.392700643798688631e+00
1.333597733010847186e+01 1.392911228707369276e+00
1.334355312523696035e+01 1.393531289733798584e+00
1.334813084711986164e+01 1.393925073145527049e+00
1.335077809372619662e+01 1.394151350760227892e+00
1.335803725801064346e+01 1.394771411786657200e+00
1.336285244077500067e+01 1.395195648474546246e+00
1.336508826389049887e+01 1.395391472813086065e+00
1.337189543948690584e+01 1.396011533839515595e+00
1.337757403443013615e+01 1.396550230676030013e+00
1.337843706053037174e+01 1.396631594865944681e+00
1.338495892732196602e+01 1.397251655892373989e+00
1.339111343445893887e+01 1.397871716918803298e+00
1.339229562808527163e+01 1.397986523126410585e+00
1.339753609426709602e+01 1.398491777945232606e+00
1.340329546425857288e+01 1.399111838971661692e+00
1.340701722174041066e+01 1.399491059354907030e+00
1.340939881771200604e+01 1.399731899998091000e+00
1.341498524056236796e+01 1.400351961024520087e+00
1.342075308943020850e+01 1.400972022050949395e+00
1.342173881539554614e+01 1.401079355617977473e+00
1.342648620983130492e+01 1.401592083077378703e+00
1.343216193381529777e+01 1.402212144103808011e+00
1.343646040905068517e+01 1.402716166735740178e+00
1.343746007595295033e+01 1.402832205130237098e+00
1.344302940232738308e+01 1.403452266156666406e+00
1.344810918177113379e+01 1.404072327183095492e+00
1.345118200270582065e+01 1.404450826151402598e+00
1.345316226492533040e+01 1.404692388209524800e+00
1.345804785788773117e+01 1.405312449235954109e+00
1.346289001919022255e+01 1.405932510262383417e+00
1.346590359636095613e+01 1.406328710742531074e+00
1.346762581867358932e+01 1.406552571288812281e+00
1.347200750677634673e+01 1.407172632315241589e+00
1.347662409638911818e+01 1.407792693341670898e+00
1.348062519001609516e+01 1.408361876762203257e+00
1.348098739823674386e+01 1.408412754368100206e+00
1.348537342163405839e+01 1.409032815394529514e+00
1.348971561456261981e+01 1.409652876420958600e+00
1.349391454127942147e+01 1.410272937447387909e+00
1.349534678367123064e+01 1.410490213791285363e+00
1.349804043548886057e+01 1.410892998473817217e+00
1.350209825941955266e+01 1.411513059500246303e+00
1.350615884373838682e+01 1.412133120526675611e+00
1.351006837732636612e+01 1.412749814580514629e+00
1.351009007394120154e+01 1.412753181553104920e+00
1.351413372830834980e+01 1.413373242579534006e+00
1.351792923485674081e+01 1.413993303605963314e+00
1.352152995071157981e+01 1.414613364632392623e+00
1.352478997098150515e+01 1.415129748725537873e+00
1.352545488801251317e+01 1.415233425658821709e+00
1.352931263681531959e+01 1.415853486685251017e+00
1.353283530426055492e+01 1.416473547711680325e+00
1.353644694449890196e+01 1.417093608738109189e+00
1.353951156463664063e+01 1.417604092841938446e+00
1.354018165261655327e+01 1.417713669764538720e+00
1.354377211312464091e+01 1.418333730790968028e+00
1.354737137813288328e+01 1.418953791817397114e+00
1.355087294978855894e+01 1.419573852843826423e+00
1.355423315829177611e+01 1.420178560560401593e+00
1.355432006459765759e+01 1.420193913870255953e+00
1.355783067276520271e+01 1.420813974896684595e+00
1.356124038067797599e+01 1.421434035923114125e+00
1.356473649123244662e+01 1.422054096949543434e+00
1.356812783506860498e+01 1.422674157975972520e+00
1.356895475194691514e+01 1.422829505974828601e+00
1.357147695637670992e+01 1.423294219002401828e+00
1.357472380609724638e+01 1.423914280028831136e+00
1.357795228782043750e+01 1.424534341055260223e+00
1.358106216406436495e+01 1.425154402081689531e+00
1.358367634560205062e+01 1.425678710741180133e+00
1.358416318964687797e+01 1.425774463108118839e+00
1.358715932598768283e+01 1.426394524134547925e+00
1.358990791380862362e+01 1.427014585160977234e+00
1.359276596528134640e+01 1.427634646187406542e+00
1.359563475452205061e+01 1.428254707213835628e+00
1.359835368896702512e+01 1.428874768240264936e+00
1.359839793925718610e+01 1.428886851106834888e+00
1.360067520080339420e+01 1.429494829266694245e+00
1.360320981821922359e+01 1.430114890293123331e+00
1.360558417361045613e+01 1.430734951319552639e+00
1.360787285657844770e+01 1.431355012345981947e+00
1.361020980025615934e+01 1.431975073372411034e+00
1.361213757855848350e+01 1.432595134398840342e+00
1.361311953291232513e+01 1.432943859131317055e+00
1.361390067423429073e+01 1.433215195425269428e+00
1.361580709000574529e+01 1.433835256451698958e+00
1.361735113361888949e+01 1.434455317478128045e+00
1.361895371561505286e+01 1.435075378504557353e+00
1.362052797544833993e+01 1.435695439530986439e+00
1.362153250829809714e+01 1.436315500557415747e+00
1.362233439363521015e+01 1.436935561583844834e+00
1.362325491215716156e+01 1.437555622610274142e+00
1.362393334906543707e+01 1.438175683636703450e+00
1.362448455868958064e+01 1.438795744663132758e+00
1.362462624978251391e+01 1.439415805689561845e+00
1.362473352850054908e+01 1.440035866715991153e+00
1.362458570409652125e+01 1.440655927742420239e+00
1.362391934261158966e+01 1.441275988768849547e+00
1.362358759490884097e+01 1.441896049795278856e+00
1.362280257168427866e+01 1.442516110821708164e+00
1.362188383316988016e+01 1.443136171848137250e+00
1.362080396929630055e+01 1.443756232874566559e+00
1.361947765354519291e+01 1.444376293900995645e+00
1.361806843147499535e+01 1.444996354927424953e+00
1.361665976824350643e+01 1.445616415953854261e+00
1.361500230853990878e+01 1.446236476980283570e+00
1.361311953291232513e+01 1.446788569008894410e+00
1.361289063881647365e+01 1.446856538006712656e+00
1.361077381359396377e+01 1.447476599033141964e+00
1.360851389942164147e+01 1.448096660059571050e+00
1.360592028394111352e+01 1.448716721086000359e+00
1.360324480890364995e+01 1.449336782112429667e+00
1.359991046988720598e+01 1.449956843138858753e+00
1.359839793925718610e+01 1.450237256570326316e+00
1.359658770398926819e+01 1.450576904165288061e+00
1.359307361278462523e+01 1.451196965191717370e+00
1.358953224730984033e+01 1.451817026218146456e+00
1.358613504768955238e+01 1.452437087244575764e+00
1.358367634560205062e+01 1.452801196162572417e+00
1.358196599623354217e+01 1.453057148271005072e+00
1.357766565438401507e+01 1.453677209297434159e+00
1.357343156176363053e+01 1.454297270323863245e+00
1.356895475194691514e+01 1.454883111868942480e+00
1.356869586366423874e+01 1.454917331350292775e+00
1.356390142566768375e+01 1.455537392376721861e+00
1.355940774401210902e+01 1.456157453403151170e+00
1.355423315829177611e+01 1.456746575107495723e+00
1.355396354792760150e+01 1.456777514429580478e+00
1.354933743260920842e+01 1.457397575456009564e+00
1.354364493354351850e+01 1.458017636482439094e+00
1.353951156463664063e+01 1.458466408422344873e+00
1.353794593348493258e+01 1.458637697508868181e+00
1.353189598659452741e+01 1.459257758535297267e+00
1.352564506023204771e+01 1.459877819561726575e+00
1.352478997098150515e+01 1.459956462243108044e+00
1.351893196510465778e+01 1.460497880588155883e+00
1.351261068775927932e+01 1.461117941614584970e+00
1.351006837732636612e+01 1.461347906491846427e+00
1.350577196460762330e+01 1.461738002641014278e+00
1.349859493290357548e+01 1.462358063667443808e+00
1.349534678367123064e+01 1.462626983007366377e+00
1.349111619828225095e+01 1.462978124693872672e+00
1.348361852851809495e+01 1.463598185720301981e+00
1.348062519001609161e+01 1.463837748145816686e+00
1.347587415895653606e+01 1.464218246746731289e+00
1.346785206142812008e+01 1.464838307773160375e+00
1.346590359636095613e+01 1.464984656620863746e+00
1.345956811146212395e+01 1.465458368799589683e+00
1.345118200270582065e+01 1.466057535797042899e+00
1.345088864420410601e+01 1.466078429826018992e+00
1.344234873173127376e+01 1.466698490852448078e+00
1.343646040905068340e+01 1.467116855857904856e+00
1.343360480570505899e+01 1.467318551878877386e+00
1.342450738114806441e+01 1.467938612905306695e+00
1.342173881539554614e+01 1.468116834347669597e+00
1.341481411592460127e+01 1.468558673931735781e+00
1.340701722174041066e+01 1.469048267880180614e+00
1.340491350265569181e+01 1.469178734958165089e+00
1.339445876847085337e+01 1.469798795984594397e+00
1.339229562808527163e+01 1.469922424421743257e+00
1.338349210622909169e+01 1.470418857011023483e+00
1.337757403443013615e+01 1.470743478996641374e+00
1.337209739405223985e+01 1.471038918037452792e+00
1.336285244077500067e+01 1.471517411953597865e+00
1.336006383558227029e+01 1.471658979063882100e+00
1.334813084711986342e+01 1.472244357065527032e+00
1.334740868601893915e+01 1.472279040090311186e+00
1.333446223770842387e+01 1.472899101116740495e+00
1.333340925346472616e+01 1.472946788403052043e+00
1.332048334397752143e+01 1.473519162143169803e+00
1.331868765980959246e+01 1.473597758004379088e+00
1.330599948922823828e+01 1.474139223169598889e+00
1.330396606615445343e+01 1.474224027486936039e+00
1.329079306918008285e+01 1.474759284196028197e+00
1.328924447249931617e+01 1.474821376194408451e+00
1.327495974126998490e+01 1.475379345222457506e+00
1.327452287884418070e+01 1.475395705100400523e+00
1.325980128518904344e+01 1.475933718616519785e+00
1.325795816068487909e+01 1.475999406248886592e+00
1.324507969153390619e+01 1.476446522837400188e+00
1.323996264805795064e+01 1.476619467275315900e+00
1.323035809787877071e+01 1.476943179843773546e+00
1.322133066024210279e+01 1.477239528301744986e+00
1.321563650422363345e+01 1.477418437470016777e+00
1.320122789258120477e+01 1.477859589328174295e+00
1.320091491056849620e+01 1.477869243862834692e+00
1.318619331691336072e+01 1.478315788247080542e+00
1.318066798675095441e+01 1.478479650354603603e+00
1.317147172325822346e+01 1.478742535981377948e+00
1.315866998194419679e+01 1.479099711381032911e+00
1.315675012960308621e+01 1.479153367689721499e+00
1.314202853594795073e+01 1.479558897452041277e+00
1.313607620620661365e+01 1.479719772407461997e+00
1.312730694229281347e+01 1.479948651426605366e+00
1.311258534863767622e+01 1.480325589393711949e+00
1.311202431929057610e+01 1.480339833433891306e+00
1.309786375498254074e+01 1.480695559392367411e+00
1.308712991799288261e+01 1.480959894460320392e+00
1.308314216132740526e+01 1.481057104188252982e+00
1.306842056767226623e+01 1.481411721915815605e+00
1.306132559848527563e+01 1.481579955486749700e+00
1.305369897401713075e+01 1.481761305388225480e+00
1.303897738036199172e+01 1.482105215690620259e+00
1.303486141964790157e+01 1.482200016513179008e+00
1.302425578670685624e+01 1.482441801355545818e+00
1.300953419305172076e+01 1.482771000652221449e+00
1.300731687913701684e+01 1.482820077539608317e+00
1.299481259939658173e+01 1.483095792969493232e+00
1.298009100574144625e+01 1.483412618747588896e+00
1.297879941408385562e+01 1.483440138566037403e+00
1.296536941208631077e+01 1.483720181617570244e+00
1.295064781843117174e+01 1.484019213581226904e+00
1.294860328345300893e+01 1.484060199592466933e+00
1.293592622477603626e+01 1.484323580549616439e+00
1.292120463112090079e+01 1.484621175476796839e+00
1.291823571217393862e+01 1.484680260618895797e+00
1.290648303746576175e+01 1.484907780143156941e+00
1.289176144381062628e+01 1.485185119368133577e+00
1.288552245478522806e+01 1.485300321645325106e+00
1.287703985015548724e+01 1.485459575709090707e+00
1.286231825650035177e+01 1.485729324911021720e+00
1.285162405449363554e+01 1.485920382671754192e+00
1.284759666284521629e+01 1.485991396276062249e+00
1.283287506919007903e+01 1.486246722510396134e+00
1.281815347553494178e+01 1.486494797034989102e+00
1.281540977154328687e+01 1.486540443698183722e+00
1.280343188187980630e+01 1.486736230051455276e+00
1.278871028822466727e+01 1.486971429330464334e+00
1.277660999186945290e+01 1.487160504724613030e+00
1.277398869456953179e+01 1.487201875210100166e+00
1.275926710091439631e+01 1.487432174906833771e+00
1.274454550725925905e+01 1.487657614867480715e+00
1.273641062560742299e+01 1.487780565751042117e+00
1.272982391360412180e+01 1.487879977957329958e+00
1.271510231994898632e+01 1.488100034485378087e+00
1.270038072629384907e+01 1.488316718318443366e+00
1.269465510579928136e+01 1.488400626777471203e+00
1.268565913263871181e+01 1.488535188026759659e+00
1.267093753898357633e+01 1.488753678767853028e+00
1.265621594532843908e+01 1.488969167621599921e+00
1.265269919034006918e+01 1.489020687803900511e+00
1.264149435167330182e+01 1.489180909742454428e+00
1.262677275801816634e+01 1.489390538440030110e+00
1.261205116436303086e+01 1.489598358675760625e+00
1.260906275707197999e+01 1.489640748830329819e+00
1.259732957070789361e+01 1.489808985398512808e+00
1.258260797705275635e+01 1.490019131729445778e+00
1.256788638339761910e+01 1.490227511533134930e+00
1.256554751780482526e+01 1.490260809856758906e+00
1.255316478974248184e+01 1.490438805838193215e+00
1.253844319608734637e+01 1.490649347758115084e+00
1.252372160243220911e+01 1.490858199607311585e+00
1.252213482046026805e+01 1.490880870883188214e+00
1.250900000877707186e+01 1.491072385725385141e+00
1.249427841512193638e+01 1.491285507802574850e+00
1.247955682146679912e+01 1.491496538623800827e+00
1.247925235012971079e+01 1.491500931909617522e+00
1.246483522781166187e+01 1.491706401591792686e+00
1.245011363415652639e+01 1.491914536363930566e+00
1.243539556895581377e+01 1.492120992936046608e+00
1.243539204050138913e+01 1.492121043644342393e+00
1.242067044684625188e+01 1.492333789603491834e+00
1.240594885319111640e+01 1.492544156661805177e+00
1.239201884320140756e+01 1.492741053962475917e+00
1.239122725953597559e+01 1.492752245801182376e+00
1.237650566588084189e+01 1.492960992992783176e+00
1.236178407222570641e+01 1.493166979016398610e+00
1.234771852100253930e+01 1.493361114988905225e+00
1.234706247857056738e+01 1.493370295647901802e+00
1.233234088491543190e+01 1.493576195597884571e+00
1.231761929126029642e+01 1.493778516946046242e+00
1.230289769760515739e+01 1.493977229813136409e+00
1.230260445104407374e+01 1.493981176015334311e+00
1.228817610395002191e+01 1.494178085186101734e+00
1.227345451029488466e+01 1.494374894325713576e+00
1.225873291663974740e+01 1.494567339601701406e+00
1.225611578177677607e+01 1.494601237041763619e+00
1.224401132298461192e+01 1.494759926320188281e+00
1.222928972932947467e+01 1.494948928734169513e+00
1.221456813567433741e+01 1.495133154838561795e+00
1.220740078376912585e+01 1.495221298068192928e+00
1.219984654201920193e+01 1.495316428991773750e+00
1.218512494836406468e+01 1.495498074717126702e+00
1.217040335470892742e+01 1.495674419744752459e+00
1.215604537017057929e+01 1.495841359094622014e+00
1.215568176105379017e+01 1.495845636617150864e+00
1.214096016739865469e+01 1.496016160601350675e+00
1.212623857374351743e+01 1.496181307606119670e+00
1.211151698008838196e+01 1.496341198199060418e+00
1.210012736101722552e+01 1.496461420121051100e+00
1.209679538643324470e+01 1.496497056134001413e+00
1.208207379277810745e+01 1.496651299833338555e+00
1.206735219912297197e+01 1.496800874232181222e+00
1.205263060546783294e+01 1.496945539826455729e+00
1.203835715726821931e+01 1.497081481147480631e+00
1.203790901181269746e+01 1.497085843065119271e+00
1.202318741815756198e+01 1.497226810546854470e+00
1.200846582450242295e+01 1.497363213481598176e+00
1.199374423084728747e+01 1.497495334787929400e+00
1.197902263719215199e+01 1.497623178644328146e+00
1.196975417025017663e+01 1.497701542173909717e+00
1.196430104353701473e+01 1.497749585121238569e+00
1.194957944988187748e+01 1.497876276592565059e+00
1.193485785622674200e+01 1.497998633286726999e+00
1.192013626257160475e+01 1.498116797068864692e+00
1.190541466891646749e+01 1.498230645611169587e+00
1.189323455703647348e+01 1.498321603200339025e+00
1.189069307526133201e+01 1.498340837130693437e+00
1.187597148160619476e+01 1.498449136238011459e+00
1.186124988795105750e+01 1.498553197655047686e+00
1.184652829429592202e+01 1.498652891599712378e+00
1.183180670064078654e+01 1.498748116375958395e+00
1.181708510698564751e+01 1.498838622929835829e+00
1.180236351333051203e+01 1.498924333722122526e+00
1.179922260487089325e+01 1.498941664226768333e+00
1.178764191967537300e+01 1.499007924334397002e+00
1.177292032602023752e+01 1.499086787988036074e+00
1.175819873236510205e+01 1.499159982693735849e+00
1.174347713870996301e+01 1.499227197257329003e+00
1.172875554505482754e+01 1.499288074812633820e+00
1.171403395139969028e+01 1.499342407076006634e+00
1.169931235774455303e+01 1.499389883112611122e+00
1.168459076408941755e+01 1.499430212093427972e+00
1.166986917043428029e+01 1.499463062504464261e+00
1.165514757677914304e+01 1.499488207211904012e+00
1.164042598312400756e+01 1.499505407634127652e+00
1.162570438946887030e+01 1.499514344124015297e+00
1.161098279581373305e+01 1.499514738036753503e+00
1.159626120215859757e+01 1.499506385281499599e+00
1.158153960850346031e+01 1.499488930783908103e+00
1.156681801484832306e+01 1.499462260673084746e+00
1.155209642119318758e+01 1.499426020474356358e+00
1.153737482753805033e+01 1.499379930418939244e+00
1.152265323388291307e+01 1.499323747171627641e+00
1.150793164022777759e+01 1.499257102178631396e+00
1.149321004657264034e+01 1.499179776997611846e+00
1.147848845291750131e+01 1.499091397294993522e+00
1.146376685926236938e+01 1.498991542520423215e+00
1.145716738244474087e+01 1.498941664226768333e+00
1.144904526560723035e+01 1.498883005728145257e+00
1.143432367195209309e+01 1.498765650241536740e+00
1.141960207829695761e+01 1.498636519868673300e+00
1.140488048464182036e+01 1.498495064253476450e+00
1.139015889098668310e+01 1.498340816352849325e+00
1.138845136927041857e+01 1.498321603200339025e+00
1.137543729733154763e+01 1.498179905141998169e+00
1.136071570367640859e+01 1.498006598586187010e+00
1.134599411002127312e+01 1.497819499651548369e+00
1.133732771205702328e+01 1.497701542173909717e+00
1.133127251636613764e+01 1.497621955965761531e+00
1.131655092271100038e+01 1.497415747560695065e+00
1.130182932905586313e+01 1.497194168453963137e+00
1.129478010498123908e+01 1.497081481147480631e+00
1.128710773540072765e+01 1.496962444194215092e+00
1.127238614174559039e+01 1.496719934790503581e+00
1.125773024598413663e+01 1.496461420121051322e+00
1.125766454809045314e+01 1.496460297177127474e+00
1.124294295443531766e+01 1.496196836001729036e+00
1.122822136078018040e+01 1.495914921444813528e+00
1.122455854044176426e+01 1.495841359094622014e+00
1.121349976712504315e+01 1.495622091678959320e+00
1.119877817346990767e+01 1.495311997032991780e+00
1.119466612702793462e+01 1.495221298068192928e+00
1.118405657981477042e+01 1.494995413568707132e+00
1.116933498615963316e+01 1.494663039378430591e+00
1.116670727849726852e+01 1.494601237041763397e+00
1.115461339250449591e+01 1.494323167381950146e+00
1.114057992236197769e+01 1.493981176015334311e+00
1.113989179884936043e+01 1.493964446226809129e+00
1.112517020519422317e+01 1.493593999087377000e+00
1.111637240754629019e+01 1.493361114988905225e+00
1.111044861153908592e+01 1.493206452926577388e+00
1.109572701788395044e+01 1.492804931412732961e+00
1.109346021666415361e+01 1.492741053962475917e+00
1.108100542422881318e+01 1.492389081363409531e+00
1.107191920783203187e+01 1.492120992936046608e+00
1.106628383057367593e+01 1.491958407324044389e+00
1.105156223691853867e+01 1.491516427892457752e+00
1.105105826107128486e+01 1.491500931909617522e+00
1.103684064326340319e+01 1.491061417532524302e+00
1.103120336374486143e+01 1.490880870883188214e+00
1.102211904960826594e+01 1.490595181465419916e+00
1.101182980391222799e+01 1.490260809856758906e+00
1.100739745595312868e+01 1.490115963053771919e+00
1.099326311730222550e+01 1.489640748830329819e+00
1.099267586229799321e+01 1.489621079119473945e+00
1.097795426864285595e+01 1.489118625195161805e+00
1.097515013136018958e+01 1.489020687803900511e+00
1.096323267498771870e+01 1.488605952999449755e+00
1.095746572899751214e+01 1.488400626777471203e+00
1.094851108133258322e+01 1.488079155977544588e+00
1.094036002336766522e+01 1.487780565751042117e+00
1.093378948767744596e+01 1.487538214641288992e+00
1.092372471064745199e+01 1.487160504724612808e+00
1.091906789402230871e+01 1.486985607584696112e+00
1.090739770108536533e+01 1.486540443698183722e+00
1.090434630036717323e+01 1.486424134954281495e+00
1.089131019113489174e+01 1.485920382671754414e+00
1.088962470671203597e+01 1.485854194976472975e+00
1.087568132398433818e+01 1.485300321645325106e+00
1.087490311305689872e+01 1.485268679814786275e+00
1.086055893632592628e+01 1.484680260618895797e+00
1.086018151940176324e+01 1.484664978580777284e+00
1.084545992574662598e+01 1.484064688478035077e+00
1.084535034788948060e+01 1.484060199592466711e+00
1.083073833209148873e+01 1.483467139945602531e+00
1.083007680178043763e+01 1.483440138566037403e+00
1.081601673843635147e+01 1.482851043381474554e+00
1.081528025467790144e+01 1.482820077539608317e+00
1.080129514478121600e+01 1.482227007209750536e+00
1.080066033715997520e+01 1.482200016513179008e+00
1.078657355112607874e+01 1.481594858095009348e+00
1.078622711982585969e+01 1.481579955486749700e+00
1.077201014473323326e+01 1.480959894460320392e+00
1.077185195747094326e+01 1.480952888052933902e+00
1.075800338344818563e+01 1.480339833433891306e+00
1.075713036381580601e+01 1.480300615682750287e+00
1.074417575636229572e+01 1.479719772407461997e+00
1.074240877016066875e+01 1.479639919338602949e+00
1.073043082104094914e+01 1.479099711381032911e+00
1.072768717650553327e+01 1.478973409963266983e+00
1.071693001483140328e+01 1.478479650354603603e+00
1.071296558285039602e+01 1.478294229503543944e+00
1.070363290667067702e+01 1.477859589328174295e+00
1.069824398919525876e+01 1.477605388540927933e+00
1.069044974938450565e+01 1.477239528301744986e+00
1.068352239554012328e+01 1.476905849752228939e+00
1.067753995131556266e+01 1.476619467275315900e+00
1.066880080188498603e+01 1.476193755515121886e+00
1.066478768223839602e+01 1.475999406248886370e+00
1.065407920822984877e+01 1.475475183655462263e+00
1.065210839621489924e+01 1.475379345222457506e+00
1.063968866088599263e+01 1.474759284196028197e+00
1.063935761457471330e+01 1.474742262324331366e+00
1.062752919346843328e+01 1.474139223169598889e+00
1.062463602091957782e+01 1.473990114828486631e+00
1.061541931689002460e+01 1.473519162143169803e+00
1.060991442726443879e+01 1.473227358705305523e+00
1.060366484815519428e+01 1.472899101116740495e+00
1.059519283360930331e+01 1.472454803215862418e+00
1.059181158754595486e+01 1.472279040090311186e+00
1.058047123995416605e+01 1.471671963115243509e+00
1.058022623751627478e+01 1.471658979063882322e+00
1.056895939532383721e+01 1.471038918037452792e+00
1.056574964629902880e+01 1.470860724671627651e+00
1.055769589567854538e+01 1.470418857011023483e+00
1.055102805264389332e+01 1.470043327501390440e+00
1.054663483344859642e+01 1.469798795984594397e+00
1.053630645898875606e+01 1.469208135221681699e+00
1.053578599669853055e+01 1.469178734958164867e+00
1.052512070051654192e+01 1.468558673931736003e+00
1.052158486533361881e+01 1.468353281503092189e+00
1.051435355087821044e+01 1.467938612905306695e+00
1.050686327167848155e+01 1.467500368446526426e+00
1.050371627831710519e+01 1.467318551878877386e+00
1.049335839309553720e+01 1.466698490852448078e+00
1.049214167802334607e+01 1.466624029977603882e+00
1.048309499544506807e+01 1.466078429826018992e+00
1.047742008436820882e+01 1.465727376068806542e+00
1.047300659968584746e+01 1.465458368799589906e+00
1.046321570288901803e+01 1.464838307773160375e+00
1.046269849071307156e+01 1.464805398700006034e+00
1.045332667044489305e+01 1.464218246746731289e+00
1.044797689705793431e+01 1.463869931630817911e+00
1.044373563271913419e+01 1.463598185720301981e+00
1.043428223189946458e+01 1.462978124693872672e+00
1.043325530340279883e+01 1.462909440877390610e+00
1.042487145212888677e+01 1.462358063667443586e+00
1.041853370974766158e+01 1.461939098471458198e+00
1.041544395527979816e+01 1.461738002641014278e+00
1.040619237218236037e+01 1.461117941614584970e+00
1.040381211609252432e+01 1.460951884361938014e+00
1.039719175530253281e+01 1.460497880588155883e+00
1.038909052243738707e+01 1.459929942374979639e+00
1.038833402973273401e+01 1.459877819561726575e+00
1.037978603312998160e+01 1.459257758535297267e+00
1.037436892878225159e+01 1.458862742284385394e+00
1.037122592365278706e+01 1.458637697508868181e+00
1.036276270194661286e+01 1.458017636482438872e+00
1.035964733512711433e+01 1.457781876458618120e+00
1.035447360417507845e+01 1.457397575456009564e+00
1.034630944358885607e+01 1.456777514429580478e+00
1.034492574147197885e+01 1.456672021228543112e+00
1.033804507175221055e+01 1.456157453403151170e+00
1.033020414781683982e+01 1.455552731139712730e+00
1.033000134382853830e+01 1.455537392376721861e+00
1.032190545468138509e+01 1.454917331350292775e+00
1.031548255416170434e+01 1.454396755969362243e+00
1.031422978636663323e+01 1.454297270323863467e+00
1.030648444251590945e+01 1.453677209297434159e+00
1.030076096050656886e+01 1.453203027874180986e+00
1.029896208610566433e+01 1.453057148271005072e+00
1.029128207272787421e+01 1.452437087244575764e+00
1.028603936685143161e+01 1.451992110288946147e+00
1.028393140423504093e+01 1.451817026218146678e+00
1.027656500210587787e+01 1.451196965191717370e+00
1.027131777319629435e+01 1.450733663173927379e+00
1.026950234047719768e+01 1.450576904165288061e+00
1.026248585101192035e+01 1.449956843138858753e+00
1.025659617954115888e+01 1.449424127550786867e+00
1.025560773510708401e+01 1.449336782112429445e+00
1.024861336055484173e+01 1.448716721086000359e+00
1.024206483790851152e+01 1.448096660059571050e+00
1.024187458588602162e+01 1.448078774253821921e+00
1.023531258426650936e+01 1.447476599033142186e+00
1.022890909026756212e+01 1.446856538006712878e+00
1.022715299223088437e+01 1.446678672190407244e+00
1.022267164799313122e+01 1.446236476980283570e+00
1.021641905005580853e+01 1.445616415953854261e+00
1.021243139857574889e+01 1.445211061890949278e+00
1.021026414772962454e+01 1.444996354927424953e+00
1.020407228081047890e+01 1.444376293900995645e+00
1.019826689066449532e+01 1.443756232874566559e+00
1.019770980492061163e+01 1.443697220842210971e+00
1.019226809112574372e+01 1.443136171848137250e+00
1.018647385740403877e+01 1.442516110821708164e+00
1.018298821126547438e+01 1.442137580161130028e+00
1.018070057343843260e+01 1.441896049795278856e+00
1.017504118348365338e+01 1.441275988768849547e+00
1.016965640490481348e+01 1.440655927742420239e+00
1.016826661761033890e+01 1.440493925800723218e+00
1.016421888522364370e+01 1.440035866715991375e+00
1.015882123036071150e+01 1.439415805689561845e+00
1.015357211228302070e+01 1.438795744663132758e+00
1.015354502395520164e+01 1.438792419672268341e+00
1.014836287561806394e+01 1.438175683636703450e+00
1.014317960850028477e+01 1.437555622610274142e+00
1.013882343030006439e+01 1.437023047651680319e+00
1.013808507258477398e+01 1.436935561583844834e+00
1.013299791326439347e+01 1.436315500557415747e+00
1.012808325686426691e+01 1.435695439530986439e+00
1.012410183664492891e+01 1.435193000641822092e+00
1.012313921753187707e+01 1.435075378504557353e+00
1.011826986740144818e+01 1.434455317478128045e+00
1.011346186918246914e+01 1.433835256451698736e+00
1.010938024298979165e+01 1.433286944425854692e+00
1.010882787974444597e+01 1.433215195425269206e+00
1.010419143490723926e+01 1.432595134398840342e+00
1.009960558875074099e+01 1.431975073372411034e+00
1.009516889650313232e+01 1.431355012345981947e+00
1.009465864933465440e+01 1.431284424515959719e+00
1.009054659690287536e+01 1.430734951319552639e+00
1.008610977675142450e+01 1.430114890293123331e+00
1.008190972432038635e+01 1.429494829266694245e+00
1.007993705567951892e+01 1.429216968050072811e+00
1.007741974880035229e+01 1.428874768240264936e+00
1.007307737797374259e+01 1.428254707213835628e+00
1.006872095802812161e+01 1.427634646187406542e+00
1.006521546202438167e+01 1.427119660454409855e+00
1.006447365558862295e+01 1.427014585160977234e+00
1.006007742704568919e+01 1.426394524134547925e+00
1.005596348088677239e+01 1.425774463108118839e+00
1.005183684290384072e+01 1.425154402081689309e+00
1.005049386836924441e+01 1.424956850002545572e+00
1.004751429514383432e+01 1.424534341055260001e+00
1.004337305930346602e+01 1.423914280028831136e+00
1.003924778319118616e+01 1.423294219002401828e+00
1.003577227471410893e+01 1.422754030353087229e+00
1.003523823061030384e+01 1.422674157975972742e+00
1.003114151934778064e+01 1.422054096949543656e+00
1.002722776477060229e+01 1.421434035923114125e+00
1.002337950612116657e+01 1.420813974896684817e+00
1.002105068105897168e+01 1.420432722227996880e+00
1.001953460795066420e+01 1.420193913870255731e+00
1.001572704683236026e+01 1.419573852843826423e+00
1.001191131396362088e+01 1.418953791817397114e+00
1.000823352459465276e+01 1.418333730790968028e+00
1.000632908740383442e+01 1.418014487699251314e+00
1.000446210067340402e+01 1.417713669764538720e+00
1.000069363617673801e+01 1.417093608738109412e+00
9.997060403828781361e+00 1.416473547711680325e+00
9.993429620703068395e+00 1.415853486685251017e+00
9.991607493748698943e+00 1.415528924877351047e+00
9.989880029164126540e+00 1.415233425658821709e+00
9.986435355732526276e+00 1.414613364632392623e+00
9.983103740463505460e+00 1.413993303605963314e+00
9.979734811196074418e+00 1.413373242579534006e+00
9.976885900093561688e+00 1.412828198380431166e+00
9.976476876802900406e+00 1.412753181553104920e+00
9.973168985982592716e+00 1.412133120526675611e+00
9.969908008172705394e+00 1.411513059500246303e+00
9.966808930712669934e+00 1.410892998473817217e+00
9.963911250524891017e+00 1.410272937447387909e+00
9.962164306438424433e+00 1.409914888083915407e+00
9.960827970443302704e+00 1.409652876420958378e+00
9.957787883783517202e+00 1.409032815394529514e+00
9.954705028903807928e+00 1.408412754368100206e+00
9.951865760704974306e+00 1.407792693341670898e+00
9.949127486610937154e+00 1.407172632315241811e+00
9.947442712783288954e+00 1.406782347583320547e+00
9.946403886317122911e+00 1.406552571288812503e+00
9.943572244448759534e+00 1.405932510262383417e+00
9.940864423683734685e+00 1.405312449235954109e+00
9.938386144652319842e+00 1.404692388209524800e+00
9.935860200221064531e+00 1.404072327183095492e+00
9.933444739871871931e+00 1.403452266156666406e+00
9.932721119128151699e+00 1.403274690925428114e+00
9.930829065510643261e+00 1.402832205130237320e+00
9.928442044026599689e+00 1.402212144103808011e+00
9.926280969445965496e+00 1.401592083077378703e+00
9.924138226955786735e+00 1.400972022050949395e+00
9.922017699226072907e+00 1.400351961024520087e+00
9.919840781893388026e+00 1.399731899998091000e+00
9.917999525473014444e+00 1.399151238383875340e+00
9.917867927973981423e+00 1.399111838971661692e+00
9.915902081631314147e+00 1.398491777945232384e+00
9.913944878479629352e+00 1.397871716918803298e+00
9.911974264267151113e+00 1.397251655892373989e+00
9.910304647349864382e+00 1.396631594865944681e+00
9.908530324698217484e+00 1.396011533839515595e+00
9.906773837871106991e+00 1.395391472813086065e+00
9.905285093971667010e+00 1.394771411786657200e+00
9.903776100953257000e+00 1.394151350760227892e+00
9.903277931817877189e+00 1.393949026471786423e+00
9.902190539007323267e+00 1.393531289733798584e+00
9.900708880986353932e+00 1.392911228707369276e+00
9.899265570761995647e+00 1.392291167680939967e+00
9.897934221434333324e+00 1.391671106654510881e+00
9.896527769126180374e+00 1.391051045628081795e+00
9.895326621150545066e+00 1.390430984601652487e+00
9.894224803025586823e+00 1.389810923575223178e+00
9.893068563250089653e+00 1.389190862548794092e+00
9.892082920714901917e+00 1.388570801522364784e+00
9.891146426218943688e+00 1.387950740495935475e+00
9.890207284896282758e+00 1.387330679469506389e+00
9.889443321740829518e+00 1.386710618443077081e+00
9.888648446794743307e+00 1.386090557416647773e+00
9.888556338162741710e+00 1.386014937831760996e+00
9.887851278437224778e+00 1.385470496390218909e+00
9.887194651877548424e+00 1.384850435363789378e+00
9.886511985815459980e+00 1.384230374337360070e+00
9.886072663194589438e+00 1.383610313310930762e+00
9.885570636992841997e+00 1.382990252284501675e+00
9.885249213855523465e+00 1.382370191258072367e+00
9.884792058091612432e+00 1.381750130231643281e+00
9.884353897062618799e+00 1.381130069205213973e+00
9.884069806587008955e+00 1.380510008178784664e+00
9.883938591700488274e+00 1.379889947152355578e+00
9.883819943250355067e+00 1.379269886125926270e+00
9.883810554701403461e+00 1.378649825099496962e+00
9.883699157021837323e+00 1.378029764073067875e+00
9.883851421733908182e+00 1.377409703046638567e+00
9.883988850068464060e+00 1.376789642020209481e+00
9.884190255834386818e+00 1.376169580993780173e+00
9.884554631822707549e+00 1.375549519967350864e+00
9.884920966627483097e+00 1.374929458940921556e+00
9.885426534712268065e+00 1.374309397914492248e+00
9.886007979333369278e+00 1.373689336888063162e+00
9.886537579137819165e+00 1.373069275861633853e+00
9.887327575466013485e+00 1.372449214835204767e+00
9.888129836688650087e+00 1.371829153808775459e+00
9.888556338162741710e+00 1.371561777252542580e+00
9.889090835996867668e+00 1.371209092782346151e+00
9.890055014710911863e+00 1.370589031755917064e+00
9.891152564033829364e+00 1.369968970729487534e+00
9.892187223010708408e+00 1.369348909703058226e+00
9.893393420063530286e+00 1.368728848676629362e+00
9.894739929014379598e+00 1.368108787650200053e+00
9.896098226851863799e+00 1.367488726623770745e+00
9.897820485832982129e+00 1.366868665597341881e+00
9.899664133071924610e+00 1.366248604570912351e+00
9.901559590425375035e+00 1.365628543544483042e+00
9.903277931817877189e+00 1.365094983962426678e+00
9.903544798421341611e+00 1.365008482518053956e+00
9.905651331515120006e+00 1.364388421491624648e+00
9.907763263294537381e+00 1.363768360465195340e+00
9.909948828335728876e+00 1.363148299438766253e+00
9.912369901345980949e+00 1.362528238412336945e+00
9.915078236288472624e+00 1.361908177385907859e+00
9.917939011499102619e+00 1.361288116359478551e+00
9.917999525473014444e+00 1.361275969186629409e+00
9.920922666239494703e+00 1.360668055333049242e+00
9.924188796351453234e+00 1.360047994306619934e+00
9.927734701388217786e+00 1.359427933280190848e+00
9.931603839226484709e+00 1.358807872253761317e+00
9.932721119128151699e+00 1.358633757369320572e+00
9.935498887577550065e+00 1.358187811227332453e+00
9.939626860798760788e+00 1.357567750200903145e+00
9.944095079310315555e+00 1.356947689174473837e+00
9.947442712783288954e+00 1.356494202594238807e+00
9.948642234586111854e+00 1.356327628148044528e+00
9.953348942308689828e+00 1.355707567121615442e+00
9.958536850989961664e+00 1.355087506095186134e+00
9.962164306438424433e+00 1.354683389785065417e+00
9.964067327354083403e+00 1.354467445068757048e+00
9.969760775545212894e+00 1.353847384042327739e+00
9.975810632563375080e+00 1.353227323015898431e+00
9.976885900093561688e+00 1.353121792325587602e+00
9.982064766082206830e+00 1.352607261989469345e+00
9.988454440624986219e+00 1.351987200963040037e+00
9.991607493748698943e+00 1.351713697145942250e+00
9.995579943821402580e+00 1.351367139936610728e+00
1.000288457881966764e+01 1.350747078910181642e+00
1.000632908740383442e+01 1.350479599599586855e+00
1.001087155946552620e+01 1.350127017883752334e+00
1.001921795492545186e+01 1.349506956857323026e+00
1.002105068105897168e+01 1.349379938632314868e+00
1.002821334571897438e+01 1.348886895830893939e+00
1.003577227471410893e+01 1.348399509495407544e+00
1.003785533003478569e+01 1.348266834804464631e+00
1.004831259399991872e+01 1.347646773778035323e+00
1.005049386836924441e+01 1.347520360380174198e+00
1.005918196005131904e+01 1.347026712751606237e+00
1.006521546202438167e+01 1.346704603884587570e+00
1.007093799069292039e+01 1.346406651725176928e+00
1.007993705567951892e+01 1.345967233885658088e+00
1.008375245666062270e+01 1.345786590698747620e+00
1.009465864933465440e+01 1.345295353052328613e+00
1.009762714683106744e+01 1.345166529672318534e+00
1.010938024298979165e+01 1.344676653856457182e+00
1.011264258588768428e+01 1.344546468645889226e+00
1.012410183664492891e+01 1.344106100404124371e+00
1.012901772081777096e+01 1.343926407619459917e+00
1.013882343030006439e+01 1.343582825367804823e+00
1.014716377647074275e+01 1.343306346593030831e+00
1.015354502395520164e+01 1.343101595880419774e+00
1.016732199176453300e+01 1.342686285566601523e+00
1.016826661761034067e+01 1.342658526075311887e+00
1.018298821126547438e+01 1.342247052060449475e+00
1.018993739621109640e+01 1.342066224540172215e+00
1.019770980492061163e+01 1.341866173982729116e+00
1.021243139857574889e+01 1.341513456261210546e+00
1.021541986710740701e+01 1.341446163513743128e+00
1.022715299223088437e+01 1.341185774719168666e+00
1.024187458588602162e+01 1.340885023656050778e+00
1.024495025596400311e+01 1.340826102487313820e+00
1.025659617954115888e+01 1.340605915835514139e+00
1.027131777319629435e+01 1.340350256282935248e+00
1.028032532763745976e+01 1.340206041460884512e+00
1.028603936685143161e+01 1.340114767600239176e+00
1.030076096050656886e+01 1.339896039255046079e+00
1.031548255416170434e+01 1.339696572203164404e+00
1.032436021454194375e+01 1.339585980434455426e+00
1.033020414781684160e+01 1.339512121685252577e+00
1.034492574147197885e+01 1.339340527113118462e+00
1.035964733512711433e+01 1.339184581212332192e+00
1.037436892878225159e+01 1.339043448272452697e+00
1.038326081217505603e+01 1.338965919408026117e+00
1.038909052243738884e+01 1.338914301546419328e+00
1.040381211609252432e+01 1.338795482177313811e+00
1.041853370974766158e+01 1.338688837264622844e+00
1.043325530340279883e+01 1.338593564365605282e+00
1.044797689705793431e+01 1.338508918500758815e+00
1.046269849071307156e+01 1.338434226803873139e+00
1.047742008436820882e+01 1.338368795031335878e+00
1.048333925432799774e+01 1.338345858381596809e+00
1.049214167802334607e+01 1.338310863016512142e+00
