1.068352239554012328e+01 1.358776786278382165e+00
1.069824398919525876e+01 1.358720432355799090e+00
1.071296558285039602e+01 1.358683468818716600e+00
1.072768717650553327e+01 1.358665251403889052e+00
1.074240877016066698e+01 1.358664794120085562e+00
1.075713036381580601e+01 1.358681597662062757e+00
1.077185195747094326e+01 1.358715091084820248e+00
1.078657355112607874e+01 1.358764817960924187e+00
1.079624989187030870e+01 1.358807872253761539e+00
1.080129514478121600e+01 1.358830034953675936e+00
1.081601673843635325e+01 1.358909907100181780e+00
1.083073833209148873e+01 1.359004684457447265e+00
1.084545992574662598e+01 1.359113957152638719e+00
1.086018151940176324e+01 1.359237603086550727e+00
1.087490311305690049e+01 1.359375315517862282e+00
1.088003217840762105e+01 1.359427933280190848e+00
1.088962470671203597e+01 1.359525680005035486e+00
1.090434630036717323e+01 1.359688865586911266e+00
1.091906789402230871e+01 1.359865304799911634e+00
1.093325260323542203e+01 1.360047994306619934e+00
1.093378948767744596e+01 1.360054840241041063e+00
1.094851108133258322e+01 1.360253574745762695e+00
1.096323267498771870e+01 1.360464963524553816e+00
1.097661000553787858e+01 1.360668055333049242e+00
1.097795426864285595e+01 1.360688577565601021e+00
1.099267586229799321e+01 1.360922976230064307e+00
1.100739745595312868e+01 1.361169085097518883e+00
1.101425044644433981e+01 1.361288116359478551e+00
1.102211904960826594e+01 1.361424613398790839e+00
1.103684064326340319e+01 1.361689722275206460e+00
1.104852064975000836e+01 1.361908177385907859e+00
1.105156223691853867e+01 1.361965306647943352e+00
1.106628383057367593e+01 1.362249289302307487e+00
1.108023442596620711e+01 1.362528238412336945e+00
1.108100542422881318e+01 1.362543730344999426e+00
1.109572701788395044e+01 1.362845184158218759e+00
1.111006280330341411e+01 1.363148299438766253e+00
1.111044861153908592e+01 1.363156409728491392e+00
1.112517020519422317e+01 1.363469770587811158e+00
1.113885419250675390e+01 1.363768360465195340e+00
1.113989179884936043e+01 1.363791130889463465e+00
1.115461339250449591e+01 1.364117653646276906e+00
1.116656911319701351e+01 1.364388421491624648e+00
1.116933498615963316e+01 1.364452767371273634e+00
1.118405657981477042e+01 1.364798115294688419e+00
1.119290080338809901e+01 1.365008482518053956e+00
1.119877817346990767e+01 1.365147045292580907e+00
1.121349976712504315e+01 1.365497315179175830e+00
1.121897569303021847e+01 1.365628543544483042e+00
1.122822136078018040e+01 1.365849574696598623e+00
1.124294295443531766e+01 1.366205167382729790e+00
1.124474043400341294e+01 1.366248604570912351e+00
1.125766454809045314e+01 1.366565818514615449e+00
1.126986754286179604e+01 1.366868665597341659e+00
1.127238614174559039e+01 1.366932235219714409e+00
1.128710773540072765e+01 1.367303701351878953e+00
1.129440569217630674e+01 1.367488726623770745e+00
1.130182932905586313e+01 1.367676153734642241e+00
1.131655092271100038e+01 1.368049121341247343e+00
1.131891382719418004e+01 1.368108787650200053e+00
1.133127251636613764e+01 1.368423238750795079e+00
1.134323558509006880e+01 1.368728848676629362e+00
1.134599411002127312e+01 1.368799267802404795e+00
1.136071570367641037e+01 1.369173714220233817e+00
1.136760036869583068e+01 1.369348909703058670e+00
1.137543729733154763e+01 1.369551195959382683e+00
1.139015889098668310e+01 1.369931570841197210e+00
1.139161684112186990e+01 1.369968970729487756e+00
1.140488048464182036e+01 1.370314894313096499e+00
1.141536795530580051e+01 1.370589031755917064e+00
1.141960207829695761e+01 1.370699708509095949e+00
1.143432367195209309e+01 1.371082697502519210e+00
1.143920423934665642e+01 1.371209092782346151e+00
1.144904526560723035e+01 1.371465744024869648e+00
1.146297957007634416e+01 1.371829153808775459e+00
1.146376685926236760e+01 1.371850147315232249e+00
1.147848845291750308e+01 1.372238810846764689e+00
1.148647212199240641e+01 1.372449214835204767e+00
1.149321004657264034e+01 1.372625437214072486e+00
1.150793164022777759e+01 1.373009052160355292e+00
1.151026192012165161e+01 1.373069275861633853e+00
1.152265323388291307e+01 1.373392761160914688e+00
1.153403806932516851e+01 1.373689336888063162e+00
1.153737482753805033e+01 1.373776608237137875e+00
1.155209642119318758e+01 1.374158885045464462e+00
1.155792169284644189e+01 1.374309397914492470e+00
1.156681801484832306e+01 1.374543327648800606e+00
1.158152379560831946e+01 1.374929458940921556e+00
1.158153960850346031e+01 1.374929877649406329e+00
1.159626120215859757e+01 1.375315486145108679e+00
1.160520729158150921e+01 1.375549519967350864e+00
1.161098279581373305e+01 1.375703154436661135e+00
1.162570438946887208e+01 1.376093177082735819e+00
1.162861060574018346e+01 1.376169580993780173e+00
1.164042598312400756e+01 1.376481876219087130e+00
1.165208787727783601e+01 1.376789642020209481e+00
1.165514757677914304e+01 1.376870980440951797e+00
1.166986917043428029e+01 1.377259801710968734e+00
1.167556134235205079e+01 1.377409703046638789e+00
1.168459076408941755e+01 1.377652524828746561e+00
1.169862720486769447e+01 1.378029764073067875e+00
1.169931235774455303e+01 1.378048599362547089e+00
1.171403395139969028e+01 1.378450271854062548e+00
1.172134091503061804e+01 1.378649825099496962e+00
1.172875554505482754e+01 1.378849235945948992e+00
1.174347713870996301e+01 1.379245913226877951e+00
1.174437087511193667e+01 1.379269886125926270e+00
1.175819873236510205e+01 1.379656359642697616e+00
1.176651555188016118e+01 1.379889947152355578e+00
1.177292032602023752e+01 1.380067742302107714e+00
1.178764191967537300e+01 1.380477708669373360e+00
1.178880383793027065e+01 1.380510008178784886e+00
1.180236351333051203e+01 1.380898647629107412e+00
1.181038638742494840e+01 1.381130069205213973e+00
1.181708510698564751e+01 1.381323876003673679e+00
1.183173350632571363e+01 1.381750130231643281e+00
1.183180670064078477e+01 1.381752313772388607e+00
1.184652829429592202e+01 1.382192089020824133e+00
1.185244059127401073e+01 1.382370191258072367e+00
1.186124988795105750e+01 1.382638426503340900e+00
1.187271477443481871e+01 1.382990252284501675e+00
1.187597148160619476e+01 1.383091421848575919e+00
1.189069307526133201e+01 1.383551792557010218e+00
1.189255561932724525e+01 1.383610313310930984e+00
1.190541466891646749e+01 1.384014219039476190e+00
1.191222516314408608e+01 1.384230374337360070e+00
1.192013626257160475e+01 1.384481924413824672e+00
1.193161804759651012e+01 1.384850435363789378e+00
1.193485785622674200e+01 1.384960511910150904e+00
1.194957944988187748e+01 1.385465932021295199e+00
1.194971123892803355e+01 1.385470496390218686e+00
1.196430104353701473e+01 1.385968174153362487e+00
1.196785425882272236e+01 1.386090557416647773e+00
1.197902263719215199e+01 1.386479987646629608e+00
1.198557615495776929e+01 1.386710618443077081e+00
1.199374423084728747e+01 1.387007094998836898e+00
1.200257847978928361e+01 1.387330679469506389e+00
1.200846582450242472e+01 1.387553140156662979e+00
1.201890835715224348e+01 1.387950740495935475e+00
1.202318741815756198e+01 1.388113830122110759e+00
1.203510239227806622e+01 1.388570801522364784e+00
1.203790901181269746e+01 1.388678036604304111e+00
1.205123987150893683e+01 1.389190862548794314e+00
1.205263060546783471e+01 1.389245807022819301e+00
1.206684315150431885e+01 1.389810923575223178e+00
1.206735219912297197e+01 1.389831677901384177e+00
1.208195436596749239e+01 1.390430984601652487e+00
1.208207379277810745e+01 1.390435876529461989e+00
1.209679538643324470e+01 1.391042037660525255e+00
1.209701305125881987e+01 1.391051045628081795e+00
1.211151698008838018e+01 1.391667453968147949e+00
1.211160251904393448e+01 1.391671106654510881e+00
1.212535333703000973e+01 1.392291167680940189e+00
1.212623857374351743e+01 1.392330872133924258e+00
1.213914677441319334e+01 1.392911228707369276e+00
1.214096016739865469e+01 1.392993312222375435e+00
1.215283111043525466e+01 1.393531289733798584e+00
1.215568176105379194e+01 1.393663778706168088e+00
1.216617438731723766e+01 1.394151350760227892e+00
1.217040335470892742e+01 1.394349387404606677e+00
1.217941835257272842e+01 1.394771411786657200e+00
1.218512494836406468e+01 1.395047559974993856e+00
1.219223874578022659e+01 1.395391472813086287e+00
1.219984654201920193e+01 1.395767108979233617e+00
1.220480828352665625e+01 1.396011533839515595e+00
1.221456813567433741e+01 1.396504973729992383e+00
1.221707827269083069e+01 1.396631594865944681e+00
1.222899706888538951e+01 1.397251655892373989e+00
1.222928972932947467e+01 1.397266857532648565e+00
1.224096878533811505e+01 1.397871716918803298e+00
1.224401132298461192e+01 1.398037039536455861e+00
1.225240798941492315e+01 1.398491777945232606e+00
1.225873291663974740e+01 1.398836507604579227e+00
1.226381456859874852e+01 1.399111838971661692e+00
1.227345451029488466e+01 1.399659601720347091e+00
1.227473230555170325e+01 1.399731899998091222e+00
1.228549293661298236e+01 1.400351961024520087e+00
1.228817610395002191e+01 1.400504228314170652e+00
1.229647521854738379e+01 1.400972022050949395e+00
1.230289769760515739e+01 1.401347844952695265e+00
1.230709240749339628e+01 1.401592083077378703e+00
1.231701622879769253e+01 1.402212144103808011e+00
1.231761929126029642e+01 1.402250266122094358e+00
1.232688637187446012e+01 1.402832205130237098e+00
1.233234088491543190e+01 1.403188139118494604e+00
1.233640839044563720e+01 1.403452266156666406e+00
1.234570259361582423e+01 1.404072327183095492e+00
1.234706247857056738e+01 1.404163761975823599e+00
1.235497053823488400e+01 1.404692388209524800e+00
1.236178407222570641e+01 1.405167320552773491e+00
1.236387703147387995e+01 1.405312449235954331e+00
1.237226005210750301e+01 1.405932510262383417e+00
1.237650566588084189e+01 1.406241150022443431e+00
1.238081778357784657e+01 1.406552571288812725e+00
1.238894840532774388e+01 1.407172632315241811e+00
1.239122725953597737e+01 1.407353865913454349e+00
1.239677845071570417e+01 1.407792693341670898e+00
1.240380591408417388e+01 1.408412754368100206e+00
1.240594885319111640e+01 1.408592763887515087e+00
1.241121333320874953e+01 1.409032815394529514e+00
1.241815156516368113e+01 1.409652876420958600e+00
1.242067044684625188e+01 1.409903061827957105e+00
1.242441308470803030e+01 1.410272937447387909e+00
1.243045322554859311e+01 1.410892998473817217e+00
1.243539204050138913e+01 1.411397286377198856e+00
1.243652980698671051e+01 1.411513059500246303e+00
1.244283451307744848e+01 1.412133120526675611e+00
1.244832781116132558e+01 1.412753181553104920e+00
1.245011363415652639e+01 1.412967768461595108e+00
1.245350579265061874e+01 1.413373242579534006e+00
1.245886256890655730e+01 1.413993303605963314e+00
1.246356984658306999e+01 1.414613364632392623e+00
1.246483522781166187e+01 1.414791172065083869e+00
1.246799790793410878e+01 1.415233425658821709e+00
1.247185157760068464e+01 1.415853486685251017e+00
1.247569883994825091e+01 1.416473547711680325e+00
1.247955682146679912e+01 1.417063890601051757e+00
1.247975199988537653e+01 1.417093608738109412e+00
1.248323129668263931e+01 1.417713669764538720e+00
1.248660851888828027e+01 1.418333730790968250e+00
1.248995926372784027e+01 1.418953791817397114e+00
1.249322247522170670e+01 1.419573852843826423e+00
1.249427841512193638e+01 1.419789437726543868e+00
1.249627038271569646e+01 1.420193913870255731e+00
1.249884143478067244e+01 1.420813974896684817e+00
1.250105247086635885e+01 1.421434035923114125e+00
1.250355011043725639e+01 1.422054096949543434e+00
1.250589241974021348e+01 1.422674157975972520e+00
1.250777168285014440e+01 1.423294219002401828e+00
1.250900000877707186e+01 1.423741709422025714e+00
1.250947646735911967e+01 1.423914280028831136e+00
1.251103232235839613e+01 1.424534341055260223e+00
1.251251498048861777e+01 1.425154402081689531e+00
1.251391183943024998e+01 1.425774463108118839e+00
1.251510031111829058e+01 1.426394524134547925e+00
1.251608068465690948e+01 1.427014585160977234e+00
1.251682191045808068e+01 1.427634646187406542e+00
1.251757353216552815e+01 1.428254707213835628e+00
1.251818035203882573e+01 1.428874768240264936e+00
1.251881129051888664e+01 1.429494829266694245e+00
1.251873041510567930e+01 1.430114890293123331e+00
1.251878975788511639e+01 1.430734951319552639e+00
1.251826339194259852e+01 1.431355012345981947e+00
1.251763270828983288e+01 1.431975073372411034e+00
1.251700832268008412e+01 1.432595134398840342e+00
1.251607208585256181e+01 1.433215195425269428e+00
1.251483747538635782e+01 1.433835256451698736e+00
1.251341655868619540e+01 1.434455317478128045e+00
1.251195496591714829e+01 1.435075378504557353e+00
1.250998490590126622e+01 1.435695439530986661e+00
1.250900000877707186e+01 1.435990123724583567e+00
1.250791755096056335e+01 1.436315500557415747e+00
1.250526814719287927e+01 1.436935561583844834e+00
1.250270906161155793e+01 1.437555622610274142e+00
1.249967442911218285e+01 1.438175683636703450e+00
1.249647009437525291e+01 1.438795744663132758e+00
1.249427841512193638e+01 1.439191868313996814e+00
1.249304071453641285e+01 1.439415805689561845e+00
1.248931186677070038e+01 1.440035866715991153e+00
1.248550341507947081e+01 1.440655927742420239e+00
1.248165732037817932e+01 1.441275988768849547e+00
1.247955682146680090e+01 1.441553453204868607e+00
1.247696166321751932e+01 1.441896049795278856e+00
1.247200821536027782e+01 1.442516110821708164e+00
1.246690730350130139e+01 1.443136171848137250e+00
1.246483522781166187e+01 1.443358640329719611e+00
1.246112332208426920e+01 1.443756232874566559e+00
1.245515542667907560e+01 1.444376293900995645e+00
1.245011363415652639e+01 1.444878445798308153e+00
1.244892711705878696e+01 1.444996354927424953e+00
1.244193585971578742e+01 1.445616415953854261e+00
1.243539204050138913e+01 1.446187269494749961e+00
1.243482648333007745e+01 1.446236476980283570e+00
1.242686925490189331e+01 1.446856538006712656e+00
1.242067044684625188e+01 1.447363993439482854e+00
1.241929302067968877e+01 1.447476599033141964e+00
1.241094386721885812e+01 1.448096660059571050e+00
1.240594885319111640e+01 1.448445042907574587e+00
1.240205424562576653e+01 1.448716721086000359e+00
1.239265570122555182e+01 1.449336782112429667e+00
1.239122725953597737e+01 1.449435307082603597e+00
1.238367580509064148e+01 1.449956843138858531e+00
1.237650566588084189e+01 1.450399277574906831e+00
1.237362738081721680e+01 1.450576904165288061e+00
1.236322978936828321e+01 1.451196965191717370e+00
1.236178407222570641e+01 1.451282245849972341e+00
1.235274045356652195e+01 1.451817026218146456e+00
1.234706247857056738e+01 1.452135857703532817e+00
1.234172022528399282e+01 1.452437087244575764e+00
1.233234088491543190e+01 1.452939820041422081e+00
1.233016537993813699e+01 1.453057148271005072e+00
1.231798868857070417e+01 1.453677209297434159e+00
1.231761929126029642e+01 1.453696339185081232e+00
1.230607500029347889e+01 1.454297270323863467e+00
1.230289769760515739e+01 1.454455628680769941e+00
1.229371172707545412e+01 1.454917331350292775e+00
1.228817610395002191e+01 1.455193369599412589e+00
1.228134471955946339e+01 1.455537392376721861e+00
1.227345451029488466e+01 1.455915419654128851e+00
1.226845649747571088e+01 1.456157453403151170e+00
1.225873291663974740e+01 1.456616301115957635e+00
1.225535761629740250e+01 1.456777514429580478e+00
1.224401132298461192e+01 1.457324243535960573e+00
1.224251114951217900e+01 1.457397575456009564e+00
1.222928972932947467e+01 1.458004980199572698e+00
1.222901776259100615e+01 1.458017636482438872e+00
1.221562936548472855e+01 1.458637697508868181e+00
1.221456813567433741e+01 1.458684095126679070e+00
1.220163525818940187e+01 1.459257758535297045e+00
1.219984654201920016e+01 1.459335715236806275e+00
1.218758211989912432e+01 1.459877819561726575e+00
1.218512494836406468e+01 1.459983912388989946e+00
1.217339829131561402e+01 1.460497880588155883e+00
1.217040335470892742e+01 1.460626322454253057e+00
1.215911418424296642e+01 1.461117941614585192e+00
1.215568176105379194e+01 1.461264257849258286e+00
1.214472195136338861e+01 1.461738002641014500e+00
1.214096016739865647e+01 1.461897419520973962e+00
1.213024088537425271e+01 1.462358063667443364e+00
1.212623857374351743e+01 1.462527960081077216e+00
1.211577705179037068e+01 1.462978124693872672e+00
1.211151698008838196e+01 1.463153829313959209e+00
1.210088416704030578e+01 1.463598185720301981e+00
1.209679538643324292e+01 1.463769955358748653e+00
1.208624313125924132e+01 1.464218246746731289e+00
1.208207379277810745e+01 1.464390995950251018e+00
1.207139242700508674e+01 1.464838307773160153e+00
1.206735219912297197e+01 1.465000625560764824e+00
1.205603900374278226e+01 1.465458368799589683e+00
1.205263060546783471e+01 1.465590792636924045e+00
1.204015427182461195e+01 1.466078429826018992e+00
1.203790901181269746e+01 1.466165374636264840e+00
1.202420230728457895e+01 1.466698490852448078e+00
1.202318741815756198e+01 1.466736996730052534e+00
1.200846582450242472e+01 1.467297695775831023e+00
1.200791979512023033e+01 1.467318551878877386e+00
1.199374423084728747e+01 1.467846792737587336e+00
1.199127696540267607e+01 1.467938612905306695e+00
1.197902263719215199e+01 1.468383229597316042e+00
1.197417578065998711e+01 1.468558673931735781e+00
1.196430104353701473e+01 1.468908207885017747e+00
1.195662112555728029e+01 1.469178734958164867e+00
1.194957944988187748e+01 1.469419825741085983e+00
1.193841927296113603e+01 1.469798795984594397e+00
1.193485785622674200e+01 1.469916667184467007e+00
1.192013626257160475e+01 1.470399114014259379e+00
1.191952896549237728e+01 1.470418857011023483e+00
1.190541466891646749e+01 1.470866899991950749e+00
1.189991469114977818e+01 1.471038918037452792e+00
1.189069307526133201e+01 1.471319800239944797e+00
1.187934880734836973e+01 1.471658979063882100e+00
1.187597148160619298e+01 1.471757740654639157e+00
1.186124988795105750e+01 1.472180931600399534e+00
1.185777151053480694e+01 1.472279040090311186e+00
1.184652829429592202e+01 1.472592896838641696e+00
1.183526346616647729e+01 1.472899101116740495e+00
1.183180670064078477e+01 1.472989928051078312e+00
1.181708510698564751e+01 1.473367674251344628e+00
1.181100651755263442e+01 1.473519162143169803e+00
1.180236351333051203e+01 1.473732778494651008e+00
1.178764191967537300e+01 1.474083601417737421e+00
1.178523351462674817e+01 1.474139223169598889e+00
1.177292032602023752e+01 1.474419071744035747e+00
1.175819873236510205e+01 1.474738528733604781e+00
1.175720825206855125e+01 1.474759284196028197e+00
1.174347713870996301e+01 1.475042374536958523e+00
1.172875554505482754e+01 1.475329745237489609e+00
1.172609852263512487e+01 1.475379345222457506e+00
1.171403395139968850e+01 1.475600039129246088e+00
1.169931235774455303e+01 1.475853651061813654e+00
1.169031561059944657e+01 1.475999406248886592e+00
1.168459076408941755e+01 1.476090839154397427e+00
1.166986917043428029e+01 1.476311580845715898e+00
1.165514757677914304e+01 1.476515448767730776e+00
1.164701288960660897e+01 1.476619467275315900e+00
1.164042598312400756e+01 1.476703586736225038e+00
1.162570438946887030e+01 1.476876159658650378e+00
1.161098279581373305e+01 1.477031718705339891e+00
1.159626120215859757e+01 1.477170081912941413e+00
1.158787325231245902e+01 1.477239528301744986e+00
1.158153960850346031e+01 1.477291241297220559e+00
1.156681801484832306e+01 1.477395490241313336e+00
1.155209642119318758e+01 1.477482705426173215e+00
1.153737482753805033e+01 1.477552874555481122e+00
1.152265323388291307e+01 1.477605999171257123e+00
1.150793164022777759e+01 1.477641949753273565e+00
1.149321004657264034e+01 1.477660736927930429e+00
1.147848845291750308e+01 1.477662329409471287e+00
1.146376685926236760e+01 1.477646464232880152e+00
1.144904526560723035e+01 1.477612924838009878e+00
1.143432367195209309e+01 1.477561690856346477e+00
1.141960207829695761e+01 1.477492399847615268e+00
1.140488048464182036e+01 1.477404842725130063e+00
1.139015889098668310e+01 1.477298826776668017e+00
1.138318150305153509e+01 1.477239528301744986e+00
1.137543729733154763e+01 1.477174404606422575e+00
1.136071570367641037e+01 1.477031353156951443e+00
1.134599411002127312e+01 1.476868888172235161e+00
1.133127251636613764e+01 1.476686457330466995e+00
1.132640677490921988e+01 1.476619467275315900e+00
1.131655092271100038e+01 1.476486503164224251e+00
1.130182932905586313e+01 1.476267494020280235e+00
1.128710773540072765e+01 1.476027381994163612e+00
1.128552800276121104e+01 1.475999406248886814e+00
1.127238614174559039e+01 1.475768696534369262e+00
1.125766454809045314e+01 1.475488591203550914e+00
1.125232876007044069e+01 1.475379345222457506e+00
1.124294295443531766e+01 1.475186616082215796e+00
1.122822136078017863e+01 1.474862064304933051e+00
1.122385122309664851e+01 1.474759284196028197e+00
1.121349976712504315e+01 1.474520423671510816e+00
1.119877817346990945e+01 1.474157728739566187e+00
1.119806766417455890e+01 1.474139223169598889e+00
1.118405657981477042e+01 1.473773130277082899e+00
1.117488408781628806e+01 1.473519162143169803e+00
1.116933498615963316e+01 1.473366791487731309e+00
1.115461339250449591e+01 1.472940108863228792e+00
1.115326305683043628e+01 1.472899101116740495e+00
1.113989179884936220e+01 1.472494451274682259e+00
1.113310824869435933e+01 1.472279040090311186e+00
1.112517020519422317e+01 1.472024948348694906e+00
1.111423175450897105e+01 1.471658979063882100e+00
1.111044861153908592e+01 1.471533601352167597e+00
1.109613526762156077e+01 1.471038918037452792e+00
1.109572701788395044e+01 1.471024725699754176e+00
1.108100542422881318e+01 1.470493551130763521e+00
1.107900860308757807e+01 1.470418857011023483e+00
1.106628383057367415e+01 1.469939265770774384e+00
1.106268072403177705e+01 1.469798795984594397e+00
1.105156223691853867e+01 1.469361762851122855e+00
1.104705009366064061e+01 1.469178734958165089e+00
1.103684064326340319e+01 1.468759130197603735e+00
1.103210336016018012e+01 1.468558673931735781e+00
1.102211904960826594e+01 1.468140613338878131e+00
1.101742150302279377e+01 1.467938612905306695e+00
1.100739745595312868e+01 1.467503521443668246e+00
1.100323692578442447e+01 1.467318551878877386e+00
1.099267586229799321e+01 1.466842211321897071e+00
1.098955813790680480e+01 1.466698490852448078e+00
1.097795426864285595e+01 1.466165011162068543e+00
1.097610911524908950e+01 1.466078429826018992e+00
1.096323267498771870e+01 1.465460939358991466e+00
1.096318001906779571e+01 1.465458368799589906e+00
1.095058296208517312e+01 1.464838307773160375e+00
1.094851108133258322e+01 1.464735630077322881e+00
1.093824550381745730e+01 1.464218246746731289e+00
1.093378948767744596e+01 1.463989757880165277e+00
1.092626040977550161e+01 1.463598185720301981e+00
1.091906789402230871e+01 1.463215667610607174e+00
1.091465616793576388e+01 1.462978124693872450e+00
1.090434630036717323e+01 1.462419816377643178e+00
1.090321812097626086e+01 1.462358063667443586e+00
1.089186311788465922e+01 1.461738002641014278e+00
1.088962470671203775e+01 1.461613094382259170e+00
1.088082996226211208e+01 1.461117941614584970e+00
1.087490311305689872e+01 1.460781532701946217e+00
1.086994325918499626e+01 1.460497880588155883e+00
1.086018151940176324e+01 1.459921047970220043e+00
1.085945402808083493e+01 1.459877819561726575e+00
1.084921305778502010e+01 1.459257758535297267e+00
1.084545992574662598e+01 1.459028694477320531e+00
1.083907821451361286e+01 1.458637697508867959e+00
1.083073833209148873e+01 1.458114668958255589e+00
1.082919470344301516e+01 1.458017636482439094e+00
1.081937252729890808e+01 1.457397575456009564e+00
1.081601673843635325e+01 1.457181346019803314e+00
1.080975746497213663e+01 1.456777514429580478e+00
1.080129514478121422e+01 1.456227090213914055e+00
1.080022417699592729e+01 1.456157453403151170e+00
1.079086966382536872e+01 1.455537392376721861e+00
1.078657355112607874e+01 1.455247791648478728e+00
1.078166026842927572e+01 1.454917331350292775e+00
1.077260105023263748e+01 1.454297270323863467e+00
1.077185195747094326e+01 1.454245235683083726e+00
1.076364915279388335e+01 1.453677209297434159e+00
1.075713036381580601e+01 1.453208950926960341e+00
1.075500677684668638e+01 1.453057148271005072e+00
1.074638199723625576e+01 1.452437087244575764e+00
1.074240877016066875e+01 1.452145893400127896e+00
1.073789400837640962e+01 1.451817026218146456e+00
1.072956493323745875e+01 1.451196965191717370e+00
1.072768717650553327e+01 1.451055728527619104e+00
1.072127492878581734e+01 1.450576904165287839e+00
1.071327840060136261e+01 1.449956843138858753e+00
1.071296558285039602e+01 1.449932679412059278e+00
1.070518583235305421e+01 1.449336782112429667e+00
1.069824398919525699e+01 1.448791431616920367e+00
1.069728354646863799e+01 1.448716721086000359e+00
1.068946682080251165e+01 1.448096660059571050e+00
1.068352239554012328e+01 1.447610712989397586e+00
1.068186295183321022e+01 1.447476599033141964e+00
1.067424709427670493e+01 1.446856538006712656e+00
1.066880080188498781e+01 1.446399134861179769e+00
1.066684165672775109e+01 1.446236476980283570e+00
1.065943453300372745e+01 1.445616415953854261e+00
1.065407920822984877e+01 1.445160983431907686e+00
1.065211778677479693e+01 1.444996354927424731e+00
1.064490178139523380e+01 1.444376293900995645e+00
1.063935761457471330e+01 1.443885474866330565e+00
1.063787762697757522e+01 1.443756232874566559e+00
1.063076084261417620e+01 1.443136171848137250e+00
1.062463602091957604e+01 1.442579668274178051e+00
1.062392602384376694e+01 1.442516110821708164e+00
1.061703846626937420e+01 1.441896049795278856e+00
1.061040000187169952e+01 1.441275988768849547e+00
1.060991442726443879e+01 1.441230233155017304e+00
1.060372425675640073e+01 1.440655927742420239e+00
1.059724434891349709e+01 1.440035866715991153e+00
1.059519283360930331e+01 1.439835544817925195e+00
1.059082204568468377e+01 1.439415805689561845e+00
1.058446236212643221e+01 1.438795744663132758e+00
1.058047123995416605e+01 1.438392732206040803e+00
1.057828325886313081e+01 1.438175683636703450e+00
1.057209697049707664e+01 1.437555622610274142e+00
1.056606131216325117e+01 1.436935561583844834e+00
1.056574964629902880e+01 1.436903118105707033e+00
1.056000042260969352e+01 1.436315500557415747e+00
1.055405643765806012e+01 1.435695439530986217e+00
1.055102805264389332e+01 1.435370874307127842e+00
1.054821647336252077e+01 1.435075378504557353e+00
1.054249691776239573e+01 1.434455317478128045e+00
1.053687220852406448e+01 1.433835256451698736e+00
1.053630645898875606e+01 1.433772315900526007e+00
1.053119711319000729e+01 1.433215195425269428e+00
1.052574816252424128e+01 1.432595134398840120e+00
1.052158486533361881e+01 1.432109129191152963e+00
1.052041235994938084e+01 1.431975073372411034e+00
1.051511907081382269e+01 1.431355012345981947e+00
1.050982799973204607e+01 1.430734951319552639e+00
1.050686327167847978e+01 1.430377409056549531e+00
1.050463882635592050e+01 1.430114890293123331e+00
1.049954334711305926e+01 1.429494829266694245e+00
1.049448692503606217e+01 1.428874768240264936e+00
1.049214167802334607e+01 1.428581881154853406e+00
1.048946169846515453e+01 1.428254707213835628e+00
1.048448917517105095e+01 1.427634646187406542e+00
1.047962112914099819e+01 1.427014585160977234e+00
1.047742008436820882e+01 1.426727802461599914e+00
1.047480092709162847e+01 1.426394524134547925e+00
1.047003146599389822e+01 1.425774463108118839e+00
1.046543375571306633e+01 1.425154402081689531e+00
1.046269849071307156e+01 1.424786287646290450e+00
1.046077994583681203e+01 1.424534341055260223e+00
1.045612386843359332e+01 1.423914280028831136e+00
1.045151813106028982e+01 1.423294219002401828e+00
1.044797689705793609e+01 1.422793263023011123e+00
1.044711348635290982e+01 1.422674157975972520e+00
1.044262382058146521e+01 1.422054096949543434e+00
1.043823182688228712e+01 1.421434035923114125e+00
1.043391441841953515e+01 1.420813974896684817e+00
1.043325530340279883e+01 1.420717417349357969e+00
1.042958888762054670e+01 1.420193913870255731e+00
1.042539212710753205e+01 1.419573852843826423e+00
1.042127577347126177e+01 1.418953791817397114e+00
1.041853370974766158e+01 1.418535023089750879e+00
1.041718051842572379e+01 1.418333730790968028e+00
1.041296456734417397e+01 1.417713669764538720e+00
1.040891960554911577e+01 1.417093608738109412e+00
1.040493946870481778e+01 1.416473547711680325e+00
1.040381211609252432e+01 1.416295471146627571e+00
1.040093826880121242e+01 1.415853486685250795e+00
1.039695903561543133e+01 1.415233425658821709e+00
1.039316075134894390e+01 1.414613364632392623e+00
1.038943859631050692e+01 1.413993303605963314e+00
1.038909052243738884e+01 1.413934988925912295e+00
1.038564474910437418e+01 1.413373242579534006e+00
1.038189900451071424e+01 1.412753181553104920e+00
1.037825399307635976e+01 1.412133120526675611e+00
1.037476415584301570e+01 1.411513059500246303e+00
1.037436892878225159e+01 1.411441117821774949e+00
1.037127419585726784e+01 1.410892998473817217e+00
1.036782356328241939e+01 1.410272937447387687e+00
1.036444108051051494e+01 1.409652876420958600e+00
1.036115293101250145e+01 1.409032815394529514e+00
1.035964733512711433e+01 1.408753435907101448e+00
1.035775956411633203e+01 1.408412754368100206e+00
1.035449981897089167e+01 1.407792693341670898e+00
1.035133228087045509e+01 1.407172632315241811e+00
1.034825995863173986e+01 1.406552571288812281e+00
1.034518875481872868e+01 1.405932510262383417e+00
1.034492574147197885e+01 1.405877129219714972e+00
1.034216752114872762e+01 1.405312449235954109e+00
1.033924275631537881e+01 1.404692388209524800e+00
1.033635697726268710e+01 1.404072327183095492e+00
1.033362529354534587e+01 1.403452266156666406e+00
1.033089509399785477e+01 1.402832205130237098e+00
1.033020414781684160e+01 1.402660940703466030e+00
1.032834093521136332e+01 1.402212144103808233e+00
1.032582035743625681e+01 1.401592083077378703e+00
1.032340313548112043e+01 1.400972022050949395e+00
1.032108174326455341e+01 1.400351961024520087e+00
1.031877516402393091e+01 1.399731899998091000e+00
1.031663008816470217e+01 1.399111838971661692e+00
1.031548255416170434e+01 1.398780463317590872e+00
1.031445352554572636e+01 1.398491777945232606e+00
1.031248503634526514e+01 1.397871716918803298e+00
1.031062088107676367e+01 1.397251655892373989e+00
1.030889570760749585e+01 1.396631594865944681e+00
1.030717801102282039e+01 1.396011533839515595e+00
1.030553320538179385e+01 1.395391472813086287e+00
1.030404356267846389e+01 1.394771411786657200e+00
1.030263640479089915e+01 1.394151350760227892e+00
1.030129755437805983e+01 1.393531289733798584e+00
1.030076096050656886e+01 1.393242342258084410e+00
1.030012727087800783e+01 1.392911228707369276e+00
1.029906422910099550e+01 1.392291167680940411e+00
1.029817915563921993e+01 1.391671106654510881e+00
1.029738988745857142e+01 1.391051045628081795e+00
1.029663785388755670e+01 1.390430984601652487e+00
1.029605444295194872e+01 1.389810923575223178e+00
1.029535782074051653e+01 1.389190862548794314e+00
1.029504274296809108e+01 1.388570801522364784e+00
1.029480320025701090e+01 1.387950740495935475e+00
1.029463655635514385e+01 1.387330679469506389e+00
1.029465037229141089e+01 1.386710618443077081e+00
1.029480870809755899e+01 1.386090557416647773e+00
1.029504770099159217e+01 1.385470496390218686e+00
1.029542805144639139e+01 1.384850435363789378e+00
1.029591615998448262e+01 1.384230374337360070e+00
1.029661914880442453e+01 1.383610313310930984e+00
1.029738087047000406e+01 1.382990252284501675e+00
1.029842661644299717e+01 1.382370191258072367e+00
1.029958913343070215e+01 1.381750130231643281e+00
1.030076096050656886e+01 1.381156241961637887e+00
1.030081206107324299e+01 1.381130069205213973e+00
1.030226046457479683e+01 1.380510008178784664e+00
1.030385565494030686e+01 1.379889947152355578e+00
1.030562666253772619e+01 1.379269886125926270e+00
1.030754830538450761e+01 1.378649825099496962e+00
1.030958212278602204e+01 1.378029764073067875e+00
1.031190172687121276e+01 1.377409703046638567e+00
1.031439748203808726e+01 1.376789642020209259e+00
1.031548255416170434e+01 1.376544805881233291e+00
1.031714812503539314e+01 1.376169580993780173e+00
1.032014046385758554e+01 1.375549519967350864e+00
1.032326064125927800e+01 1.374929458940921556e+00
1.032660230716467176e+01 1.374309397914492470e+00
1.033015211290444135e+01 1.373689336888063162e+00
1.033020414781684160e+01 1.373681165732942411e+00
1.033414385703055061e+01 1.373069275861633853e+00
1.033827164415284550e+01 1.372449214835204767e+00
1.034277705689507698e+01 1.371829153808775237e+00
1.034492574147197885e+01 1.371548003128062021e+00
1.034756228770380204e+01 1.371209092782346151e+00
1.035268117599250992e+01 1.370589031755917064e+00
1.035834723520558498e+01 1.369968970729487756e+00
1.035964733512711433e+01 1.369830690595693179e+00
1.036429665747703766e+01 1.369348909703058448e+00
1.037063120677374961e+01 1.368728848676629362e+00
1.037436892878225159e+01 1.368384689314613878e+00
1.037746071829997341e+01 1.368108787650200053e+00
1.038484953311950854e+01 1.367488726623770745e+00
1.038909052243738884e+01 1.367159191526209350e+00
1.039297590753917078e+01 1.366868665597341659e+00
1.040165282934322732e+01 1.366248604570912351e+00
1.040381211609252432e+01 1.366100943119509470e+00
1.041104200754955400e+01 1.365628543544483042e+00
1.041853370974766158e+01 1.365168580668215004e+00
1.042127611049227731e+01 1.365008482518053956e+00
1.043251594760868883e+01 1.364388421491624870e+00
1.043325530340279705e+01 1.364349367489283704e+00
1.044492581557718580e+01 1.363768360465195340e+00
1.044797689705793431e+01 1.363625394074950981e+00
1.045883455992368560e+01 1.363148299438766031e+00
1.046269849071307156e+01 1.362984426323670561e+00
1.047425706540620638e+01 1.362528238412336945e+00
1.047742008436820882e+01 1.362408082134507925e+00
1.049165780814120552e+01 1.361908177385908081e+00
1.049214167802334607e+01 1.361891965128055659e+00
1.050686327167848155e+01 1.361434879837721379e+00
1.051204307874564314e+01 1.361288116359478551e+00
1.052158486533361881e+01 1.361027603969529931e+00
1.053613956041614763e+01 1.360668055333049242e+00
1.053630645898875606e+01 1.360664064886086821e+00
1.055102805264389332e+01 1.360341618714537626e+00
1.056574964629902880e+01 1.360055353204350226e+00
1.056616857011140098e+01 1.360047994306619934e+00
1.058047123995416428e+01 1.359800405404299806e+00
1.059519283360930331e+01 1.359576558736186325e+00
1.060636742621754003e+01 1.359427933280190848e+00
1.060991442726443879e+01 1.359381548711908749e+00
1.062463602091957782e+01 1.359213047058870583e+00
1.063935761457471330e+01 1.359069873228911263e+00
1.065407920822984877e+01 1.358950302575199220e+00
1.066880080188498603e+01 1.358853054043270170e+00
1.067751522886031523e+01 1.358807872253761539e+00
1.068352239554012328e+01 1.358776786278382165e+00
