1.252460151288207335e+01 9.989180304208042926e-01
1.253295423817315601e+01 9.988592752976886979e-01
1.254130696346424045e+01 9.988089676787523796e-01
1.254965968875532312e+01 9.987690902125303527e-01
1.255801241404640578e+01 9.987500869649489355e-01
1.256636513933749022e+01 9.987267436501929829e-01
1.257471786462857644e+01 9.987097283799484249e-01
1.258307058991965732e+01 9.987108696390042395e-01
1.259142331521073999e+01 9.987071167054826226e-01
1.259977604050182443e+01 9.987141678745181661e-01
1.260812876579290887e+01 9.987369261183131064e-01
1.261648149108399153e+01 9.987713940517538580e-01
1.262483421637507419e+01 9.987974445932350509e-01
1.263318694166615863e+01 9.988432525274651974e-01
1.264153966695724307e+01 9.988870073035640562e-01
1.264989239224832573e+01 9.989261745960271721e-01
1.265546702948315527e+01 9.989556354325113130e-01
1.265824511753940840e+01 9.989662038408481104e-01
1.266659784283049284e+01 9.990165055009624373e-01
1.267495056812157550e+01 9.990610715232057792e-01
1.268330329341265994e+01 9.991171494775771267e-01
1.269165601870374260e+01 9.991868055916429681e-01
1.270000874399482527e+01 9.992650013918784602e-01
1.270836146928590971e+01 9.993529523195923137e-01
1.271671419457699415e+01 9.994515387131484019e-01
1.272506691986807681e+01 9.995659482455889755e-01
1.273341964515915947e+01 9.996970335314407929e-01
1.274177237045024391e+01 9.998545439885979658e-01
1.275012509574132480e+01 1.000011816276241472e+00
1.275847782103241101e+01 1.000190324649218310e+00
1.276683054632349368e+01 1.000381111890846109e+00
1.277518327161457812e+01 1.000588843928190030e+00
1.278353599690566078e+01 1.000796272461420555e+00
1.279188872219674522e+01 1.001013392181663963e+00
1.280024144748782788e+01 1.001244215687972616e+00
1.280859417277891055e+01 1.001477468713471985e+00
1.281694689806999676e+01 1.001704591194297223e+00
1.282529962336107765e+01 1.001938362687894823e+00
1.283365234865216209e+01 1.002149790615016522e+00
1.284200507394324475e+01 1.002373762884387176e+00
1.285035779923432919e+01 1.002603553417926285e+00
1.285871052452541186e+01 1.002809923753056109e+00
1.286686820630819739e+01 1.003028302945166983e+00
1.286706324981649630e+01 1.003033106160291954e+00
1.287541597510757896e+01 1.003231327444994214e+00
1.288376870039866162e+01 1.003443571322793382e+00
1.289212142568974606e+01 1.003654868303237579e+00
1.290047415098083050e+01 1.003904310139276390e+00
1.290882687627191316e+01 1.004142828528419518e+00
1.291717960156299583e+01 1.004423099638627859e+00
1.292553232685408027e+01 1.004715353469018302e+00
1.293388505214516471e+01 1.005037350041910083e+00
1.294223777743624737e+01 1.005381166064797993e+00
1.295059050272733003e+01 1.005749146042539177e+00
1.295894322801841270e+01 1.006173037173808238e+00
1.296729595330949714e+01 1.006634045062388072e+00
1.297483561408825281e+01 1.007100970457822875e+00
1.297564867860058158e+01 1.007164706334369386e+00
1.298400140389166424e+01 1.007852116866592818e+00
1.299235412918274868e+01 1.008628486527707757e+00
1.300070685447383134e+01 1.009450165644770081e+00
1.300905957976491578e+01 1.010333341931592521e+00
1.301658203412133652e+01 1.011173637970478545e+00
1.301741230505599844e+01 1.011330722849842711e+00
1.302576503034708111e+01 1.013003798643379083e+00
1.303411775563816555e+01 1.014668934114020260e+00
1.303695092088543994e+01 1.015246305483134215e+00
1.304247048092924999e+01 1.017643960060540920e+00
1.304683325308541342e+01 1.019318972995789885e+00
1.305082320622033265e+01 1.022924488826272738e+00
1.305139404636550893e+01 1.023391640508445777e+00
1.305417948964749364e+01 1.027464308021101447e+00
1.305699675857930409e+01 1.031536975533757117e+00
1.305917593151141531e+01 1.034730700103694279e+00
1.305983335733950845e+01 1.035609643046413009e+00
1.306139232257172900e+01 1.039682310559068679e+00
1.305995742066239806e+01 1.043754978071724349e+00
1.305917593151141531e+01 1.044339997980626267e+00
1.305455132774032556e+01 1.047827645584380241e+00
1.305082320622033265e+01 1.049416542472372704e+00
1.304456146831108398e+01 1.051900313097036133e+00
1.304247048092924999e+01 1.052521257535185217e+00
1.303411775563816555e+01 1.054960609607617616e+00
1.303049520552464813e+01 1.055972980609691581e+00
1.302576503034708111e+01 1.057154197788232608e+00
1.301741230505599844e+01 1.059182623594298267e+00
1.301382714504423355e+01 1.060045648122347473e+00
1.300905957976491578e+01 1.061180898394178840e+00
1.300070685447383134e+01 1.063377461196769902e+00
1.299787742623465192e+01 1.064118315635003142e+00
1.299235412918274868e+01 1.065616334085938366e+00
1.298400140389166424e+01 1.067966729032567841e+00
1.298318859067774689e+01 1.068190983147658812e+00
1.297564867860058158e+01 1.070316145702269850e+00
1.296866791844854028e+01 1.072263650660314482e+00
1.296729595330949714e+01 1.072643605475303241e+00
1.295894322801841270e+01 1.075034695972142851e+00
1.295378478798407684e+01 1.076336318172970374e+00
1.295059050272733003e+01 1.077101950367156169e+00
1.294223777743624737e+01 1.078856900745965852e+00
1.293480587197065645e+01 1.080408985685626044e+00
1.293388505214516471e+01 1.080588312383531591e+00
1.292553232685408027e+01 1.082131725335669259e+00
1.291717960156299583e+01 1.083732408074643105e+00
1.291316272916278329e+01 1.084481653198281714e+00
1.290882687627191316e+01 1.085223281020173403e+00
1.290047415098083050e+01 1.086480011102487264e+00
1.289212142568974606e+01 1.087638896942499711e+00
1.288481045347151088e+01 1.088554320710937606e+00
1.288376870039866340e+01 1.088675158086938266e+00
1.287541597510757896e+01 1.089651200948662746e+00
1.286706324981649630e+01 1.090501380165837642e+00
1.285871052452541363e+01 1.091230104668442946e+00
1.285035779923432919e+01 1.091906416110478117e+00
1.284200507394324475e+01 1.092514355721380781e+00
1.284038903613191884e+01 1.092626988223593276e+00
1.283365234865216031e+01 1.093101062638500709e+00
1.282529962336107943e+01 1.093686053086522669e+00
1.281694689806999321e+01 1.094297742770332205e+00
1.280859417277891055e+01 1.094828487463475053e+00
1.280024144748782788e+01 1.095351782381899453e+00
1.279188872219674522e+01 1.096005841998075825e+00
1.278353599690566078e+01 1.096626072428922294e+00
1.278257611070747579e+01 1.096699655736248946e+00
1.277518327161457989e+01 1.097313873647355997e+00
1.276683054632349368e+01 1.098111973310385237e+00
1.275847782103241101e+01 1.098715188868989889e+00
1.275012509574132835e+01 1.099424113101991951e+00
1.274177237045024569e+01 1.100002698177226179e+00
1.273341964515915947e+01 1.100690020522564927e+00
1.273209723439432040e+01 1.100772323248904838e+00
1.272506691986807681e+01 1.101227051407955182e+00
1.271671419457699237e+01 1.101677693014014858e+00
1.270836146928590971e+01 1.102057221474106452e+00
1.270000874399482527e+01 1.102273967706522750e+00
1.269165601870374260e+01 1.102420337051514876e+00
1.268330329341265994e+01 1.102525396127885582e+00
1.267495056812157728e+01 1.102629077150330872e+00
1.266659784283049284e+01 1.102588135193117491e+00
1.265824511753940840e+01 1.102536219661304884e+00
1.264989239224832573e+01 1.102403307857832360e+00
1.264153966695723952e+01 1.102163929508976015e+00
1.263318694166616041e+01 1.101900190363129806e+00
1.262483421637507419e+01 1.101698407283060455e+00
1.261648149108399153e+01 1.101329857840783299e+00
1.260812876579291064e+01 1.101025421701852025e+00
1.260306166036126641e+01 1.100772323248904838e+00
1.259977604050182443e+01 1.100618146831994881e+00
1.259142331521073999e+01 1.100194561338433408e+00
1.258307058991965732e+01 1.099838248348209646e+00
1.257471786462857466e+01 1.099458859366908792e+00
1.256636513933749022e+01 1.099058159243623489e+00
1.255801241404640756e+01 1.098718307331422395e+00
1.254965968875532312e+01 1.098386599817243736e+00
1.254130696346423868e+01 1.098059914430099981e+00
1.253295423817315779e+01 1.097808856340218409e+00
1.252460151288207157e+01 1.097640994546496218e+00
1.251624878759098891e+01 1.097506050531802835e+00
1.250789606229990625e+01 1.097305053171416134e+00
1.249954333700882358e+01 1.097119312538437086e+00
1.249119061171773737e+01 1.096799342590840665e+00
1.248681169805000302e+01 1.096699655736248946e+00
1.248283788642665471e+01 1.096614007677190861e+00
1.247448516113557204e+01 1.096292381528190196e+00
1.246613243584448938e+01 1.095848493918685662e+00
1.245777971055340672e+01 1.095335738873446152e+00
1.244942698526232228e+01 1.094761950164493625e+00
1.244107425997123784e+01 1.094140965003715049e+00
1.243272153468015517e+01 1.093501279659822689e+00
1.242436880938907073e+01 1.092794128746829019e+00
1.242252803693682139e+01 1.092626988223593276e+00
1.241601608409798985e+01 1.092057298836693002e+00
1.240766335880690363e+01 1.091339455901826128e+00
1.239931063351582097e+01 1.090580387053689648e+00
1.239095790822473830e+01 1.089823617127620548e+00
1.238260518293365564e+01 1.089066882306321649e+00
1.237712475235230158e+01 1.088554320710937606e+00
1.237425245764256942e+01 1.088294660940297920e+00
1.236589973235148676e+01 1.087472956044233774e+00
1.235754700706040410e+01 1.086599100901280313e+00
1.234919428176931966e+01 1.085654417282267525e+00
1.234084155647823700e+01 1.084625938925670940e+00
1.233971762332195610e+01 1.084481653198281714e+00
1.233248883118715256e+01 1.083528984304051868e+00
1.232413610589606989e+01 1.082342314495541080e+00
1.231578338060498545e+01 1.081192296706482203e+00
1.231104247022610032e+01 1.080408985685626044e+00
1.230743065531390279e+01 1.079798043674455865e+00
1.229907793002281835e+01 1.078241694241530713e+00
1.229072520473173569e+01 1.076660292593144330e+00
1.228914033901882696e+01 1.076336318172970374e+00
1.228237247944065302e+01 1.075027438750518538e+00
1.227401975414957036e+01 1.073399726116669672e+00
1.226804038546689135e+01 1.072263650660314482e+00
1.226566702885848414e+01 1.071864503986709849e+00
1.225731430356740148e+01 1.070508333240070664e+00
1.224896157827631882e+01 1.069180010199443309e+00
1.224216755314093596e+01 1.068190983147658812e+00
1.224060885298523438e+01 1.067990652819760244e+00
1.223225612769415349e+01 1.066937297600166090e+00
1.222390340240306728e+01 1.065899654182333345e+00
1.221555067711198461e+01 1.064871386049861757e+00
1.220923260454673809e+01 1.064118315635003142e+00
1.220719795182090195e+01 1.063890088356943986e+00
1.219884522652981929e+01 1.063005570816689671e+00
1.219049250123873307e+01 1.061958051447816409e+00
1.218213977594765041e+01 1.060860619929778981e+00
1.217625335001429576e+01 1.060045648122347473e+00
1.217378705065656774e+01 1.059687757743132508e+00
1.216543432536548330e+01 1.058358190578749358e+00
1.215708160007439886e+01 1.056940960012335395e+00
1.215170156154040626e+01 1.055972980609691581e+00
1.214872887478331620e+01 1.055364045127691552e+00
1.214037614949223354e+01 1.053525283621616238e+00
1.213379337911733025e+01 1.051900313097035911e+00
1.213202342420114910e+01 1.051381542032968852e+00
1.212367069891006821e+01 1.049007800658247280e+00
1.211966272055281557e+01 1.047827645584380241e+00
1.211531797361898199e+01 1.046387988550450565e+00
1.210766257198630669e+01 1.043754978071724349e+00
1.210696524832789933e+01 1.043517356716275435e+00
1.209861252303681489e+01 1.040633044516752426e+00
1.209583181870375412e+01 1.039682310559068679e+00
1.209025979774573223e+01 1.037942547502444635e+00
1.208283810056333607e+01 1.035609643046413009e+00
1.208190707245464779e+01 1.035338098566052523e+00
1.207355434716356513e+01 1.032792494118159654e+00
1.206947544682338602e+01 1.031536975533757117e+00
1.206520162187248246e+01 1.030191385427675410e+00
1.205684889658139802e+01 1.027643392543491352e+00
1.205627872192292571e+01 1.027464308021101447e+00
1.204849617129031536e+01 1.024445715792273726e+00
1.204590549372808184e+01 1.023391640508445777e+00
1.204130469303023787e+01 1.019318972995789885e+00
1.204686323853623442e+01 1.015246305483134215e+00
1.204849617129031536e+01 1.014939759322821988e+00
1.205684889658139802e+01 1.013455388562956472e+00
1.206520162187248246e+01 1.012074674935642626e+00
1.207066716813153562e+01 1.011173637970478545e+00
1.207355434716356513e+01 1.010913598751823184e+00
1.208190707245464779e+01 1.010192323461950537e+00
1.209025979774573223e+01 1.009525981338549983e+00
1.209861252303681489e+01 1.008876194388932834e+00
1.210696524832789933e+01 1.008246183346017899e+00
1.211531797361898199e+01 1.007617283678113207e+00
1.212239621181781679e+01 1.007100970457822875e+00
1.212367069891006643e+01 1.007028985352767636e+00
1.213202342420114910e+01 1.006555640185776257e+00
1.214037614949223354e+01 1.006102099445747911e+00
1.214872887478331620e+01 1.005677617771134402e+00
1.215708160007439886e+01 1.005253396452622683e+00
1.216543432536548330e+01 1.004878441695599811e+00
1.217378705065656774e+01 1.004529167120308486e+00
1.218213977594765041e+01 1.004198605965652913e+00
1.219049250123873307e+01 1.003891761846367414e+00
1.219884522652981751e+01 1.003617620431568547e+00
1.220719795182090195e+01 1.003357575126027523e+00
1.221555067711198461e+01 1.003118891144954894e+00
1.221926685505448518e+01 1.003028302945166983e+00
1.222390340240306728e+01 1.002912719709087019e+00
1.223225612769415171e+01 1.002708376544960256e+00
1.224060885298523438e+01 1.002522455231492859e+00
1.224896157827631882e+01 1.002353565339549668e+00
1.225731430356740148e+01 1.002180155621012370e+00
1.226566702885848414e+01 1.002029227059041183e+00
1.227401975414956681e+01 1.001885986940467710e+00
1.228237247944065302e+01 1.001735672845321501e+00
1.229072520473173569e+01 1.001601704060560039e+00
1.229907793002281835e+01 1.001473986315131626e+00
1.230743065531390279e+01 1.001358585881556795e+00
1.231578338060498723e+01 1.001258259103199322e+00
1.232413610589606989e+01 1.001171986973382833e+00
1.233248883118715256e+01 1.001084778713861922e+00
1.234084155647823700e+01 1.001005860020264038e+00
1.234919428176931966e+01 1.000923214830498953e+00
1.235754700706040410e+01 1.000838172375996926e+00
1.236589973235148676e+01 1.000749630222447450e+00
1.237425245764256942e+01 1.000674052138975423e+00
1.238260518293365386e+01 1.000594474150779511e+00
1.239095790822473830e+01 1.000508856480694764e+00
1.239931063351582097e+01 1.000419021284938204e+00
1.240766335880690363e+01 1.000324893357408040e+00
1.241601608409798807e+01 1.000221513050235655e+00
1.242436880938907073e+01 1.000120170158508293e+00
1.243272153468015517e+01 1.000011163405115866e+00
1.244107425997123784e+01 9.998868934367650674e-01
1.244942698526232405e+01 9.997747749644607662e-01
1.245777971055340494e+01 9.996553697733202570e-01
1.246613243584448938e+01 9.995368467084599917e-01
1.247448516113557204e+01 9.994221668095795152e-01
1.248283788642665471e+01 9.993174359378402816e-01
1.249119061171773915e+01 9.992211489263926882e-01
1.249954333700882358e+01 9.991237775123901210e-01
1.250789606229990625e+01 9.990469639166780214e-01
1.251624878759098891e+01 9.989819280207176133e-01
1.252032480425129002e+01 9.989556354325113130e-01
1.252460151288207335e+01 9.989180304208042926e-01
