1.241601608409798807e+01 9.907688369882177160e-01
1.242436880938907073e+01 9.906884706998367873e-01
1.243272153468015695e+01 9.905989097765609541e-01
1.244107425997123784e+01 9.904911164451639660e-01
1.244942698526232228e+01 9.903923623185917346e-01
1.245777971055340672e+01 9.902839598440240643e-01
1.246613243584448938e+01 9.901788393829429324e-01
1.247448516113557204e+01 9.900756175429529238e-01
1.248283788642665471e+01 9.899834020065718665e-01
1.249119061171773915e+01 9.898946959257814981e-01
1.249954333700882358e+01 9.898093577085401717e-01
1.250789606229990625e+01 9.897425982498082586e-01
1.251624878759099069e+01 9.896857172187909502e-01
1.252460151288207335e+01 9.896387841659022300e-01
1.253295423817315601e+01 9.896011759299141453e-01
1.254130696346424223e+01 9.895716544216829336e-01
1.254965968875532312e+01 9.895532166304008559e-01
1.255801241404640756e+01 9.895466620109614198e-01
1.256636513933749200e+01 9.895364694979484899e-01
1.257471786462857466e+01 9.895300870815084693e-01
1.258307058991965910e+01 9.895362449401268190e-01
1.259142331521073999e+01 9.895407344667159766e-01
1.259977604050182265e+01 9.895512894880509336e-01
1.260812876579290887e+01 9.895718552077856778e-01
1.261648149108399330e+01 9.896003048698731597e-01
1.262483421637507419e+01 9.896235054470453596e-01
1.263318694166615863e+01 9.896579758613577305e-01
1.264153966695724307e+01 9.896904874462304491e-01
1.264989239224832573e+01 9.897210905241359269e-01
1.265824511753940840e+01 9.897521157496305122e-01
1.266659784283049461e+01 9.898036897779178833e-01
1.267495056812157372e+01 9.898459117233240345e-01
1.268330329341265994e+01 9.899012365335591035e-01
1.269165601870374083e+01 9.899659096012107806e-01
1.270000874399482527e+01 9.900387412728303138e-01
1.270836146928590971e+01 9.901192536527694266e-01
1.271671419457699415e+01 9.902100779213515169e-01
1.272506691986807681e+01 9.903141162304034406e-01
1.273341964515915770e+01 9.904322696306773199e-01
1.274177237045024391e+01 9.905740795655111341e-01
1.275012509574132658e+01 9.907180010029615902e-01
1.275484358955871755e+01 9.908103004071999731e-01
1.275847782103241101e+01 9.908411549727423884e-01
1.276683054632349368e+01 9.909167217708355624e-01
1.277518327161457812e+01 9.909989368707952107e-01
1.278353599690566078e+01 9.910824324177406330e-01
1.279188872219674522e+01 9.911725704179552565e-01
1.280024144748782788e+01 9.912690610281165160e-01
1.280859417277891055e+01 9.913692957506043957e-01
1.281694689806999499e+01 9.914681887871994448e-01
1.282529962336107943e+01 9.915710138742290791e-01
1.283365234865216209e+01 9.916659690887332790e-01
1.284200507394324475e+01 9.917637678006208102e-01
1.285035779923432742e+01 9.918664002665534829e-01
1.285871052452541186e+01 9.919558239901141716e-01
1.286706324981649630e+01 9.920501286978469224e-01
1.287541597510757896e+01 9.921435083211285200e-01
1.288376870039866340e+01 9.922407346622438284e-01
1.289212142568974429e+01 9.923353497195646078e-01
1.290047415098083050e+01 9.924398142115262722e-01
1.290882687627191316e+01 9.925361394292138151e-01
1.291717960156299583e+01 9.926468021405070452e-01
1.292553232685408027e+01 9.927578592198467167e-01
1.293388505214516471e+01 9.928761878362392101e-01
1.294223777743624737e+01 9.929953358176134559e-01
1.295059050272733003e+01 9.931214036625507502e-01
1.295894322801841270e+01 9.932620673284907609e-01
1.296729595330949891e+01 9.934172078742133927e-01
1.297564867860058158e+01 9.935915021714941675e-01
1.298400140389166424e+01 9.937803754274650014e-01
1.299235412918274868e+01 9.940012653126637510e-01
1.300070685447383134e+01 9.942308275209834623e-01
1.300905957976491578e+01 9.944879929938287288e-01
1.301741230505599844e+01 9.947563739043896458e-01
1.302080136516055120e+01 9.948829679198555320e-01
1.302576503034708111e+01 9.949910103729920907e-01
1.303411775563816555e+01 9.951743983202732124e-01
1.304247048092924999e+01 9.953737856776176951e-01
1.305082320622033265e+01 9.955862027887847354e-01
1.305917593151141531e+01 9.958157296869767361e-01
1.306752865680249975e+01 9.960452848582381780e-01
1.307588138209358419e+01 9.962964181466154034e-01
1.308423410738466686e+01 9.965455253477288888e-01
1.309258683267574952e+01 9.968135015208787753e-01
1.310093955796683218e+01 9.970937266529034115e-01
1.310929228325791662e+01 9.973859966136398025e-01
1.311764500854900106e+01 9.976968295785324514e-01
1.312599773384008373e+01 9.980101295784411519e-01
1.313435045913116639e+01 9.983309301229410515e-01
1.314270318442225083e+01 9.986543359000813469e-01
1.315089159150169529e+01 9.989556354325113130e-01
1.315105590971333527e+01 9.989599998668031722e-01
1.315940863500441793e+01 9.991771344506314989e-01
1.316776136029550059e+01 9.993973691286118788e-01
1.317611408558658681e+01 9.996282465843533416e-01
1.318446681087766770e+01 9.998597215738390664e-01
1.319281953616875214e+01 1.000066341851523211e+00
1.320117226145983480e+01 1.000295116328820066e+00
1.320952498675091746e+01 1.000523790251093725e+00
1.321787771204200190e+01 1.000757425802271117e+00
1.322623043733308634e+01 1.001013833956220012e+00
1.323458316262416901e+01 1.001245290424544798e+00
1.324293588791525167e+01 1.001488739099964054e+00
1.325128861320633433e+01 1.001762584718528082e+00
1.325964133849742055e+01 1.002041727084007627e+00
1.326799406378850321e+01 1.002320489203816889e+00
1.327634678907958588e+01 1.002654582320817944e+00
1.328469951437067031e+01 1.003024290062429769e+00
1.328480074364067320e+01 1.003028302945166983e+00
1.329305223966175298e+01 1.003334397968445701e+00
1.330140496495283742e+01 1.003659086441594184e+00
1.330975769024392008e+01 1.004020179452851158e+00
1.331811041553500274e+01 1.004382084503311789e+00
1.332646314082608718e+01 1.004837893966001650e+00
1.333481586611717162e+01 1.005261066799525205e+00
1.334316859140825429e+01 1.005718690733667930e+00
1.335152131669933695e+01 1.006226196651443194e+00
1.335987404199042139e+01 1.006867696591170702e+00
1.336279430700873050e+01 1.007100970457822875e+00
1.336822676728150405e+01 1.007630688388789109e+00
1.337657949257258849e+01 1.008480017354970171e+00
1.338493221786367116e+01 1.009324941948680721e+00
1.339328494315475737e+01 1.010282133300287599e+00
1.340019112243757959e+01 1.011173637970478545e+00
1.340163766844583826e+01 1.011457425876880034e+00
1.340999039373692270e+01 1.013105859214636695e+00
1.341834311902800536e+01 1.014945633099518130e+00
1.341971357511619090e+01 1.015246305483134215e+00
1.342669584431908802e+01 1.018427529271381804e+00
1.342852894278049725e+01 1.019318972995789885e+00
1.342951185170179507e+01 1.023391640508445777e+00
1.342669584431908802e+01 1.026635215706453996e+00
1.342595959574611264e+01 1.027464308021101447e+00
1.342076974892529329e+01 1.031536975533757117e+00
1.341834311902800536e+01 1.033795115164918732e+00
1.341630944235647682e+01 1.035609643046413009e+00
1.341375278850353325e+01 1.039682310559068679e+00
1.341307062463904742e+01 1.043754978071724349e+00
1.341269574804455011e+01 1.047827645584380463e+00
1.341042937053588702e+01 1.051900313097035911e+00
1.340999039373692447e+01 1.052254290977775231e+00
1.340492428440636630e+01 1.055972980609691581e+00
1.340163766844584003e+01 1.057689442936341262e+00
1.339732064766558395e+01 1.060045648122347473e+00
1.339328494315475560e+01 1.062381391364944694e+00
1.339008100318820915e+01 1.064118315635003142e+00
1.338493221786367116e+01 1.067585671327440755e+00
1.338401011370638116e+01 1.068190983147658812e+00
1.337786585488535529e+01 1.072263650660314482e+00
1.337657949257258849e+01 1.072850283841252583e+00
1.336822676728150405e+01 1.076253474167401025e+00
1.336801883753866171e+01 1.076336318172970374e+00
1.335987404199042139e+01 1.078624184571800315e+00
1.335470067608888378e+01 1.080408985685626044e+00
1.335152131669933695e+01 1.081343940102067691e+00
1.334316859140825429e+01 1.083643734550924442e+00
1.334028690998888322e+01 1.084481653198281714e+00
1.333481586611717162e+01 1.086096080056220492e+00
1.332646314082608718e+01 1.088518664586218376e+00
1.332634487210761520e+01 1.088554320710937606e+00
1.331811041553500274e+01 1.091301069062800444e+00
1.331326788431673691e+01 1.092626988223593276e+00
1.330975769024392186e+01 1.093726860851757632e+00
1.330140496495283742e+01 1.096565445653849169e+00
1.330093858929145156e+01 1.096699655736248946e+00
1.329305223966175298e+01 1.099085821564027121e+00
1.328684788696287811e+01 1.100772323248904838e+00
1.328469951437067209e+01 1.101336366812392997e+00
1.327634678907958588e+01 1.103372442321211455e+00
1.327043998285421367e+01 1.104844990761560508e+00
1.326799406378850321e+01 1.105440776037938111e+00
1.325964133849741877e+01 1.107539859135665328e+00
1.325297092952003730e+01 1.108917658274216178e+00
1.325128861320633611e+01 1.109262125854870273e+00
1.324293588791525167e+01 1.111245463385982291e+00
1.323458316262416901e+01 1.112949672555794356e+00
1.323436462915524814e+01 1.112990325786872070e+00
1.322623043733308634e+01 1.114401700766471937e+00
1.321787771204200013e+01 1.115986658864823733e+00
1.321152170571533446e+01 1.117062993299527740e+00
1.320952498675091924e+01 1.117354709511411137e+00
1.320117226145983480e+01 1.118537979495219492e+00
1.319281953616875214e+01 1.119815135249517812e+00
1.318446681087766947e+01 1.120973029320308401e+00
1.318335503408142984e+01 1.121135660812183410e+00
1.317611408558658326e+01 1.122101248794151740e+00
1.316776136029550059e+01 1.123095243442307822e+00
1.315940863500441793e+01 1.124430474267316127e+00
1.315428034346084374e+01 1.125208328324839080e+00
1.315105590971333349e+01 1.125713939743233194e+00
1.314270318442225083e+01 1.127283255853639865e+00
1.313435045913116639e+01 1.129022125431133672e+00
1.313320569213950506e+01 1.129280995837494972e+00
1.312599773384008373e+01 1.131119476348973585e+00
1.311764500854900106e+01 1.133201521554574764e+00
1.311713194087578316e+01 1.133353663350150642e+00
1.310929228325791662e+01 1.135880202045243648e+00
1.310403907123206935e+01 1.137426330862806312e+00
1.310093955796683218e+01 1.138361437710401436e+00
1.309258683267574952e+01 1.140456128328891872e+00
1.308852071368007230e+01 1.141498998375462204e+00
1.308423410738466686e+01 1.142591298254717058e+00
1.307588138209358419e+01 1.144453060721246640e+00
1.307018962250241856e+01 1.145571665888117874e+00
1.306752865680249975e+01 1.146098877210639300e+00
1.305917593151141531e+01 1.147539512376969828e+00
1.305082320622033265e+01 1.149035243252830796e+00
1.304686541431866154e+01 1.149644333400773544e+00
1.304247048092924821e+01 1.150311322064360819e+00
1.303411775563816555e+01 1.151333826790526205e+00
1.302576503034708111e+01 1.152282592845291553e+00
1.301741230505599844e+01 1.153075527280248425e+00
1.300905957976491578e+01 1.153604430931113090e+00
1.300744899615005679e+01 1.153717000913429214e+00
1.300070685447383134e+01 1.154185382064833787e+00
1.299235412918274868e+01 1.154424132869485309e+00
1.298400140389166424e+01 1.154808224192025889e+00
1.297564867860058158e+01 1.155069101299793344e+00
1.296729595330949714e+01 1.155285873642721839e+00
1.295894322801841270e+01 1.155476191237414962e+00
1.295059050272733003e+01 1.155698065769427130e+00
1.294223777743624737e+01 1.155917453025109953e+00
1.293388505214516471e+01 1.156081154031536773e+00
1.292553232685408027e+01 1.156301431044430617e+00
1.291717960156299583e+01 1.156563559287299592e+00
1.290882687627191316e+01 1.156828524048862050e+00
1.290047415098083050e+01 1.157048074703083351e+00
1.289212142568974606e+01 1.157299051503996035e+00
1.288376870039866340e+01 1.157617822571393118e+00
1.287974844800152674e+01 1.157789668426085106e+00
1.287541597510757896e+01 1.158014724272537377e+00
1.286706324981649630e+01 1.158488769348774206e+00
1.285871052452541363e+01 1.159019482105992704e+00
1.285035779923433097e+01 1.159366173109792397e+00
1.284200507394324475e+01 1.159836840301510907e+00
1.283365234865216209e+01 1.160320761252315647e+00
1.282529962336107943e+01 1.160886972551337770e+00
1.281694689806999499e+01 1.161397073216621223e+00
1.280859417277891055e+01 1.161714653156329602e+00
1.280551936371976041e+01 1.161862335938740776e+00
1.280024144748782611e+01 1.162157589533049817e+00
1.279188872219674522e+01 1.162752380096582661e+00
1.278353599690566078e+01 1.163358706819882293e+00
1.277518327161457634e+01 1.163718356288055755e+00
1.276683054632349368e+01 1.164296007690744261e+00
1.275847782103241101e+01 1.164837976028522570e+00
1.275012509574132835e+01 1.165226943624016576e+00
1.274177237045024391e+01 1.165633275760990628e+00
1.273498740561645448e+01 1.165935003451396668e+00
1.273341964515915947e+01 1.166016715311454455e+00
1.272506691986807681e+01 1.166277446987293853e+00
1.271671419457699415e+01 1.166436106629267888e+00
1.270836146928591148e+01 1.166489681025785652e+00
1.270000874399482527e+01 1.166456830526233723e+00
1.269165601870374260e+01 1.166478477416158732e+00
1.268330329341265994e+01 1.166456236988006046e+00
1.267495056812157550e+01 1.166301108888341265e+00
1.266659784283049284e+01 1.166078864085123845e+00
1.265824511753940840e+01 1.165992856284685963e+00
1.265533602998815077e+01 1.165935003451396668e+00
1.264989239224832573e+01 1.165843899014690876e+00
1.264153966695724129e+01 1.165555689194080369e+00
1.263318694166615863e+01 1.165262720878414315e+00
1.262483421637507419e+01 1.164950372256573052e+00
1.261648149108399153e+01 1.164496127434748507e+00
1.260812876579290887e+01 1.164033998587987728e+00
1.259977604050182265e+01 1.163619670753109236e+00
1.259142331521073999e+01 1.163002373889103991e+00
1.258307058991965732e+01 1.162385328610907376e+00
1.257473966414011635e+01 1.161862335938740776e+00
1.257471786462857466e+01 1.161861217042054584e+00
1.256636513933749022e+01 1.161348125160629241e+00
1.255801241404640756e+01 1.160857598031107329e+00
1.254965968875532312e+01 1.160486576872183928e+00
1.254130696346424045e+01 1.159975650376886325e+00
1.253295423817315424e+01 1.159616991404590181e+00
1.252460151288207513e+01 1.159241247158688592e+00
1.251624878759098891e+01 1.158823874647398888e+00
1.250789606229990625e+01 1.158350205224463636e+00
1.249954333700882358e+01 1.157900312919973196e+00
1.249773361512551872e+01 1.157789668426085106e+00
1.249119061171773915e+01 1.157444277650565789e+00
1.248283788642665471e+01 1.157094960133375983e+00
1.247448516113557204e+01 1.156672734980999762e+00
1.246613243584448938e+01 1.156243997223025399e+00
1.245777971055340494e+01 1.155871644203811943e+00
1.244942698526232228e+01 1.155425601523936585e+00
1.244107425997123784e+01 1.155072944801322832e+00
1.243272153468015517e+01 1.154648078341791395e+00
1.242436880938906896e+01 1.154192337423162851e+00
1.241601608409798807e+01 1.153853471033098099e+00
1.241306427100449383e+01 1.153717000913429214e+00
1.240766335880690363e+01 1.153499583634669090e+00
1.239931063351582097e+01 1.153291670409858805e+00
1.239095790822473830e+01 1.152980446215084331e+00
1.238260518293365386e+01 1.152583038785769398e+00
1.237425245764256942e+01 1.152212925146626876e+00
1.236589973235148676e+01 1.151769299042357364e+00
1.235754700706040410e+01 1.151193148961559887e+00
1.234919428176931966e+01 1.150388744713298994e+00
1.234189229824166389e+01 1.149644333400773544e+00
1.234084155647823700e+01 1.149549042685329647e+00
1.233248883118715256e+01 1.148558444718145166e+00
1.232413610589606989e+01 1.147500530475939806e+00
1.231578338060498368e+01 1.146248700913955476e+00
1.231189337551079888e+01 1.145571665888117874e+00
1.230743065531390279e+01 1.144911499670168142e+00
1.229907793002281835e+01 1.143709149388544510e+00
1.229072520473173391e+01 1.142423507931657145e+00
1.228488583862165484e+01 1.141498998375462204e+00
1.228237247944065302e+01 1.141193212655949640e+00
1.227401975414956858e+01 1.140174359540017335e+00
1.226566702885848414e+01 1.139201529606385543e+00
1.225731430356740148e+01 1.138260915303627385e+00
1.225036937332195208e+01 1.137426330862806312e+00
1.224896157827631882e+01 1.137293718218108429e+00
1.224060885298523438e+01 1.136726903553244794e+00
1.223225612769415171e+01 1.136100653858833187e+00
1.222390340240306728e+01 1.135494158965143718e+00
1.221555067711198461e+01 1.134875794210327360e+00
1.220719795182090195e+01 1.134169925768303999e+00
1.219884522652981751e+01 1.133426920021653128e+00
1.219802155989976278e+01 1.133353663350150642e+00
1.219049250123873307e+01 1.132743251264485718e+00
1.218213977594765041e+01 1.131873968293710897e+00
1.217378705065656774e+01 1.130912258110349011e+00
1.216543432536548330e+01 1.129770404921568883e+00
1.216221653341978204e+01 1.129280995837494972e+00
1.215708160007440242e+01 1.128497324340426378e+00
1.214872887478331620e+01 1.127006861285645645e+00
1.214037614949223531e+01 1.125278039744946890e+00
1.214005320259762932e+01 1.125208328324839080e+00
1.213202342420114910e+01 1.123486248082626648e+00
1.212367069891006643e+01 1.121632405559799039e+00
1.212146297062055567e+01 1.121135660812183410e+00
1.211531797361898199e+01 1.119824924221560103e+00
1.210696524832789756e+01 1.118136177575473456e+00
1.210151845763629552e+01 1.117062993299527740e+00
1.209861252303681667e+01 1.116544533515594573e+00
1.209025979774573223e+01 1.115120121902042793e+00
1.208190707245464779e+01 1.113699798653934758e+00
1.207723896272979403e+01 1.112990325786872070e+00
1.207355434716356513e+01 1.112474578783866574e+00
1.206520162187248246e+01 1.111414351583006832e+00
1.205684889658139625e+01 1.110280960625697144e+00
1.204849617129031536e+01 1.109185050590023147e+00
1.204668356525197126e+01 1.108917658274216178e+00
1.204014344599923092e+01 1.107959144774287363e+00
1.203179072070814826e+01 1.106607819093378797e+00
1.202343799541706382e+01 1.105043362155086806e+00
1.202251015761614461e+01 1.104844990761560508e+00
1.201508527012598115e+01 1.103219368277924328e+00
1.200673254483489671e+01 1.101105460049178975e+00
1.200535767475955851e+01 1.100772323248904616e+00
1.199837981954381405e+01 1.099098384408518481e+00
1.199002709425272961e+01 1.096758975500059963e+00
1.198981786673641814e+01 1.096699655736248946e+00
1.198167436896164872e+01 1.094464409027355645e+00
1.197478552203810409e+01 1.092626988223593276e+00
1.197332164367056251e+01 1.092248912999573607e+00
1.196496891837947985e+01 1.089782968550301101e+00
1.196023422718226747e+01 1.088554320710937606e+00
1.195661619308839718e+01 1.087632942784510170e+00
1.194826346779731097e+01 1.085531915720031604e+00
1.194426136646277570e+01 1.084481653198281714e+00
1.193991074250623008e+01 1.083360902564893591e+00
1.193155801721514564e+01 1.081272931878992427e+00
1.192825250972305362e+01 1.080408985685626044e+00
1.192320529192406298e+01 1.079131643431935794e+00
1.191485256663297676e+01 1.077102244945512544e+00
1.191181687389241262e+01 1.076336318172970374e+00
1.190649984134189587e+01 1.075116080724699108e+00
1.189814711605081143e+01 1.073093843260825908e+00
1.189441260791322286e+01 1.072263650660314482e+00
1.188979439075972877e+01 1.071362911957463249e+00
1.188144166546864611e+01 1.069781371432137362e+00
1.187401712649493390e+01 1.068190983147658812e+00
1.187308894017756167e+01 1.068004447037462779e+00
1.186473621488647723e+01 1.066374625908101059e+00
1.185638348959539279e+01 1.064717561332956031e+00
1.185342974906980373e+01 1.064118315635003142e+00
1.184803076430431190e+01 1.062901724793009928e+00
1.183967803901322746e+01 1.060630839250859214e+00
1.183740186899515301e+01 1.060045648122347473e+00
1.183132531372214657e+01 1.057883216666456905e+00
1.182685777528828197e+01 1.055972980609691581e+00
1.182297258843106036e+01 1.053226778617698089e+00
1.182104041431159835e+01 1.051900313097035911e+00
1.181675734016050683e+01 1.047827645584380241e+00
1.181461986313997770e+01 1.046067546174465512e+00
1.181206503423650744e+01 1.043754978071724349e+00
1.180626713784889326e+01 1.039827098739151578e+00
1.180605227604662666e+01 1.039682310559068679e+00
1.179866333802546308e+01 1.035609643046413009e+00
1.179791441255781059e+01 1.035233417931937794e+00
1.179133603273658082e+01 1.031536975533757117e+00
1.178956168726672615e+01 1.030633489722840634e+00
1.178331106194731959e+01 1.027464308021101447e+00
1.178120896197564349e+01 1.026533235485523221e+00
1.177425283331065842e+01 1.023391640508445777e+00
1.177285623668456083e+01 1.022775151628516177e+00
1.176450351139347639e+01 1.019464185297556114e+00
1.176414659135922314e+01 1.019318972995789885e+00
1.175716913588734158e+01 1.015246305483134215e+00
1.175879251164865735e+01 1.011173637970478545e+00
1.176450351139347639e+01 1.009807797431052645e+00
1.177285623668456083e+01 1.007999118880990697e+00
1.177775422014970985e+01 1.007100970457822875e+00
1.178120896197564349e+01 1.006758208639117358e+00
1.178956168726672615e+01 1.005955531747188658e+00
1.179791441255781237e+01 1.005288330911464634e+00
1.180626713784889326e+01 1.004760832400304782e+00
1.181461986313997770e+01 1.004266776583485399e+00
1.182297258843106036e+01 1.003810880833422958e+00
1.183132531372214480e+01 1.003416770810954928e+00
1.183960408768495220e+01 1.003028302945166983e+00
1.183967803901322746e+01 1.003024989800280986e+00
1.184803076430431190e+01 1.002669072668659345e+00
1.185638348959539456e+01 1.002330725663351352e+00
1.186473621488647723e+01 1.002003564157505799e+00
1.187308894017756167e+01 1.001626768956929148e+00
1.188144166546864611e+01 1.001256644254906236e+00
1.188979439075972877e+01 1.000913672675741939e+00
1.189814711605081143e+01 1.000535293367806666e+00
1.190649984134189587e+01 1.000192872463820937e+00
1.191485256663297854e+01 9.998287148232098964e-01
1.192320529192406298e+01 9.994496546261277814e-01
1.193155801721514564e+01 9.991050966655958820e-01
1.193508341708146503e+01 9.989556354325113130e-01
1.193991074250623186e+01 9.986844027543325675e-01
1.194826346779731274e+01 9.982095975428573187e-01
1.195661619308839718e+01 9.977776816306596075e-01
1.196496891837947985e+01 9.973895099072216386e-01
1.197332164367056251e+01 9.970177155937891555e-01
1.198167436896164695e+01 9.966917140457361990e-01
1.199002709425272961e+01 9.963799190317620402e-01
1.199837981954381405e+01 9.960885265593124593e-01
1.200673254483489671e+01 9.958528082326615349e-01
1.201508527012598115e+01 9.956421116699816221e-01
1.202343799541706204e+01 9.954523698912907115e-01
1.203179072070814826e+01 9.952758652176324494e-01
1.204014344599923092e+01 9.951178126544624192e-01
1.204849617129031536e+01 9.949703585732674327e-01
1.205392513429348611e+01 9.948829679198555320e-01
1.205684889658139802e+01 9.948022478015698944e-01
1.206520162187248246e+01 9.945837438791060858e-01
1.207355434716356690e+01 9.943781817860052330e-01
1.208190707245464779e+01 9.941863070536032243e-01
1.209025979774573223e+01 9.940061675286562259e-01
1.209861252303681489e+01 9.938303049609399364e-01
1.210696524832789933e+01 9.936555443045855807e-01
1.211531797361898199e+01 9.934712990601926030e-01
1.212367069891006643e+01 9.932922093256519869e-01
1.213202342420114910e+01 9.931134335347913122e-01
1.214037614949223354e+01 9.929426922801091182e-01
1.214872887478331620e+01 9.927784412798890123e-01
1.215708160007440064e+01 9.926134401108117622e-01
1.216543432536548330e+01 9.924678148251697696e-01
1.217378705065656774e+01 9.923357686171052627e-01
1.218213977594765041e+01 9.922135997898668958e-01
1.219049250123873307e+01 9.920988536345749509e-01
1.219884522652981573e+01 9.919986204411187503e-01
1.220719795182090195e+01 9.919001903490258787e-01
1.221555067711198461e+01 9.918143115705708723e-01
1.222390340240306728e+01 9.917415547449114355e-01
1.223225612769415171e+01 9.916692034917838905e-01
1.224060885298523438e+01 9.916028410535094872e-01
1.224896157827631882e+01 9.915441550584525032e-01
1.225731430356740148e+01 9.914836562553115407e-01
1.226566702885848414e+01 9.914323054083227227e-01
1.227401975414956858e+01 9.913781293418316709e-01
1.228237247944065302e+01 9.913197699226258264e-01
1.229072520473173569e+01 9.912693592042122193e-01
1.229907793002281835e+01 9.912217799443679978e-01
1.230743065531390279e+01 9.911784560477301387e-01
1.231578338060498545e+01 9.911402570830847303e-01
1.232413610589606989e+01 9.911094691837429860e-01
1.233248883118715256e+01 9.910767549628544115e-01
1.234084155647823700e+01 9.910486202856757521e-01
1.234919428176931966e+01 9.910191043458445037e-01
1.235754700706040410e+01 9.909900433408949105e-01
1.236589973235148676e+01 9.909610979305025769e-01
1.237425245764256942e+01 9.909375448837007827e-01
1.238260518293365386e+01 9.909135956986440119e-01
1.239095790822473830e+01 9.908872881854671189e-01
1.239931063351582097e+01 9.908592757576696330e-01
1.240766335880690363e+01 9.908277488073345962e-01
1.241177829645762287e+01 9.908103004071999731e-01
1.241601608409798807e+01 9.907688369882177160e-01
