1.000000000000000e-15  1.000061019400651e+00  1.000064989397527e+00  -3.969996876573845e-06
1.000000000000100e-02  9.997382508118529e-01  9.997047020823201e-01  3.354872953276189e-05
2.000000000000100e-02  9.987704221351676e-01  9.986244515623828e-01  1.459705727848704e-04
3.000000000000100e-02  9.971589636612264e-01  9.968260706295931e-01  3.328930316333079e-04
4.000000000000100e-02  9.949062559485236e-01  9.943126089909867e-01  5.936469575368308e-04
5.000000000000100e-02  9.920156249432437e-01  9.910883258657627e-01  9.272990774810141e-04
6.000000000000100e-02  9.884913351641789e-01  9.871586796532347e-01  1.332655510944192e-03
7.000000000000101e-02  9.843385809700026e-01  9.825303147037878e-01  1.808266266214775e-03
8.000000000000100e-02  9.795634759307834e-01  9.772110452337556e-01  2.352430697027841e-03
9.000000000000100e-02  9.741730403305192e-01  9.712098364340004e-01  2.963203896518829e-03
1.000000000000010e-01  9.681751868320777e-01  9.645367828304964e-01  3.638404001581330e-03
1.100000000000010e-01  9.615787043405127e-01  9.572030839636385e-01  4.375620376874223e-03
1.200000000000010e-01  9.543932401052285e-01  9.492210174610914e-01  5.172222644137081e-03
1.300000000000010e-01  9.466292801058001e-01  9.406039095868192e-01  6.025370518980888e-03
1.400000000000010e-01  9.382981277704362e-01  9.313661033565021e-01  6.932024413934146e-03
1.500000000000010e-01  9.294118810802936e-01  9.215229243166306e-01  7.888956763662969e-03
1.600000000000010e-01  9.199834081166036e-01  9.110906440915636e-01  8.892764025040023e-03
1.700000000000010e-01  9.100263211114088e-01  9.000864418089989e-01  9.939879302409915e-03
1.800000000000010e-01  8.995549490663829e-01  8.885283635206114e-01  1.102658554577152e-02
1.900000000000010e-01  8.885843090073628e-01  8.764352797399378e-01  1.214902926742500e-02
2.000000000000010e-01  8.771300759457363e-01  8.638268412249356e-01  1.330323472080075e-02
2.100000000000010e-01  8.652085516204909e-01  8.507234331370942e-01  1.448511848339673e-02
2.200000000000010e-01  8.528366320977984e-01  8.371461277133954e-01  1.569050438440300e-02
2.300000000000010e-01  8.400317743073710e-01  8.231166355908555e-01  1.691513871651551e-02
2.400000000000010e-01  8.268119615972710e-01  8.086572559267754e-01  1.815470567049560e-02
2.500000000000010e-01  8.131956683908439e-01  7.937908254603683e-01  1.940484293047562e-02
2.600000000000010e-01  7.992018240315071e-01  7.785406666636574e-01  2.066115736784968e-02
2.700000000000010e-01  7.848497759024516e-01  7.629305351310858e-01  2.191924077136587e-02
2.800000000000010e-01  7.701592519099563e-01  7.469845663585051e-01  2.317468555145119e-02
2.900000000000010e-01  7.551503224200052e-01  7.307272220626760e-01  2.442310035732920e-02
3.000000000000010e-01  7.398433617387479e-01  7.141832361925742e-01  2.566012554617370e-02
3.100000000000010e-01  7.242590092280737e-01  6.973775607832425e-01  2.688144844483120e-02
3.200000000000010e-01  7.084181301478072e-01  6.803353118021597e-01  2.808281834564752e-02
3.300000000000010e-01  6.923417763162506e-01  6.630817151363971e-01  2.926006117985347e-02
3.400000000000010e-01  6.760511466806012e-01  6.456420528670985e-01  3.040909381350265e-02
3.500000000000010e-01  6.595675478884296e-01  6.280416099753328e-01  3.152593791309688e-02
3.600000000000010e-01  6.429123549507105e-01  6.103056216204671e-01  3.260673333024344e-02
3.700000000000010e-01  6.261069720861054e-01  5.924592211289709e-01  3.364775095713457e-02
3.800000000000010e-01  6.091727938350191e-01  5.745273888277401e-01  3.464540500727897e-02
3.900000000000010e-01  5.921311665306414e-01  5.565349018519546e-01  3.559626467868671e-02
4.000000000000010e-01  5.750033502125889e-01  5.385062850529392e-01  3.649706515964968e-02
4.100000000000010e-01  5.578104810669848e-01  5.204657631265843e-01  3.734471794040051e-02
4.200000000000010e-01  5.405735344747976e-01  5.024372140776608e-01  3.813632039713677e-02
4.300000000000010e-01  5.233132887480426e-01  4.844441241298753e-01  3.886916461816731e-02
4.400000000000010e-01  5.060502896310282e-01  4.665095441856093e-01  3.954074544541886e-02
4.500000000000010e-01  4.888048156412551e-01  4.486560479331959e-01  4.014876770805920e-02
4.600000000000010e-01  4.715968443217446e-01  4.309056916933096e-01  4.069115262843503e-02
4.700000000000010e-01  4.544460194736441e-01  4.132799760894475e-01  4.116604338419660e-02
4.800000000000010e-01  4.373716194348493e-01  3.957998096207611e-01  4.157180981408815e-02
4.900000000000010e-01  4.203925264670912e-01  3.784854742086116e-01  4.190705225847963e-02
5.000000000000010e-01  4.035271973105497e-01  3.613565927812247e-01  4.217060452932497e-02
5.100000000000010e-01  3.867936349614987e-01  3.444320989536745e-01  4.236153600782416e-02
5.200000000000010e-01  3.702093617248794e-01  3.277302088532590e-01  4.247915287162041e-02
5.300000000000010e-01  3.537913935898871e-01  3.112683951330841e-01  4.252299845680307e-02
5.400000000000010e-01  3.375562159728714e-01  2.950633632094169e-01  4.249285276345449e-02
5.500000000000010e-01  3.215197608678586e-01  2.791310297511153e-01  4.238873111674324e-02
5.600000000000011e-01  3.056973854410849e-01  2.634865034422353e-01  4.221088199884954e-02
5.700000000000011e-01  2.901038521017968e-01  2.481440680317380e-01  4.195978407005882e-02
5.800000000000010e-01  2.747533100775590e-01  2.331171676771659e-01  4.163614240039304e-02
5.900000000000010e-01  2.596592785181288e-01  2.184183945821537e-01  4.124088393597508e-02
6.000000000000010e-01  2.448346311478482e-01  2.040594789208258e-01  4.077515222702247e-02
6.100000000000010e-01  2.302915824823477e-01  1.900512810354154e-01  4.024030144693233e-02
6.200000000000010e-01  2.160416756212042e-01  1.764037858869330e-01  3.963788973427118e-02
6.300000000000010e-01  2.020957716240957e-01  1.631260997323597e-01  3.896967189173600e-02
6.400000000000010e-01  1.884640404738751e-01  1.502264489957424e-01  3.823759147813266e-02
6.500000000000010e-01  1.751559536259577e-01  1.377121812946360e-01  3.744377233132168e-02
6.600000000000010e-01  1.621802781394075e-01  1.255897685777140e-01  3.659050956169349e-02
6.700000000000010e-01  1.495450723811668e-01  1.138648123239397e-01  3.568026005722714e-02
6.800000000000010e-01  1.372576832910317e-01  1.025420507485773e-01  3.471563254245437e-02
6.900000000000011e-01  1.253247451911834e-01  9.162536795646127e-02  3.369937723472212e-02
7.000000000000011e-01  1.137521801204076e-01  8.111780497839211e-02  3.263437514201553e-02
7.100000000000010e-01  1.025451996695720e-01  7.102157262226733e-02  3.152362704730464e-02
7.200000000000010e-01  9.170830829144450e-02  6.133806606660853e-02  3.037024222483597e-02
7.300000000000010e-01  8.124530805461225e-02  5.206788112052508e-02  2.917742693408717e-02
7.400000000000010e-01  7.115930480803416e-02  4.321083207082912e-02  2.794847273720504e-02
7.500000000000010e-01  6.145271571969965e-02  3.476597103405719e-02  2.668674468564245e-02
7.600000000000010e-01  5.212727814991376e-02  2.673160872847739e-02  2.539566942143637e-02
7.700000000000010e-01  4.318405981696576e-02  1.910533657885066e-02  2.407872323811511e-02
7.800000000000010e-01  3.462347021030354e-02  1.188405006471569e-02  2.273942014558785e-02
7.900000000000010e-01  2.644527320387043e-02  5.063973221299394e-03  2.138129998257103e-02
8.000000000000010e-01  1.864860081997179e-02  -1.359315799182897e-03  2.000791661915469e-02
8.100000000000011e-01  1.123196809190208e-02  -7.390858199088353e-03  1.862282629099043e-02
8.200000000000011e-01  4.193288971615397e-03  -1.303628713371944e-02  1.722957610533483e-02
8.300000000000011e-01  -2.470106773054905e-03  -1.830179953084087e-02  1.583169275778597e-02
8.400000000000010e-01  -8.761455728722244e-03  -2.319412722575163e-02  1.443267149702938e-02
8.500000000000010e-01  -1.468454213282391e-02  -2.772050750610062e-02  1.303596537327670e-02
8.600000000000010e-01  -2.024367835579486e-02  -3.188865316011721e-02  1.164497480432235e-02
8.700000000000010e-01  -2.544368462982985e-02  -3.570672212113932e-02  1.026303749130946e-02
8.800000000000010e-01  -3.028986808589667e-02  -3.918328680024380e-02  8.893418714347127e-03
8.900000000000010e-01  -3.478800116134646e-02  -4.232730319746396e-02  7.539302036117503e-03
9.000000000000010e-01  -3.894429944097533e-02  -4.514807988048857e-02  6.203780439513244e-03
9.100000000000010e-01  -4.276539899470920e-02  -4.765524691792638e-02  4.889847923217179e-03
9.200000000000010e-01  -4.625833327523926e-02  -4.985872485216497e-02  3.600391576925710e-03
9.300000000000010e-01  -4.943050963889754e-02  -5.176869379460128e-02  2.338184155703735e-03
9.400000000000011e-01  -5.228968555287100e-02  -5.339556272355608e-02  1.105877170685082e-03
9.500000000000011e-01  -5.484394455147529e-02  -5.474993906253486e-02  -9.400548894043098e-05
9.600000000000010e-01  -5.710167200368255e-02  -5.584259861368315e-02  -1.259073389999407e-03
9.700000000000010e-01  -5.907153075340105e-02  -5.668445591829686e-02  -2.387074835104183e-03
9.800000000000010e-01  -6.076243669315654e-02  -5.728653511312657e-02  -3.475901580029965e-03
9.900000000000010e-01  -6.218353433082946e-02  -5.765994134795693e-02  -4.523592982872526e-03
1.000000000000001e+00  -6.334417240795399e-02  -5.781583282656569e-02  -5.528339581388306e-03
1.010000000000001e+00  -6.425387962681506e-02  -5.776539352969690e-02  -6.488486097118155e-03
1.020000000000001e+00  -6.492234054215208e-02  -5.751980667511172e-02  -7.402533867040366e-03
1.030000000000001e+00  -6.535937167175473e-02  -5.709022896614573e-02  -8.269142705609002e-03
1.040000000000001e+00  -6.557489787856841e-02  -5.648776567650295e-02  -9.087132202065452e-03
1.050000000000001e+00  -6.557892907516370e-02  -5.572344661526987e-02  -9.855482459893837e-03
1.060000000000001e+00  -6.538153729955291e-02  -5.480820301235733e-02  -1.057333428719558e-02
1.070000000000001e+00  -6.499283420935882e-02  -5.375284536077735e-02  -1.123998884858147e-02
1.080000000000001e+00  -6.442294903929224e-02  -5.256804224836439e-02  -1.185490679092785e-02
1.090000000000001e+00  -6.368200706474537e-02  -5.126430020774415e-02  -1.241770685700123e-02
1.100000000000001e+00  -6.278010861209796e-02  -4.985194460958067e-02  -1.292816400251729e-02
1.110000000000001e+00  -6.172730865404862e-02  -4.834110162037752e-02  -1.338620703367109e-02
1.120000000000001e+00  -6.053359702594946e-02  -4.674168124240397e-02  -1.379191578354549e-02
1.130000000000001e+00  -5.920887929672653e-02  -4.506336144965614e-02  -1.414551784707039e-02
1.140000000000001e+00  -5.776295832554256e-02  -4.331557343017348e-02  -1.444738489536908e-02
1.150000000000001e+00  -5.620551653289035e-02  -4.150748794150416e-02  -1.469802859138618e-02
1.160000000000001e+00  -5.454609891231124e-02  -3.964800278267711e-02  -1.489809612963414e-02
1.170000000000001e+00  -5.279409680642377e-02  -3.774573138268168e-02  -1.504836542374209e-02
1.180000000000001e+00  -5.095873246842765e-02  -3.580899250221414e-02  -1.514973996621351e-02
1.190000000000001e+00  -4.904904442771349e-02  -3.384580104228779e-02  -1.520324338542570e-02
1.200000000000001e+00  -4.707387367569804e-02  -3.186385995029051e-02  -1.521001372540753e-02
1.210000000000001e+00  -4.504185068548738e-02  -2.987055321114027e-02  -1.517129747434710e-02
1.220000000000001e+00  -4.296138327647597e-02  -2.787293990841387e-02  -1.508844336806210e-02
1.230000000000001e+00  -4.084064533252781e-02  -2.587774933765891e-02  -1.496289599486890e-02
1.240000000000001e+00  -3.868756637994274e-02  -2.389137715157788e-02  -1.479618922836486e-02
1.250000000000001e+00  -3.650982202901944e-02  -2.191988251438663e-02  -1.458993951463281e-02
1.260000000000001e+00  -3.431482528066571e-02  -1.996898624040992e-02  -1.434583904025579e-02
1.270000000000001e+00  -3.210971869720817e-02  -1.804406988987731e-02  -1.406564880733086e-02
1.280000000000001e+00  -2.990136743430016e-02  -1.615017579293436e-02  -1.375119164136579e-02
1.290000000000001e+00  -2.769635312864190e-02  -1.429200797108375e-02  -1.340434515755815e-02
1.300000000000001e+00  -2.550096863410324e-02  -1.247393392361894e-02  -1.302703471048430e-02
1.310000000000001e+00  -2.332121359678795e-02  -1.069998724511816e-02  -1.262122635166979e-02
1.320000000000001e+00  -2.116279085760181e-02  -8.973871038714845e-03  -1.218891981888697e-02
1.330000000000001e+00  -1.903110366899080e-02  -7.298962088664925e-03  -1.173214158032588e-02
1.340000000000001e+00  -1.693125371069543e-02  -5.678315754684155e-03  -1.125293795601128e-02
1.350000000000001e+00  -1.486803988764488e-02  -4.114671549630415e-03  -1.075336833801447e-02
1.360000000000001e+00  -1.284595789146856e-02  -2.610459361352244e-03  -1.023549853011631e-02
1.370000000000001e+00  -1.086920050555764e-02  -1.167806278918456e-03  -9.701394226639187e-03
1.380000000000001e+00  -8.941658632153179e-03  2.114560170228464e-04  -9.153114649176026e-03
1.390000000000001e+00  -7.066923018579587e-03  1.525783340334294e-03  -8.592706358913882e-03
1.400000000000001e+00  -5.248286658481521e-03  2.773910602699170e-03  -8.022197261180692e-03
1.410000000000001e+00  -3.488747842760319e-03  3.954842974981795e-03  -7.443590817742114e-03
1.420000000000001e+00  -1.791013833845490e-03  5.067846647401312e-03  -6.858860481246802e-03
1.430000000000001e+00  -1.575051359747479e-04  6.112439229091426e-03  -6.269944365066174e-03
1.440000000000001e+00  1.409639666702481e-03  7.088379827309328e-03  -5.678740160606847e-03
1.450000000000001e+00  2.908558533142021e-03  7.995658846133381e-03  -5.087100312991360e-03
1.460000000000001e+00  4.337660079145387e-03  8.834487543957483e-03  -4.496827464812097e-03
1.470000000000001e+00  5.695617211981256e-03  9.605287388454124e-03  -3.909670176472867e-03
1.480000000000001e+00  6.981360316507455e-03  1.030867924694569e-02  -3.327318930438240e-03
1.490000000000001e+00  8.194070023769331e-03  1.094547244929535e-02  -2.751402425526019e-03
1.500000000000001e+00  9.333169593316436e-03  1.151665375951863e-02  -2.183484166202190e-03
1.510000000000001e+00  1.039831694064545e-02  1.202337629132053e-02  -1.625059350675081e-03
1.520000000000001e+00  1.138939634125343e-02  1.246694840169555e-02  -1.077552060442119e-03
1.530000000000001e+00  1.230650984276903e-02  1.284882259558880e-02  -5.423127528197680e-04
1.540000000000001e+00  1.314996841652475e-02  1.317058447341540e-02  -2.061605689065299e-05
1.550000000000001e+00  1.392028287974294e-02  1.343394175197645e-02  4.863411277664965e-04
1.560000000000001e+00  1.461815461923428e-02  1.364071338799882e-02  9.774412312354586e-04
1.570000000000001e+00  1.524446614715401e-02  1.379281883217253e-02  1.451647314981477e-03
1.580000000000001e+00  1.580027151893059e-02  1.389226744016203e-02  1.908004078768562e-03
1.590000000000001e+00  1.628678664297617e-02  1.394114806563983e-02  2.345638577336336e-03
1.600000000000001e+00  1.670537951121462e-02  1.394161885893490e-02  2.763760652279720e-03
1.610000000000001e+00  1.705756037882163e-02  1.389589729340868e-02  3.161663085412955e-03
1.620000000000001e+00  1.734497192086585e-02  1.380625044017318e-02  3.538721480692670e-03
1.630000000000001e+00  1.756937939277935e-02  1.367498551026368e-02  3.894393882515671e-03
1.640000000000001e+00  1.773266082076420e-02  1.350444068185783e-02  4.228220138906363e-03
1.650000000000001e+00  1.783679724737526e-02  1.329697622862434e-02  4.539821018750922e-03
1.660000000000001e+00  1.788386305659982e-02  1.305496596376923e-02  4.828897092830584e-03
1.670000000000001e+00  1.787601640179546e-02  1.278078901284689e-02  5.095227388948569e-03
1.680000000000001e+00  1.781548975884874e-02  1.247682192691296e-02  5.338667831935777e-03
1.690000000000001e+00  1.770458062588058e-02  1.214543114612354e-02  5.559149479757048e-03
1.700000000000001e+00  1.754564238976113e-02  1.178896582243557e-02  5.756676567325553e-03
1.710000000000001e+00  1.734107537860250e-02  1.140975100863565e-02  5.931324369966849e-03
1.720000000000001e+00  1.709331811828277e-02  1.101008121953090e-02  6.083236898751869e-03
1.730000000000001e+00  1.680483880991947e-02  1.059221436976942e-02  6.212624440150053e-03
1.740000000000001e+00  1.647812704406270e-02  1.015836609143125e-02  6.319760952631457e-03
1.750000000000001e+00  1.611568576621532e-02  9.710704433240821e-03  6.404981332974501e-03
1.760000000000001e+00  1.572002350712032e-02  9.251344942005565e-03  6.468678565114752e-03
1.770000000000001e+00  1.529364689008412e-02  8.782346125679942e-03  6.511300764404178e-03
1.780000000000001e+00  1.483905342643218e-02  8.305705296298900e-03  6.533348130133275e-03
1.790000000000001e+00  1.435872460902455e-02  7.823354789915336e-03  6.535369819109212e-03
1.800000000000001e+00  1.385511931259828e-02  7.337158559619029e-03  6.517960752979251e-03
1.810000000000001e+00  1.333066750855236e-02  6.848909136706034e-03  6.481758371846330e-03
1.820000000000001e+00  1.278776430065171e-02  6.360324954117621e-03  6.427439346534093e-03
1.830000000000001e+00  1.222876428700730e-02  5.873048025367342e-03  6.355716261639959e-03
1.840000000000001e+00  1.165597625258448e-02  5.388641971332047e-03  6.267334281252434e-03
1.850000000000001e+00  1.107165819541443e-02  4.908590386496660e-03  6.163067808917767e-03
1.860000000000001e+00  1.047801268862535e-02  4.434295535511100e-03  6.043717153114251e-03
1.870000000000001e+00  9.877182579382606e-03  3.967077370244879e-03  5.910105209137727e-03
1.880000000000001e+00  9.271247024828668e-03  3.508172856908333e-03  5.763074167920336e-03
1.890000000000001e+00  8.662217864143435e-03  3.058735602249607e-03  5.603482261893829e-03
1.900000000000001e+00  8.052036324914323e-03  2.619835767333661e-03  5.432200557580662e-03
1.910000000000001e+00  7.442570061104154e-03  2.192460256962749e-03  5.250109804141405e-03
1.920000000000001e+00  6.835610519043658e-03  1.777513172406104e-03  5.058097346637554e-03
1.930000000000001e+00  6.232870627051634e-03  1.375816514769867e-03  4.857054112281767e-03
1.940000000000001e+00  5.635982803501431e-03  9.881111260556233e-04  4.647871677445807e-03
1.950000000000001e+00  5.046497277409441e-03  6.150578547249399e-04  4.431439422684502e-03
1.960000000000001e+00  4.465880714919592e-03  2.572389324087348e-04  4.208641782510857e-03
1.970000000000001e+00  3.895515144398754e-03  -8.484045172877164e-05  3.980355596127525e-03
1.980000000000001e+00  3.336697172243242e-03  -4.107503925422673e-04  3.747447564785510e-03
1.990000000000001e+00  2.790637480923818e-03  -7.201343399777449e-04  3.510771820901564e-03
2.000000000000001e+00  2.258460600269385e-03  -1.012707013257103e-03  3.271167613526488e-03
2.010000000000001e+00  1.741204942506513e-03  -1.288252171712135e-03  3.029457114218648e-03
2.020000000000001e+00  1.239823091132895e-03  -1.546620255706675e-03  2.786443346839570e-03
2.030000000000001e+00  7.551823333076212e-04  -1.787725910950841e-03  2.542908244258462e-03
2.040000000000001e+00  2.880654250918401e-04  -2.011545409334309e-03  2.299610834426149e-03
2.050000000000001e+00  -1.608284214343990e-04  -2.218113979197143e-03  2.057285557762744e-03
2.060000000000001e+00  -5.908823404162145e-04  -2.407523057711403e-03  1.816640717295189e-03
2.070000000000001e+00  -1.001560415287056e-03  -2.579917477771811e-03  1.578357062484754e-03
2.080000000000001e+00  -1.392406094288359e-03  -2.735492601488382e-03  1.343086507200023e-03
2.090000000000001e+00  -1.763040430220043e-03  -2.874491412041751e-03  1.111450981821708e-03
2.100000000000001e+00  -2.113160156294859e-03  -2.997201575304597e-03  8.840414190097383e-04
2.110000000000001e+00  -2.442535610027552e-03  -3.103952482252272e-03  6.614168722247197e-04
2.120000000000001e+00  -2.751008517110238e-03  -3.195112282784521e-03  4.441037656742830e-04
2.130000000000001e+00  -3.038489647209394e-03  -3.271084921160494e-03  2.325952739511005e-04
2.140000000000001e+00  -3.304956353567950e-03  -3.332307182813641e-03  2.735082924569185e-05
2.150000000000001e+00  -3.550450008209551e-03  -3.379245761861564e-03  -1.712042463479870e-04
2.160000000000001e+00  -3.775073344424046e-03  -3.412394358163861e-03  -3.626789862601850e-04
2.170000000000001e+00  -3.978987718062199e-03  -3.432270812307447e-03  -5.467169057547516e-04
2.180000000000001e+00  -4.162410298988803e-03  -3.439414286417647e-03  -7.229960125711551e-04
2.190000000000001e+00  -4.325611203834582e-03  -3.434382498205361e-03  -8.912287056292213e-04
2.200000000000001e+00  -4.468910580953296e-03  -3.417749015168274e-03  -1.051161565785022e-03
2.210000000000001e+00  -4.592675658230106e-03  -3.390100615369890e-03  -1.202575042860216e-03
2.220000000000001e+00  -4.697317764105808e-03  -3.352034720723047e-03  -1.345283043382761e-03
2.230000000000001e+00  -4.783289331875362e-03  -3.304156908211327e-03  -1.479132423664035e-03
2.240000000000001e+00  -4.851080896996710e-03  -3.247078503987609e-03  -1.604002393009101e-03
2.250000000000001e+00  -4.901218096801902e-03  -3.181414264801763e-03  -1.719803832000140e-03
2.260000000000001e+00  -4.934258681644531e-03  -3.107780150725804e-03  -1.826478530918727e-03
2.270000000000001e+00  -4.950789546143075e-03  -3.026791192668880e-03  -1.923998353474195e-03
2.280000000000001e+00  -4.951423788793523e-03  -2.939059457706440e-03  -2.012364331087082e-03
2.290000000000001e+00  -4.936797807825520e-03  -2.845192114789844e-03  -2.091605693035676e-03
2.300000000000001e+00  -4.907568440769092e-03  -2.745789602954042e-03  -2.161778837815050e-03
2.310000000000001e+00  -4.864410154782021e-03  -2.641443903705835e-03  -2.222966251076186e-03
2.320000000000001e+00  -4.808012294365275e-03  -2.532736918850736e-03  -2.275275375514539e-03
2.330000000000001e+00  -4.739076392666544e-03  -2.420238954607366e-03  -2.318837438059179e-03
2.340000000000001e+00  -4.658313552139970e-03  -2.304507312462338e-03  -2.353806239677631e-03
2.350000000000001e+00  -4.566441899897193e-03  -2.186084986838832e-03  -2.380356913058362e-03
2.360000000000001e+00  -4.464184122651044e-03  -2.065499469287245e-03  -2.398684653363799e-03
2.370000000000001e+00  -4.352265085719940e-03  -1.943261658558385e-03  -2.409003427161555e-03
2.380000000000001e+00  -4.231409540130430e-03  -1.819864875589000e-03  -2.411544664541430e-03
2.390000000000001e+00  -4.102339921427531e-03  -1.695783982115266e-03  -2.406555939312265e-03
2.400000000000001e+00  -3.965774243380485e-03  -1.571474601334121e-03  -2.394299642046364e-03
2.410000000000001e+00  -3.822424089353461e-03  -1.447372438754341e-03  -2.375051650599120e-03
2.420000000000001e+00  -3.672992703702407e-03  -1.323892701119388e-03  -2.349100002583020e-03
2.430000000000001e+00  -3.518173185155413e-03  -1.201429611042390e-03  -2.316743574113023e-03
2.440000000000001e+00  -3.358646783742891e-03  -1.080356014770906e-03  -2.278290768971984e-03
2.450000000000001e+00  -3.195081302459132e-03  -9.610230802935684e-04  -2.234058222165563e-03
2.460000000000001e+00  -3.028129604465898e-03  -8.437600828152222e-04  -2.184369521650675e-03
2.470000000000001e+00  -2.858428226286658e-03  -7.288742744578158e-04  -2.129553951828842e-03
2.480000000000001e+00  -2.686596097092802e-03  -6.166508348947166e-04  -2.069945262198085e-03
2.490000000000001e+00  -2.513233363846445e-03  -5.073528994931491e-04  -2.005880464353296e-03
2.500000000000001e+00  -2.338920321743489e-03  -4.012216614243318e-04  -1.937698660319158e-03
2.510000000000001e+00  -2.164216449091444e-03  -2.984765441029082e-04  -1.865739904988535e-03
2.520000000000001e+00  -1.989659545464195e-03  -1.993154402359611e-04  -1.790344105228234e-03
2.530000000000001e+00  -1.815764971696092e-03  -1.039150136965048e-04  -1.711849957999587e-03
2.540000000000001e+00  -1.643024990015395e-03  -1.243106038784070e-05  -1.630593929627554e-03
2.550000000000001e+00  -1.471908202368623e-03  7.500107576959718e-05  -1.546909278138220e-03
2.560000000000001e+00  -1.302859084755310e-03  1.582660356156743e-04  -1.461125120370984e-03
2.570000000000001e+00  -1.136297615176614e-03  2.372679301843642e-04  -1.373565545360978e-03
2.580000000000001e+00  -9.726189926006919e-04  3.119297826770011e-04  -1.284548775277693e-03
2.590000000000001e+00  -8.121934441635670e-04  3.821929308364820e-04  -1.194386375000049e-03
2.600000000000001e+00  -6.553661176557886e-04  4.480163935496568e-04  -1.103382511205445e-03
2.610000000000001e+00  -5.024570561931668e-04  5.093762054590856e-04  -1.011833261652252e-03
2.620000000000001e+00  -3.537612518326776e-04  5.662647233088365e-04  -9.200259751415141e-04
2.630000000000001e+00  -2.095487747745754e-04  6.186899076807668e-04  -8.282386824553422e-04
2.640000000000001e+00  -7.006497468536127e-05  6.666745837018012e-04  -7.367395583871625e-04
2.650000000000001e+00  6.446924941314967e-05  7.102556842151094e-04  -6.457864348019597e-04
2.660000000000001e+00  1.938571143193491e-04  7.494834788150225e-04  -5.556263644956734e-04
2.670000000000001e+00  3.179255565832146e-04  7.844207920422675e-04  -4.664952354590528e-04
2.680000000000001e+00  4.365247789313286e-04  8.151422139275608e-04  -3.786174349962322e-04
2.690000000000001e+00  5.495277429561502e-04  8.417333059559146e-04  -2.922055629997643e-04
2.700000000000001e+00  6.568296118595456e-04  8.642898054030903e-04  -2.074601935435447e-04
2.710000000000001e+00  7.583471470469581e-04  8.829168308695553e-04  -1.245696838225972e-04
2.720000000000001e+00  8.540180623626033e-04  8.977280917070419e-04  -4.371002934443864e-05
2.730000000000001e+00  9.438003397380707e-04  9.088451038988427e-04  3.495523583922806e-05
2.740000000000001e+00  1.027671509997568e-03  9.163964148180977e-04  1.112750951794699e-04
2.750000000000001e+00  1.105627902522231e-03  9.205168391487697e-04  1.851110633734616e-04
2.760000000000001e+00  1.177683867426061e-03  9.213467081130139e-04  2.563371593130468e-04
2.770000000000001e+00  1.243870973834986e-03  9.190311340060282e-04  3.248398398289573e-04
2.780000000000001e+00  1.304237187791540e-03  9.137192918964677e-04  3.905178958950726e-04
2.790000000000001e+00  1.358846033229168e-03  9.055637202070851e-04  4.532823130220831e-04
2.800000000000001e+00  1.407775739374227e-03  8.947196417474919e-04  5.130560976267355e-04
2.810000000000001e+00  1.451118377840270e-03  8.813443066286531e-04  5.697740712116166e-04
2.820000000000001e+00  1.488978992578477e-03  8.655963583480174e-04  6.233826342304598e-04
2.830000000000001e+00  1.521474725742221e-03  8.476352241952087e-04  6.738395015470127e-04
2.840000000000001e+00  1.548733942410880e-03  8.276205309911674e-04  7.211134114197126e-04
2.850000000000001e+00  1.570895357001337e-03  8.057115470393270e-04  7.651838099620096e-04
2.860000000000001e+00  1.588107164073769e-03  7.820666510360205e-04  8.060405130377484e-04
2.870000000000001e+00  1.600526176112806e-03  7.568428285591092e-04  8.436833475536971e-04
2.880000000000001e+00  1.608316970736549e-03  7.301951966290155e-04  8.781217741075334e-04
2.890000000000001e+00  1.611651049654107e-03  7.022765567157135e-04  9.093744929383930e-04
2.900000000000001e+00  1.610706011558951e-03  6.732369764484540e-04  9.374690351104970e-04
2.910000000000001e+00  1.605664741009608e-03  6.432234001724919e-04  9.624413408371157e-04
2.920000000000001e+00  1.596714615212840e-03  6.123792883894479e-04  9.843353268233919e-04
2.930000000000001e+00  1.584046730487353e-03  5.808442860145009e-04  1.003202444472852e-03
2.940000000000001e+00  1.567855150048195e-03  5.487539192855569e-04  1.019101230762638e-03
2.950000000000001e+00  1.548336174615519e-03  5.162393210661627e-04  1.032096853549356e-03
2.960000000000001e+00  1.525687637214288e-03  4.834269841958098e-04  1.042260653018478e-03
2.970000000000001e+00  1.500108223396684e-03  4.504385424581321e-04  1.049669680938552e-03
2.980000000000001e+00  1.471796817985061e-03  4.173905786601486e-04  1.054406239324913e-03
2.990000000000001e+00  1.440951879301244e-03  3.843944592428976e-04  1.056557420058346e-03
3.000000000000001e+00  1.407770841718870e-03  3.515561947769678e-04  1.056214646941902e-03
3.010000000000001e+00  1.372449547248093e-03  3.189763256346942e-04  1.053473221613399e-03
3.020000000000001e+00  1.335181706738024e-03  2.867498320740608e-04  1.048431874663963e-03
3.030000000000001e+00  1.296158391161778e-03  2.549660679185689e-04  1.041192323243210e-03
3.040000000000001e+00  1.255567553331242e-03  2.237087169710441e-04  1.031858836360198e-03
3.050000000000001e+00  1.213593580275319e-03  1.930557712586814e-04  1.020537809016637e-03
3.060000000000001e+00  1.170416876405873e-03  1.630795301708319e-04  1.007337346235041e-03
3.070000000000001e+00  1.126213477489826e-03  1.338466195203268e-04  9.923668579694994e-04
3.080000000000001e+00  1.081154695344999e-03  1.054180295330531e-04  9.757366658119458e-04
3.090000000000001e+00  1.035406793080445e-03  7.784917074935890e-05  9.575576223310866e-04
3.100000000000001e+00  9.891306906103221e-04  5.118994680431317e-05  9.379407438060089e-04
3.110000000000001e+00  9.424817000825389e-04  2.548484304149098e-05  9.169968570410479e-04
3.120000000000001e+00  8.956092907817137e-04  7.730299071427457e-07  8.948362608745710e-04
3.130000000000001e+00  8.486568829878635e-04  -2.291151993207956e-05  8.715684029199430e-04
3.140000000000001e+00  8.017616702000468e-04  -4.553990180476087e-05  8.473015720048077e-04
3.150000000000001e+00  7.550544690666151e-04  -6.708813763642166e-05  8.221426067030368e-04
3.160000000000001e+00  7.086595963011366e-04  -8.753702398269093e-05  7.961966202838274e-04
3.170000000000001e+00  6.626947718057036e-04  -1.068719705282915e-04  7.695667423339951e-04
3.180000000000001e+00  6.172710471708435e-04  -1.250828300722450e-04  7.423538772430885e-04
3.190000000000001e+00  5.724927586736452e-04  -1.421637210023149e-04  7.146564796759601e-04
3.200000000000001e+00  5.284575038533935e-04  -1.581128432421682e-04  6.865703470955618e-04
3.210000000000001e+00  4.852561407060569e-04  -1.729322886317932e-04  6.581884293378501e-04
3.220000000000001e+00  4.429728085062280e-04  -1.866278466771125e-04  6.296006551833404e-04
3.230000000000001e+00  4.016849692368392e-04  -1.992088065773227e-04  6.008937758141620e-04
3.240000000000001e+00  3.614634685832846e-04  -2.106877564096019e-04  5.721512249928865e-04
3.250000000000001e+00  3.223726154296429e-04  -2.210803803195292e-04  5.434529957491721e-04
3.260000000000001e+00  2.844702787795570e-04  -2.304052545332876e-04  5.148755333128447e-04
3.270000000000001e+00  2.478080010141350e-04  -2.386836429734951e-04  4.864916439876301e-04
3.280000000000001e+00  2.124311263924099e-04  -2.459392932253456e-04  4.583704196177555e-04
3.290000000000001e+00  1.783789436976543e-04  -2.521982335633527e-04  4.305771772610070e-04
3.300000000000001e+00  1.456848419336391e-04  -2.574885717119261e-04  4.031734136455652e-04
3.310000000000001e+00  1.143764779801868e-04  -2.618402959749821e-04  3.762167739551689e-04
3.320000000000001e+00  8.447595512523654e-05  -2.652850793314337e-04  3.497610344566702e-04
3.330000000000001e+00  5.600001140241210e-05  -2.678560870546851e-04  3.238560984570973e-04
3.340000000000001e+00  2.896021667749497e-05  -2.695877883750575e-04  2.985480050525525e-04
3.350000000000001e+00  3.363177444809283e-06  -2.705157726652611e-04  2.738789501100704e-04
3.360000000000001e+00  -2.078925168527826e-05  -2.706765705898583e-04  2.498873189045801e-04
3.370000000000001e+00  -4.349975080377772e-05  -2.701074806210063e-04  2.266077298172285e-04
3.380000000000001e+00  -6.477531279640994e-05  -2.688464012843750e-04  2.040710884879650e-04
3.390000000000001e+00  -8.462701765643380e-05  -2.669316694611019e-04  1.823046518046681e-04
3.400000000000001e+00  -1.030698039313945e-04  -2.644019050345111e-04  1.613321011031166e-04
3.410000000000001e+00  -1.201222381871579e-04  -2.612958621334822e-04  1.411736239463243e-04
3.420000000000001e+00  -1.358062833398997e-04  -2.576522871887060e-04  1.218460038488063e-04
3.430000000000001e+00  -1.501470666726033e-04  -2.535097839829715e-04  1.033627173103682e-04
3.440000000000001e+00  -1.631726483172711e-04  -2.489066858428236e-04  8.573403752555256e-05
3.450000000000001e+00  -1.749137909476852e-04  -2.438809350859340e-04  6.896714413824880e-05
3.460000000000001e+00  -1.854037313900455e-04  -2.384699698068407e-04  5.306623841679520e-05
3.470000000000001e+00  -1.946779548208654e-04  -2.327106180530236e-04  3.803266323215815e-05
3.480000000000001e+00  -2.027739721827478e-04  -2.266389994141750e-04  2.386502723142721e-05
3.490000000000001e+00  -2.097311014095624e-04  -2.202904340192198e-04  1.055933260965736e-05
3.500000000000001e+00  -2.155902530131491e-04  -2.136993589093111e-04  -1.890894103838002e-06
3.510000000000001e+00  -2.203937205442425e-04  -2.068992517293326e-04  -1.349446881490995e-05
3.520000000000001e+00  -2.241849764006687e-04  -1.999225616568814e-04  -2.426241474378729e-05
3.530000000000001e+00  -2.270084734166667e-04  -1.928006474650719e-04  -3.420782595159484e-05
3.540000000000001e+00  -2.289094526279928e-04  -1.855637225944650e-04  -4.334573003352782e-05
3.550000000000001e+00  -2.299337575688424e-04  -1.782408070898981e-04  -5.169295047894432e-05
3.560000000000001e+00  -2.301276554184547e-04  -1.708596862399219e-04  -5.926796917853284e-05
3.570000000000001e+00  -2.295376652776221e-04  -1.634468757397275e-04  -6.609078953789455e-05
3.580000000000001e+00  -2.282103938187119e-04  -1.560275931834576e-04  -7.218280063525426e-05
3.590000000000001e+00  -2.261923785164764e-04  -1.486257356777624e-04  -7.756664283871395e-05
3.600000000000001e+00  -2.235299386321220e-04  -1.412638633563662e-04  -8.226607527575579e-05
3.610000000000001e+00  -2.202690340887714e-04  -1.339631885642141e-04  -8.630584552455736e-05
3.620000000000001e+00  -2.164551323434776e-04  -1.267435704703466e-04  -8.971156187313097e-05
3.630000000000001e+00  -2.121330833289918e-04  -1.196235148603457e-04  -9.250956846864609e-05
3.640000000000001e+00  -2.073470025076858e-04  -1.126201788522241e-04  -9.472682365546171e-05
3.650000000000001e+00  -2.021401620505441e-04  -1.057493802740899e-04  -9.639078177645419e-05
3.660000000000001e+00  -1.965548901259073e-04  -9.902561143732796e-05  -9.752927868857934e-05
3.670000000000001e+00  -1.906324782557203e-04  -9.246205703602758e-05  -9.817042121969267e-05
3.680000000000001e+00  -1.844130966714750e-04  -8.607061590107250e-05  -9.834248077040252e-05
3.690000000000001e+00  -1.779357175779093e-04  -7.986192633659336e-05  -9.807379124131595e-05
3.700000000000001e+00  -1.712380462097326e-04  -7.384539476627186e-05  -9.739265144346079e-05
3.710000000000001e+00  -1.643564595453722e-04  -6.802922741840440e-05  -9.632723212696775e-05
3.720000000000001e+00  -1.573259525217623e-04  -6.242046478034687e-05  -9.490548774141543e-05
3.730000000000001e+00  -1.501800915758161e-04  -5.702501855616506e-05  -9.315507301965105e-05
3.740000000000001e+00  -1.429509753212142e-04  -5.184771086492756e-05  -9.110326445628662e-05
3.750000000000001e+00  -1.356692021534330e-04  -4.689231542175771e-05  -8.877688673167530e-05
3.760000000000001e+00  -1.283638445620305e-04  -4.216160044904754e-05  -8.620224411298297e-05
3.770000000000001e+00  -1.210624299161857e-04  -3.765737307118553e-05  -8.340505684500016e-05
3.780000000000001e+00  -1.137909274783933e-04  -3.338052495296079e-05  -8.041040252543251e-05
3.790000000000001e+00  -1.065737413909315e-04  -2.933107894862934e-05  -7.724266244230219e-05
3.800000000000001e+00  -9.943370937150474e-05  -2.550823653694588e-05  -7.392547283455885e-05
3.810000000000001e+00  -9.239210684664631e-05  -2.191042582498849e-05  -7.048168102165783e-05
3.820000000000001e+00  -8.546865624577493e-05  -1.853534991272811e-05  -6.693330633304682e-05
3.830000000000001e+00  -7.868154117385997e-05  -1.538003541898138e-05  -6.330150575487859e-05
3.840000000000001e+00  -7.204742517695255e-05  -1.244088097874740e-05  -5.960654419820515e-05
3.850000000000001e+00  -6.558147481260245e-05  -9.713705531464365e-06  -5.586776928113808e-05
3.860000000000001e+00  -5.929738673560735e-05  -7.193796229480420e-06  -5.210359050612693e-05
3.870000000000001e+00  -5.320741850944456e-05  -4.875955805878607e-06  -4.833146270356595e-05
3.880000000000001e+00  -4.732242285445202e-05  -2.754549250974643e-06  -4.456787360347737e-05
3.890000000000001e+00  -4.165188504552021e-05  -8.235496567217401e-07  -4.082833538879848e-05
3.900000000000001e+00  -3.620396317472514e-05  9.234169013489181e-07  -3.712738007607405e-05
3.910000000000001e+00  -3.098553099793978e-05  2.493027565132600e-06  -3.347855856307238e-05
3.920000000000001e+00  -2.600222308868909e-05  3.892220088055355e-06  -2.989444317674444e-05
3.930000000000001e+00  -2.125848202769051e-05  5.128151522562174e-06  -2.638663355025269e-05
3.940000000000001e+00  -1.675760736241014e-05  6.208158291237847e-06  -2.296576565364799e-05
3.950000000000001e+00  -1.250180607731772e-05  7.139717722157625e-06  -1.964152379947535e-05
3.960000000000001e+00  -8.492244322776009e-06  7.930411119352073e-06  -1.642265544212808e-05
3.970000000000001e+00  -4.729100158055072e-06  8.587888429943094e-06  -1.331698858799817e-05
3.980000000000001e+00  -1.211617072129208e-06  9.119834560338065e-06  -1.033145163246727e-05
3.990000000000001e+00  2.061841945374133e-06  9.533937384907008e-06  -7.472095439532874e-06
4.000000000000001e+00  5.093740001855182e-06  9.837857481967929e-06  -4.744117480112747e-06
4.010000000000001e+00  7.887311777316210e-06  1.003919962352823e-05  -2.151887846212022e-06
4.020000000000001e+00  1.044650907756536e-05  1.014548603723366e-05  3.010230403316912e-07
4.030000000000001e+00  1.277594665473520e-05  1.016413145112576e-05  2.611815203609440e-06
4.040000000000001e+00  1.488084847482077e-05  1.010241992467576e-05  4.778428550145012e-06
4.050000000000001e+00  1.676699460153316e-05  9.967483462234240e-06  6.799511139298920e-06
4.060000000000001e+00  1.844066885548254e-05  9.766282398638658e-06  8.674386456843884e-06
4.070000000000001e+00  1.990860739713506e-05  9.505587540270259e-06  1.040301985686480e-05
4.080000000000001e+00  2.117794837154446e-05  9.191964038936901e-06  1.198598433260756e-05
4.090000000000001e+00  2.225618274231763e-05  8.831756970517256e-06  1.342442577180038e-05
4.100000000000001e+00  2.315110643189055e-05  8.431078585005920e-06  1.472002784688463e-05
4.110000000000001e+00  2.387077387467458e-05  7.995797189907329e-06  1.587497668476725e-05
4.120000000000001e+00  2.442345307953053e-05  7.531527624535200e-06  1.689192545499534e-05
4.130000000000001e+00  2.481758228776281e-05  7.043623278681544e-06  1.777395900908126e-05
4.140000000000001e+00  2.506172830296886e-05  6.537169605578338e-06  1.852455869739052e-05
4.150000000000001e+00  2.516454655924494e-05  6.016979075748657e-06  1.914756748349628e-05
4.160000000000001e+00  2.513474298481738e-05  5.487587515465882e-06  1.964715546935149e-05
4.170000000000001e+00  2.498103770878505e-05  4.953251771016051e-06  2.002778593776899e-05
4.180000000000001e+00  2.471213064974210e-05  4.417948637776538e-06  2.029418201196556e-05
4.190000000000001e+00  2.433666901625061e-05  3.885374991264293e-06  2.045129402498632e-05
4.200000000000001e+00  2.386321674082682e-05  3.358949055827337e-06  2.050426768499948e-05
4.210000000000001e+00  2.330022586091533e-05  2.841812745508972e-06  2.045841311540635e-05
4.220000000000001e+00  2.265600985261939e-05  2.336835010648873e-06  2.031917484197052e-05
4.230000000000001e+00  2.193871891561768e-05  1.846616123357683e-06  2.009210279226000e-05
4.240000000000001e+00  2.115631720055421e-05  1.373492834580039e-06  1.978282436597417e-05
4.250000000000001e+00  2.031656196362892e-05  9.195443356652488e-07  1.939701762796367e-05
4.260000000000001e+00  1.942698462671144e-05  4.865989573473598e-07  1.894038566936408e-05
4.270000000000001e+00  1.849487371553987e-05  7.624153983725293e-08  1.841863217570262e-05
4.280000000000001e+00  1.752725964288936e-05  -3.101785917185789e-07  1.783743823460794e-05
4.290000000000001e+00  1.653090129854180e-05  -6.715391110991108e-07  1.720244040964091e-05
4.300000000000001e+00  1.551227440315548e-05  -1.006935697759204e-06  1.651921010091469e-05
4.310000000000001e+00  1.447756157868296e-05  -1.315672628610722e-06  1.579323420729368e-05
4.320000000000001e+00  1.343264408408457e-05  -1.597253015498913e-06  1.502989709958348e-05
4.330000000000001e+00  1.238309516142719e-05  -1.851368747313757e-06  1.423446390874095e-05
4.340000000000001e+00  1.133417493429887e-05  -2.077890193798007e-06  1.341206512809688e-05
4.350000000000001e+00  1.029082679750115e-05  -2.276855726185116e-06  1.256768252368627e-05
4.360000000000001e+00  9.257675234623013e-06  -2.448461107664246e-06  1.170613634228726e-05
4.370000000000001e+00  8.239024997839077e-06  -2.593048804487117e-06  1.083207380232619e-05
4.380000000000001e+00  7.238861582541748e-06  -2.711097266198266e-06  9.949958848740015e-06
4.390000000000001e+00  6.260852927964860e-06  -2.803210221158772e-06  9.064063149123632e-06
4.400000000000001e+00  5.308352273763715e-06  -2.870106031033392e-06  8.178458304797106e-06
4.410000000000001e+00  4.384402101753825e-06  -2.912607145489119e-06  7.297009247242943e-06
4.420000000000001e+00  3.491739091467435e-06  -2.931629695726017e-06  6.423368787193452e-06
4.430000000000001e+00  2.632800017929835e-06  -2.928173263051090e-06  5.560973280980925e-06
4.440000000000001e+00  1.809728520183824e-06  -2.903310855974123e-06  4.713039376157947e-06
4.450000000000001e+00  1.024382669254441e-06  -2.858179126866416e-06  3.882561796120857e-06
4.460000000000001e+00  2.783432650213589e-07  -2.793968856544084e-06  3.072312121565443e-06
4.470000000000001e+00  -4.270772080042604e-07  -2.711915732658595e-06  2.284838524654335e-06
4.480000000000001e+00  -1.090825034722567e-06  -2.613291445225051e-06  1.522466410502483e-06
4.490000000000001e+00  -1.712095201021112e-06  -2.499395120059667e-06  7.872999190385547e-07
4.500000000000001e+00  -2.290320869029143e-06  -2.371545108556856e-06  8.122423952771265e-08
4.510000000000001e+00  -2.825162460728355e-06  -2.231071149717607e-06  -5.940913110107479e-07
4.520000000000001e+00  -3.316496412698738e-06  -2.079306918048841e-06  -1.237189494649897e-06
4.530000000000001e+00  -3.764403663025490e-06  -1.917582968672637e-06  -1.846820694352853e-06
4.540000000000001e+00  -4.169157929215118e-06  -1.747220088692734e-06  -2.421937840522384e-06
4.550000000000001e+00  -4.531213833895943e-06  -1.569523061830999e-06  -2.961690772064944e-06
4.560000000000001e+00  -4.851194932733514e-06  -1.385774851164475e-06  -3.465420081569039e-06
4.570000000000001e+00  -5.129881696713613e-06  -1.197231202905627e-06  -3.932650493807986e-06
4.580000000000001e+00  -5.368199498402661e-06  -1.005115672209161e-06  -4.363083826193500e-06
4.590000000000001e+00  -5.567206649342533e-06  -8.106150702069153e-07  -4.756591579135618e-06
4.600000000000001e+00  -5.728082533169351e-06  -6.148753297823890e-07  -5.113207203386962e-06
4.610000000000001e+00  -5.852115876374577e-06  -4.189977859263578e-07  -5.433118090448219e-06
4.620000000000001e+00  -5.940693196071206e-06  -2.240358650562217e-07  -5.716657331014984e-06
4.630000000000001e+00  -5.995287461386044e-06  -3.099217620751684e-08  -5.964295285178527e-06
4.640000000000001e+00  -6.017447002480747e-06  1.591840042581532e-07  -6.176631006738900e-06
4.650000000000001e+00  -6.008784698493920e-06  3.455988640741354e-07  -6.354383562568056e-06
4.660000000000001e+00  -5.970967473094119e-06  5.274158132949327e-07  -6.498383286389052e-06
4.670000000000001e+00  -5.905706123619542e-06  7.038568811479471e-07  -6.609563004767489e-06
4.680000000000001e+00  -5.814745507265281e-06  8.742037640999398e-07  -6.688949271365220e-06
4.690000000000001e+00  -5.699855105125723e-06  1.037798538700495e-06  -6.737653643826218e-06
4.700000000000001e+00  -5.562819982431168e-06  1.194044053394486e-06  -6.756864035825654e-06
4.710000000000001e+00  -5.405432160839908e-06  1.342404014157436e-06  -6.747836174997344e-06
4.720000000000001e+00  -5.229482416223654e-06  1.482402779385384e-06  -6.711885195609038e-06
4.730000000000001e+00  -5.036752513059008e-06  1.613624879841820e-06  -6.650377392900829e-06
4.740000000000001e+00  -4.829007884264794e-06  1.735714279920495e-06  -6.564722164185290e-06
4.750000000000001e+00  -4.607990763121400e-06  1.848373396703976e-06  -6.456364159825376e-06
4.760000000000001e+00  -4.375413771821988e-06  1.951361893486273e-06  -6.326775665308261e-06
4.770000000000001e+00  -4.132953969175205e-06  2.044495264599212e-06  -6.177449233774417e-06
4.780000000000001e+00  -3.882247358003743e-06  2.127643228395051e-06  -6.009890586398793e-06
4.790000000000001e+00  -3.624883851008714e-06  2.200727945191266e-06  -5.825611796199980e-06
4.800000000000001e+00  -3.362402692102789e-06  2.263722076910120e-06  -5.626124769012909e-06
4.810000000000001e+00  -3.096288328497996e-06  2.316646705010772e-06  -5.412935033508768e-06
4.820000000000001e+00  -2.827966727414156e-06  2.359569123011595e-06  -5.187535850425751e-06
4.830000000000001e+00  -2.558802129676691e-06  2.392600519727977e-06  -4.951402649404667e-06
4.840000000000001e+00  -2.290094231266245e-06  2.415893568911954e-06  -4.705987800178199e-06
4.850000000000001e+00  -2.023075782496519e-06  2.429639940693105e-06  -4.452715723189625e-06
4.860000000000001e+00  -1.758910593485859e-06  2.434067749712236e-06  -4.192978343198095e-06
4.870000000000001e+00  -1.498691933408465e-06  2.429438954463715e-06  -3.928130887872179e-06
4.880000000000001e+00  -1.243441310175094e-06  2.416046721764920e-06  -3.659488031940013e-06
4.890000000000001e+00  -9.941076162716016e-07  2.394212769791619e-06  -3.388320386063220e-06
4.900000000000001e+00  -7.515666257802386e-07  2.364284702551333e-06  -3.115851328331571e-06
4.910000000000001e+00  -5.166208269047879e-07  2.326633348043973e-06  -2.843254174948761e-06
4.920000000000001e+00  -2.899995738027256e-07  2.281650111762115e-06  -2.571649685564841e-06
4.930000000000001e+00  -7.235954103502476e-08  2.229744356556721e-06  -2.302103897591746e-06
4.940000000000001e+00  1.357145364419784e-07  2.171340819212514e-06  -2.035626282770536e-06
4.950000000000001e+00  3.337088551102079e-07  2.106877073480195e-06  -1.773168218369987e-06
4.960000000000001e+00  5.211792841336305e-07  2.036801048557222e-06  -1.515621764423592e-06
4.970000000000001e+00  6.977498737264513e-07  1.961568611408516e-06  -1.263818737682065e-06
4.980000000000001e+00  8.631111484345503e-07  1.881641220605976e-06  -1.018530072171426e-06
4.990000000000001e+00  1.017018203076346e-06  1.797483658691793e-06  -7.804654556154473e-07
5.000000000000001e+00  1.159288619049341e-06  1.709561849399952e-06  -5.502732303506106e-07
5.010000000000001e+00  1.289800218533803e-06  1.618340765419970e-06  -3.285405468861665e-07
5.020000000000001e+00  1.408488673867491e-06  1.524282431672722e-06  -1.157937578052305e-07
5.030000000000001e+00  1.515344989244857e-06  1.427844028519167e-06  8.750096072568944e-08
5.040000000000001e+00  1.610412871370861e-06  1.329476098559942e-06  2.809367728109185e-07
5.050000000000001e+00  1.693786005492158e-06  1.229620860181453e-06  4.641651453107042e-07
5.060000000000001e+00  1.765605252716259e-06  1.128710630316656e-06  6.368946223996036e-07
5.070000000000001e+00  1.826055784121560e-06  1.027166358340782e-06  7.988894257807776e-07
5.080000000000001e+00  1.875364166591287e-06  9.253962724674045e-07  9.499678941238824e-07
5.090000000000001e+00  1.913795414855457e-06  8.237946394077133e-07  1.090000775447744e-06
5.100000000000001e+00  1.941650023582129e-06  7.227406376060350e-07  1.218909385976094e-06
5.110000000000001e+00  1.959260992794103e-06  6.225973438172200e-07  1.336663648976883e-06
5.120000000000001e+00  1.966990859290784e-06  5.237108323354623e-07  1.443280026955322e-06
5.130000000000001e+00  1.965228746059625e-06  4.264093857189536e-07  1.538819360340671e-06
5.140000000000001e+00  1.954387441054172e-06  3.310028154579778e-07  1.623384625596195e-06
5.150000000000001e+00  1.934900516025754e-06  2.377818906173208e-07  1.697118625408433e-06
5.160000000000001e+00  1.907219495412063e-06  1.470178721121111e-07  1.760201623299952e-06
5.170000000000001e+00  1.871811084608344e-06  5.896214994271303e-08  1.812848934665631e-06
5.180000000000001e+00  1.829154466245542e-06  -2.615401959435776e-08  1.855308485839900e-06
5.190000000000001e+00  1.779738672407556e-06  -1.081196800183214e-07  1.887858352425878e-06
5.200000000000001e+00  1.724060040044608e-06  -1.867442476342727e-07  1.910804287678880e-06
5.210000000000001e+00  1.662619756126441e-06  -2.618574951305191e-07  1.924477251256960e-06
5.220000000000001e+00  1.595921498417734e-06  -3.333094497995979e-07  1.929230948217332e-06
5.230000000000001e+00  1.524469177079834e-06  -4.009702105478493e-07  1.925439387627684e-06
5.240000000000001e+00  1.448764781642545e-06  -4.647296880128745e-07  1.913494469655419e-06
5.250000000000001e+00  1.369306337254278e-06  -5.244972722298261e-07  1.893803609484104e-06
5.260000000000001e+00  1.286585973453371e-06  -5.802014324355100e-07  1.866787405888881e-06
5.270000000000001e+00  1.201088108150973e-06  -6.317892536080868e-07  1.832877361759060e-06
5.280000000000001e+00  1.113287748831824e-06  -6.792259144869325e-07  1.792513663318757e-06
5.290000000000001e+00  1.023648912514383e-06  -7.224941117521408e-07  1.746143024266523e-06
5.300000000000001e+00  9.326231653374408e-07  -7.615934351726392e-07  1.694216600510080e-06
5.310000000000001e+00  8.406482822153917e-07  -7.965396984197639e-07  1.637187980635155e-06
5.320000000000001e+00  7.481470264191527e-07  -8.273642302925056e-07  1.575511256711658e-06
5.330000000000001e+00  6.555260485061129e-07  -8.541131310095773e-07  1.509639179515690e-06
5.340000000000001e+00  5.631749035276085e-07  -8.768464982041482e-07  1.440021401731757e-06
5.350000000000001e+00  4.714651850420681e-07  -8.956376271443456e-07  1.367102812186414e-06
5.360000000000001e+00  3.807497740424490e-07  -9.105721896101445e-07  1.291321963652594e-06
5.370000000000001e+00  2.913622004964479e-07  -9.217473958011927e-07  1.213109596297641e-06
5.380000000000001e+00  2.036161149276990e-07  -9.292711434525011e-07  1.132887258380200e-06
5.390000000000001e+00  1.178048670371957e-07  -9.332611582589452e-07  1.051066025296141e-06
5.400000000000001e+00  3.420118815278284e-08  -9.338441295531736e-07  9.680453177059565e-07
5.410000000000001e+00  -4.694302601878358e-08  -9.311548450101802e-07  8.842118189913966e-07
5.420000000000001e+00  -1.253968361213470e-07  -9.253353280165371e-07  7.999384918951902e-07
5.430000000000001e+00  -2.009502872913981e-07  -9.165339811483458e-07  7.155836938569477e-07
5.440000000000001e+00  -2.734143489329085e-07  -9.049047390413435e-07  6.314903901084349e-07
5.450000000000001e+00  -3.426207704313034e-07  -8.906062337542513e-07  5.479854633229480e-07
5.460000000000001e+00  -4.084218572894082e-07  -8.738009755181093e-07  4.653791182287012e-07
5.470000000000001e+00  -4.706901722738737e-07  -8.546545516117607e-07  3.839643793378870e-07
5.480000000000001e+00  -5.293181662662370e-07  -8.333348458663699e-07  3.040166796001329e-07
5.490000000000001e+00  -5.842177435537240e-07  -8.100112811481512e-07  2.257935375944272e-07
5.500000000000001e+00  -6.353197663790599e-07  -7.848540869419184e-07  1.495343205628585e-07
5.510000000000001e+00  -6.825735035521538e-07  -7.580335939695515e-07  7.546009041739764e-08
5.520000000000001e+00  -7.259460279708369e-07  -7.297195576112541e-07  3.773529640417236e-09
5.530000000000001e+00  -7.654215678397420e-07  -7.000805116261883e-07  -6.534105621355373e-08
5.540000000000001e+00  -8.010008164012085e-07  -6.692831535939231e-07  -1.317176628072855e-07
5.550000000000001e+00  -8.327002048714000e-07  -6.374917631916193e-07  -1.952084416797806e-07
5.560000000000001e+00  -8.605511432546486e-07  -6.048676543144168e-07  -2.556834889402317e-07
5.570000000000001e+00  -8.845992336194150e-07  -5.715686618330463e-07  -3.130305717863687e-07
5.580000000000001e+00  -9.049034603033465e-07  -5.377486636145545e-07  -3.671547966887920e-07
5.590000000000001e+00  -9.215353614149025e-07  -5.035571382633380e-07  -4.179782231515645e-07
5.600000000000001e+00  -9.345781858683528e-07  -4.691387588586988e-07  -4.654394270096540e-07
5.610000000000001e+00  -9.441260400782367e-07  -4.346330228265770e-07  -5.094930172516598e-07
5.620000000000001e+00  -9.502830282363692e-07  -4.001739179181326e-07  -5.501091103182367e-07
5.630000000000001e+00  -9.531623900215120e-07  -3.658896241266306e-07  -5.872727658948813e-07
5.640000000000001e+00  -9.528856393418620e-07  -3.319022512166957e-07  -6.209833881251662e-07
5.650000000000001e+00  -9.495817076087624e-07  -2.983276114530503e-07  -6.512540961557121e-07
5.660000000000001e+00  -9.433860948274162e-07  -2.652750269259788e-07  -6.781110679014374e-07
5.670000000000001e+00  -9.344400316181702e-07  -2.328471708229769e-07  -7.015928607951933e-07
5.680000000000001e+00  -9.228896550900745e-07  -2.011399418345338e-07  -7.217497132555407e-07
5.690000000000001e+00  -9.088852013176905e-07  -1.702423708060677e-07  -7.386428305116228e-07
5.700000000000001e+00  -8.925802169580255e-07  -1.402365586560039e-07  -7.523436583020215e-07
5.710000000000001e+00  -8.741307923578062e-07  -1.111976444869598e-07  -7.629331478708464e-07
5.720000000000001e+00  -8.536948183213372e-07  -8.319380274004524e-08  -7.705010155812920e-07
5.730000000000001e+00  -8.314312684996191e-07  -5.628626818464105e-08  -7.751450003149781e-07
5.740000000000001e+00  -8.074995091698154e-07  -3.052938745940219e-08  -7.769701217104132e-07
5.750000000000001e+00  -7.820586379948459e-07  -5.970695847640717e-09  -7.760879421472052e-07
5.760000000000001e+00  -7.552668531519967e-07  1.734898210197912e-08  -7.726158352539758e-07
5.770000000000001e+00  -7.272808540361774e-07  3.939540950544447e-08  -7.666762635416219e-07
5.780000000000001e+00  -6.982552745865113e-07  6.014079307031645e-08  -7.583960676568277e-07
5.790000000000001e+00  -6.683421500201971e-07  7.956361950790769e-08  -7.479057695281049e-07
5.800000000000001e+00  -6.376904177362146e-07  9.764847386138297e-08  -7.353388915975975e-07
5.810000000000001e+00  -6.064454528395787e-07  1.143858412836447e-07  -7.208312941232235e-07
5.820000000000001e+00  -5.747486386116169e-07  1.297718937565676e-07  -7.045205323681844e-07
5.830000000000001e+00  -5.427369721746122e-07  1.438082632085205e-07  -6.865452353831327e-07
5.840000000000001e+00  -5.105427053330178e-07  1.565018025558382e-07  -6.670445078888560e-07
5.850000000000001e+00  -4.782930205099499e-07  1.678643360950982e-07  -6.461573566050481e-07
5.860000000000001e+00  -4.461097415168433e-07  1.779124007318054e-07  -6.240221422486487e-07
5.870000000000001e+00  -4.141090788062124e-07  1.866669794308037e-07  -6.007760582370161e-07
5.880000000000001e+00  -3.824014086781229e-07  1.941532283159569e-07  -5.765546369940799e-07
5.890000000000001e+00  -3.510910858590531e-07  2.004001987507892e-07  -5.514912846098423e-07
5.900000000000001e+00  -3.202762887110541e-07  2.054405557402555e-07  -5.257168444513096e-07
5.910000000000001e+00  -2.900488962647283e-07  2.093102939240807e-07  -4.993591901888091e-07
5.920000000000001e+00  -2.604943961629695e-07  2.120484523992703e-07  -4.725428485622398e-07
5.930000000000001e+00  -2.316918225136578e-07  2.136968295600630e-07  -4.453886520737208e-07
5.940000000000001e+00  -2.037137225886840e-07  2.142996990935179e-07  -4.180134216822019e-07
5.950000000000001e+00  -1.766261512264457e-07  2.139035282053098e-07  -3.905296794317554e-07
5.960000000000001e+00  -1.504886917336826e-07  2.125566991188745e-07  -3.630453908525571e-07
5.970000000000001e+00  -1.253545020324123e-07  2.103092348077801e-07  -3.356637368401923e-07
5.980000000000001e+00  -1.012703847574159e-07  2.072125298759003e-07  -3.084829146333162e-07
5.990000000000001e+00  -7.827687995641422e-08  2.033190874499255e-07  -2.815959674063397e-07
6.000000000000001e+00  -5.640837903174794e-08  1.986822628599829e-07  -2.550906418917309e-07
6.010000000000001e+00  -3.569325850799006e-08  1.933560148572249e-07  -2.290492733652149e-07
6.020000000000001e+00  -1.615403224050718e-08  1.873946650363096e-07  -2.035486972768168e-07
6.030000000000001e+00  2.192479385582259e-09  1.808526660569537e-07  -1.786601866713714e-07
6.040000000000001e+00  1.933496468688697e-08  1.737843792401626e-07  -1.544494145532756e-07
6.050000000000001e+00  3.526742177563806e-08  1.662438620074832e-07  -1.309764402318451e-07
6.060000000000001e+00  4.998894694183445e-08  1.582846655942520e-07  -1.082957186524176e-07
6.070000000000001e+00  6.350351173547067e-08  1.499596434177047e-07  -8.645613168223405e-08
6.080000000000001e+00  7.581973014149140e-08  1.413207703931293e-07  -6.550104025163786e-08
6.090000000000001e+00  8.695061723355848e-08  1.324189734661216e-07  -4.546835623256309e-08
6.100000000000001e+00  9.691334063438024e-08  1.233039735494748e-07  -2.639063291509458e-08
6.110000000000001e+00  1.057289661273633e-07  1.140241390197698e-07  -8.295172892406409e-09
6.120000000000001e+00  1.134221986758262e-07  1.046263508539666e-07  8.795847821859547e-09
6.130000000000001e+00  1.200211201154942e-07  9.515587945751100e-08  2.486524065798324e-08
6.140000000000001e+00  1.255569247144630e-07  8.565627317080886e-08  3.990065154365412e-08
6.150000000000001e+00  1.300636537636105e-07  7.616925840789750e-08  5.389439535571298e-08
6.160000000000001e+00  1.335779303097051e-07  6.673465132662193e-08  6.684327898308319e-08
6.170000000000001e+00  1.361386950960315e-07  5.739028088779276e-08  7.874841420823873e-08
6.180000000000001e+00  1.377869447211152e-07  4.817192313873274e-08  8.961502158238242e-08
6.190000000000001e+00  1.385654729762846e-07  3.911324648897814e-08  9.945222648730644e-08
6.200000000000001e+00  1.385186162674691e-07  3.024576774569333e-08  1.082728485217757e-07
6.210000000000001e+00  1.376920039651788e-07  2.159881860520522e-08  1.160931853599736e-07
6.220000000000001e+00  1.361323144797339e-07  1.319952232093913e-08  1.229327921587948e-07
6.230000000000001e+00  1.338870377877866e-07  5.072780172150900e-09  1.288142576156357e-07
6.240000000000001e+00  1.310042451106282e-07  -2.758732592595443e-09  1.337629777032236e-07
6.250000000000001e+00  1.275323663068214e-07  -1.027456177046804e-08  1.378069280772894e-07
6.260000000000001e+00  1.235199756216272e-07  -1.745646051734488e-08  1.409764361389720e-07
6.270000000000001e+00  1.190155862140702e-07  -2.428836744713915e-08  1.433039536612093e-07
6.280000000000001e+00  1.140674539611019e-07  -3.075637691383546e-08  1.448238308749374e-07
6.290000000000001e+00  1.087233909056303e-07  -3.684870193583160e-08  1.455720928414619e-07
6.300000000000001e+00  1.030305886814185e-07  -4.255563023285878e-08  1.455862189142773e-07
6.310000000000001e+00  9.703545220067311e-08  -4.786947382786116e-08  1.449049260285343e-07
6.320000000000001e+00  9.078344382593983e-08  -5.278451269870078e-08  1.435679565246406e-07
6.330000000000001e+00  8.431893820002895e-08  -5.729693294636623e-08  1.416158711463952e-07
6.340000000000001e+00  7.768508785509545e-08  -6.140475997134877e-08  1.390898478264442e-07
6.350000000000001e+00  7.092369967879824e-08  -6.510778712843781e-08  1.360314868072361e-07
6.360000000000001e+00  6.407512226878985e-08  -6.840750033076238e-08  1.324826225995522e-07
6.370000000000001e+00  5.717814414940809e-08  -7.130699908854006e-08  1.284851432379481e-07
6.380000000000001e+00  5.026990279269526e-08  -7.381091443418238e-08  1.240808172268777e-07
6.390000000000001e+00  4.338580435987937e-08  -7.592532420556243e-08  1.193111285654418e-07
6.400000000000001e+00  3.655945399563508e-08  -7.765766612440275e-08  1.142171201200378e-07
6.410000000000001e+00  2.982259652601422e-08  -7.901664911760885e-08  1.088392456436231e-07
6.420000000000001e+00  2.320506733206735e-08  -8.001216331250631e-08  1.032172306445737e-07
6.430000000000001e+00  1.673475317463397e-08  -8.065518910485971e-08  9.738994227949368e-08
6.440000000000001e+00  1.043756268283540e-08  -8.095770571971880e-08  9.139526840255421e-08
6.450000000000001e+00  4.337406221942215e-09  -8.093259964100860e-08  8.527000586295081e-08
6.460000000000001e+00  -1.543815194063226e-09  -8.059357328153618e-08  7.904975808747295e-08
6.470000000000001e+00  -7.186212274199237e-09  -7.995505424577276e-08  7.276884197157353e-08
6.480000000000001e+00  -1.257190148118229e-08  -7.903210552833402e-08  6.646020404715173e-08
6.490000000000001e+00  -1.768499111593756e-08  -7.784033696111238e-08  6.015534584517481e-08
6.500000000000001e+00  -2.251155982339938e-08  -7.639581820738840e-08  5.388425838398902e-08
6.510000000000001e+00  -2.703962795735203e-08  -7.471499358626522e-08  4.767536562891319e-08
6.520000000000001e+00  -3.125912222008065e-08  -7.281459900311135e-08  4.155547678303070e-08
6.530000000000001e+00  -3.516183399819057e-08  -7.071158119605427e-08  3.554974719786369e-08
6.540000000000001e+00  -3.874137184797315e-08  -6.842301956288077e-08  2.968164771490762e-08
6.550000000000001e+00  -4.199310855305609e-08  -6.596605073267660e-08  2.397294217962050e-08
6.560000000000001e+00  -4.491412323127411e-08  -6.335779610601016e-08  1.844367287473605e-08
6.570000000000001e+00  -4.750313889713406e-08  -6.061529248706908e-08  1.311215358993502e-08
6.580000000000001e+00  -4.976045595554079e-08  -5.775542598846495e-08  7.994970032924161e-09
6.590000000000001e+00  -5.168788206104685e-08  -5.479486931546682e-08  3.106987254419966e-09
6.600000000000001e+00  -5.328865877536441e-08  -5.175002254563971e-08  -1.538636229724700e-09
6.610000000000001e+00  -5.456738546061345e-08  -4.863695748292192e-08  -5.930427977691533e-09
6.620000000000001e+00  -5.552994083694567e-08  -4.547136567934067e-08  -1.005857515760500e-08
6.630000000000001e+00  -5.618340260966776e-08  -4.226851014833811e-08  -1.391489246132965e-08
6.640000000000001e+00  -5.653596558907148e-08  -3.904318083734026e-08  -1.749278475173122e-08
6.650000000000001e+00  -5.659685868286417e-08  -3.580965385484336e-08  -2.078720482802081e-08
6.660000000000001e+00  -5.637626115034294e-08  -3.258165447431842e-08  -2.379460667602453e-08
6.670000000000001e+00  -5.588521849280020e-08  -2.937232389286718e-08  -2.651289459993301e-08
6.680000000000001e+00  -5.513555832960964e-08  -2.619418973316282e-08  -2.894136859644682e-08
6.690000000000001e+00  -5.413980660045425e-08  -2.305914023377687e-08  -3.108066636667738e-08
6.700000000000001e+00  -5.291110442239741e-08  -1.997840208880389e-08  -3.293270233359352e-08
6.710000000000001e+00  -5.146312591693249e-08  -1.696252187613632e-08  -3.450060404079617e-08
6.720000000000001e+00  -4.980999727092505e-08  -1.402135097482656e-08  -3.578864629609850e-08
6.730000000000001e+00  -4.796621735125249e-08  -1.116403392206428e-08  -3.680218342918820e-08
6.740000000000001e+00  -4.594658008561640e-08  -8.399000084132551e-09  -3.754758000148384e-08
6.750000000000001e+00  -4.376609887810892e-08  -5.733958550482109e-09  -3.803214032762681e-08
6.760000000000001e+00  -4.143993326625022e-08  -3.175896134193341e-09  -3.826403713205688e-08
6.770000000000001e+00  -3.898331802596663e-08  -7.310783532513291e-10  -3.825223967271530e-08
6.780000000000001e+00  -3.641149491299408e-08  1.594946718187992e-09  -3.800644163118207e-08
6.790000000000001e+00  -3.373964719488807e-08  3.797341892403152e-09  -3.753698908729122e-08
6.800000000000001e+00  -3.098283714085064e-08  5.871971708955890e-09  -3.685480884980653e-08
6.810000000000001e+00  -2.815594657802884e-08  7.815390841703002e-09  -3.597133741973184e-08
6.820000000000001e+00  -2.527362064413819e-08  9.624830211948649e-09  -3.489845085608684e-08
6.830000000000001e+00  -2.235021481965471e-08  1.129818094994022e-08  -3.364839576959492e-08
6.840000000000001e+00  -1.939974532526634e-08  1.283397637166359e-08  -3.223372169692993e-08
6.850000000000001e+00  -1.643584294262633e-08  1.423137211088158e-08  -3.066721505350791e-08
6.860000000000001e+00  -1.347171030248667e-08  1.549012456668804e-08  -2.896183486917471e-08
6.870000000000001e+00  -1.052008267253469e-08  1.661056782632330e-08  -2.713065049885800e-08
6.880000000000001e+00  -7.593192256702553e-09  1.759358920607287e-08  -2.518678146277542e-08
6.890000000000001e+00  -4.702736005250242e-09  1.844060357695225e-08  -2.314333958220249e-08
6.900000000000001e+00  -1.859846930912753e-09  1.915352661328423e-08  -2.101337354419698e-08
6.910000000000001e+00  9.249311187844072e-10  1.973474713120764e-08  -1.880981601242324e-08
6.920000000000001e+00  3.641665247078878e-09  2.018709864537922e-08  -1.654543339830035e-08
6.930000000000001e+00  6.281051913846410e-09  2.051383029777689e-08  -1.423277838393048e-08
6.940000000000001e+00  8.834432044908145e-09  2.071857731268035e-08  -1.188414526777221e-08
6.950000000000001e+00  1.129380287620598e-08  2.080533108047026e-08  -9.511528204264279e-09
6.960000000000001e+00  1.365182665934625e-08  2.077840903821856e-08  -7.126582378872311e-09
6.970000000000001e+00  1.590183629682171e-08  2.064242445602454e-08  -4.740588159202834e-09
6.980000000000001e+00  1.803783801603580e-08  2.040225625900080e-08  -2.364418242965000e-09
6.990000000000001e+00  2.005451118708264e-08  2.006301899267977e-08  -8.507805597133048e-12
7.000000000000001e+00  2.194720540978374e-08  1.963003306316777e-08  2.317172346615966e-09
7.010000000000001e+00  2.371193497572335e-08  1.910879533949184e-08  4.603139636231510e-09
7.020000000000001e+00  2.534537084978802e-08  1.850495023318966e-08  6.840420616598354e-09
7.030000000000001e+00  2.684483029253006e-08  1.782426134064477e-08  9.020568951885289e-09
7.040000000000001e+00  2.820826425872431e-08  1.707258374233872e-08  1.113568051638559e-08
7.050000000000001e+00  2.943424272027832e-08  1.625583704062486e-08  1.317840567965346e-08
7.060000000000001e+00  3.052193804498161e-08  1.537997921340910e-08  1.514195883157251e-08
7.070000000000001e+00  3.147110658216500e-08  1.445098134898848e-08  1.702012523317653e-08
7.080000000000001e+00  3.228206859414243e-08  1.347480333283376e-08  1.880726526130866e-08
7.090000000000001e+00  3.295568668962791e-08  1.245737054248852e-08  2.049831614713939e-08
7.100000000000001e+00  3.349334288403243e-08  1.140455158855618e-08  2.208879129547625e-08
7.110000000000001e+00  3.389691445959829e-08  1.032213717270151e-08  2.357477728689678e-08
7.120000000000001e+00  3.416874874741169e-08  9.215820075665081e-09  2.495292867174661e-08
7.130000000000001e+00  3.431163698206962e-08  8.091176325812503e-09  2.622046065625712e-08
7.140000000000001e+00  3.432878736962949e-08  6.953647560694013e-09  2.737513980893547e-08
7.150000000000001e+00  3.422379750729087e-08  5.808524618184779e-09  2.841527288910609e-08
7.160000000000001e+00  3.400062628323497e-08  4.660932358836935e-09  2.933969392439804e-08
7.170000000000001e+00  3.366356540361876e-08  3.515815739051768e-09  3.014774966456699e-08
7.180000000000001e+00  3.321721064909558e-08  2.377927132327186e-09  3.083928351676839e-08
7.190000000000001e+00  3.266643301426095e-08  1.251814903708040e-09  3.141461811055291e-08
7.200000000000001e+00  3.201634982405433e-08  1.418132306060200e-10  3.187453659344831e-08
7.210000000000001e+00  3.127229595973880e-08  -9.479668385310205e-10  3.222026279826982e-08
7.220000000000001e+00  3.043979528863016e-08  -2.013645110175000e-09  3.245344039880516e-08
7.230000000000001e+00  2.952453241672641e-08  -3.051578760221467e-09  3.257611117694787e-08
7.240000000000001e+00  2.853232485050660e-08  -4.058367674332995e-09  3.259069252483960e-08
7.250000000000001e+00  2.746909567372670e-08  -5.030858623522562e-09  3.249995429724926e-08
7.260000000000001e+00  2.634084681218095e-08  -5.966148328117356e-09  3.230699514029831e-08
7.270000000000001e+00  2.515363298188592e-08  -6.861585419645727e-09  3.201521840153165e-08
7.280000000000001e+00  2.391353639064731e-08  -7.714771344015981e-09  3.162830773466329e-08
7.290000000000001e+00  2.262664226069431e-08  -8.523560254397369e-09  3.115020251509168e-08
7.300000000000001e+00  2.129901524343671e-08  -9.286057917929327e-09  3.058507316136604e-08
7.310000000000001e+00  1.993667677757139e-08  -1.000061969166901e-08  2.993729646924040e-08
7.320000000000001e+00  1.854558344508187e-08  -1.066584760661813e-08  2.921143105170000e-08
7.330000000000001e+00  1.713160637825251e-08  -1.128058660777585e-08  2.841219298602836e-08
7.340000000000001e+00  1.570051174071767e-08  -1.184391999789110e-08  2.754443173860877e-08
7.350000000000001e+00  1.425794233761869e-08  -1.235516413497853e-08  2.661310647259722e-08
7.360000000000001e+00  1.280940036995227e-08  -1.281386243012173e-08  2.562326280007400e-08
7.370000000000001e+00  1.136023136004976e-08  -1.321977870003575e-08  2.458001006008551e-08
7.380000000000001e+00  9.915609267461729e-09  -1.357288992597632e-08  2.348849919343805e-08
7.390000000000001e+00  8.480522807032263e-09  -1.387337846362882e-08  2.235390127066108e-08
7.400000000000001e+00  7.059762974983605e-09  -1.412162376274646e-08  2.118138673773006e-08
7.410000000000001e+00  5.657911787051524e-09  -1.431819364753724e-08  1.997610543458876e-08
7.420000000000001e+00  4.279332226928205e-09  -1.446383519777623e-08  1.874316742470444e-08
7.430000000000001e+00  2.928159394070202e-09  -1.455946530063757e-08  1.748762469470777e-08
7.440000000000001e+00  1.608292845215451e-09  -1.460616090238654e-08  1.621445374760199e-08
7.450000000000001e+00  3.233901112467298e-10  -1.460514902110503e-08  1.492853913235176e-08
7.460000000000001e+00  -9.231386345120680e-10  -1.455779656768847e-08  1.363465793317641e-08
7.470000000000001e+00  -2.128134766096305e-09  -1.446560001365370e-08  1.233746524755739e-08
7.480000000000001e+00  -3.288694299065605e-09  -1.433017496163398e-08  1.104148066256838e-08
7.490000000000001e+00  -4.402169899446502e-09  -1.415324565391902e-08  9.751075754472517e-09
7.500000000000001e+00  -5.466171854027049e-09  -1.393663446663046e-08  8.470462612603408e-09
7.510000000000001e+00  -6.478568029111782e-09  -1.368225142786806e-08  7.203683398756279e-09
7.520000000000001e+00  -7.437482860577299e-09  -1.339208379793685e-08  5.954600937359549e-09
7.530000000000001e+00  -8.341295414863848e-09  -1.306818575612486e-08  4.726890341261016e-09
7.540000000000001e+00  -9.188636557076343e-09  -1.271266821549864e-08  3.524031658422298e-09
7.550000000000001e+00  -9.978385285342319e-09  -1.232768881691128e-08  2.349303531568957e-09
7.560000000000001e+00  -1.070966425128051e-08  -1.191544211197497e-08  1.205777860694461e-09
7.570000000000001e+00  -1.138183454483306e-08  -1.147814999057259e-08  9.631544573952202e-11
7.580000000000001e+00  -1.199448976500822e-08  -1.101805235779781e-08  -9.764374072104130e-10
7.590000000000001e+00  -1.254744943982310e-08  -1.053739809759784e-08  -2.010051342225262e-09
7.600000000000001e+00  -1.304075183868520e-08  -1.003843633959950e-08  -3.002315499085705e-09
7.610000000000001e+00  -1.347464623037095e-08  -9.523408060433599e-09  -3.951238169937351e-09
7.620000000000001e+00  -1.384958463403573e-08  -8.994538025795287e-09  -4.855046608240445e-09
7.630000000000001e+00  -1.416621311483588e-08  -8.454027101477723e-09  -5.712186013358154e-09
7.640000000000001e+00  -1.442536267068578e-08  -7.904044939436863e-09  -6.521317731248913e-09
7.650000000000001e+00  -1.462803976674026e-08  -7.346723058153555e-09  -7.281316708586708e-09
7.660000000000001e+00  -1.477541655692948e-08  -6.784148327505231e-09  -7.991268229424245e-09
7.670000000000001e+00  -1.486882084882901e-08  -6.218356860941905e-09  -8.650463987887102e-09
7.680000000000001e+00  -1.490972585430747e-08  -5.651328331495174e-09  -9.258397522812292e-09
7.690000000000001e+00  -1.489973977412342e-08  -5.084980710860245e-09  -9.814759063263178e-09
7.700000000000001e+00  -1.484059525884823e-08  -4.521165430292200e-09  -1.031942982855603e-08
7.710000000000001e+00  -1.473413879962735e-08  -3.961662983488244e-09  -1.077247581613911e-08
7.720000000000001e+00  -1.458232007371319e-08  -3.408178944040552e-09  -1.117414112967264e-08
7.730000000000001e+00  -1.438718130375292e-08  -2.862340421267381e-09  -1.152484088248554e-08
7.740000000000001e+00  -1.415084665941197e-08  -2.325692935092904e-09  -1.182515372431907e-08
7.750000000000001e+00  -1.387551174192436e-08  -1.799697711613720e-09  -1.207581403031064e-08
7.760000000000001e+00  -1.356343318960887e-08  -1.285729394078191e-09  -1.227770379553067e-08
7.770000000000001e+00  -1.321691843323957e-08  -7.850741562119689e-10  -1.243184427702760e-08
7.780000000000001e+00  -1.283831564208581e-08  -2.989282195792383e-10  -1.253938742250657e-08
7.790000000000001e+00  -1.243000387916859e-08  1.716032516542840e-10  -1.260160713082287e-08
7.800000000000001e+00  -1.199438350584283e-08  6.255068679012248e-10  -1.261989037374406e-08
7.810000000000001e+00  -1.153386685740128e-08  1.061861371571148e-09  -1.259572822897243e-08
7.820000000000001e+00  -1.105086920747343e-08  1.479837644720615e-09  -1.253070685219404e-08
7.830000000000001e+00  -1.054780005810150e-08  1.878698372603540e-09  -1.242649843070504e-08
7.840000000000001e+00  -1.002705476028157e-08  2.257797386171360e-09  -1.228485214645293e-08
7.850000000000001e+00  -9.491006495468907e-09  2.616578694132059e-09  -1.210758518960097e-08
7.860000000000001e+00  -8.941998625388140e-09  2.954575222149045e-09  -1.189657384753719e-08
7.870000000000001e+00  -8.382337432742428e-09  3.271407270428591e-09  -1.165374470317102e-08
7.880000000000001e+00  -7.814285256630856e-09  3.566780715667808e-09  -1.138106597229866e-08
7.890000000000001e+00  -7.240054037345031e-09  3.840484962941947e-09  -1.108053900028698e-08
7.900000000000001e+00  -6.661799281778598e-09  4.092390673327978e-09  -1.075418995510658e-08
7.910000000000001e+00  -6.081614450310432e-09  4.322447278515818e-09  -1.040406172882625e-08
7.920000000000001e+00  -5.501525773144430e-09  4.530680304335666e-09  -1.003220607748010e-08
7.930000000000001e+00  -4.923487496903891e-09  4.717188516024941e-09  -9.640676012928832e-09
7.940000000000001e+00  -4.349377568010549e-09  4.882140907523381e-09  -9.231518475533930e-09
7.950000000000001e+00  -3.780993744219678e-09  5.025773546670366e-09  -8.806767290890044e-09
7.960000000000001e+00  -3.220050139947577e-09  5.148386298021944e-09  -8.368436437969520e-09
7.970000000000001e+00  -2.668174197214152e-09  5.250339437881241e-09  -7.918513635095394e-09
7.980000000000001e+00  -2.126904079442076e-09  5.332050177090790e-09  -7.458954256532866e-09
7.990000000000001e+00  -1.597686480956316e-09  5.393989110330457e-09  -6.991675591286774e-09
8.000000000000002e+00  -1.081874844114336e-09  5.436676608353520e-09  -6.518551452467857e-09
8.010000000000002e+00  -5.807279787676905e-10  5.460679160239481e-09  -6.041407139007172e-09
8.020000000000001e+00  -9.540906646333497e-11  5.466605699602346e-09  -5.562014766065681e-09
8.030000000000001e+00  3.730149518557677e-10  5.455103904425806e-09  -5.082088952570038e-09
8.040000000000003e+00  8.235736246112820e-10  5.426856504167157e-09  -4.603282879555875e-09
8.050000000000002e+00  1.255392881231127e-09  5.382577600111900e-09  -4.127184718880773e-09
8.060000000000002e+00  1.667694590498963e-09  5.323009012365452e-09  -3.655314421866488e-09
8.070000000000002e+00  2.059795783226758e-09  5.248916664577224e-09  -3.189120881350466e-09
8.080000000000002e+00  2.431107572889902e-09  5.161087020897340e-09  -2.729979448007437e-09
8.090000000000002e+00  2.781133775230844e-09  5.060323582212286e-09  -2.279189806981442e-09
8.100000000000001e+00  3.109469254027622e-09  4.947443461672330e-09  -1.837974207644709e-09
8.110000000000001e+00  3.415797998348724e-09  4.823274031046279e-09  -1.407476032697554e-09
8.120000000000003e+00  3.699890958494979e-09  4.688649666151836e-09  -9.887587076568567e-10
8.130000000000003e+00  3.961603651127560e-09  4.544408590137065e-09  -5.828049390095052e-10
8.140000000000002e+00  4.200873553565596e-09  4.391389820504809e-09  -1.905162669392125e-10
8.150000000000002e+00  4.417717304179022e-09  4.230430232207647e-09  1.872870719713745e-10
8.160000000000002e+00  4.612227725233031e-09  4.062361741244908e-09  5.498659839881237e-10
8.170000000000002e+00  4.784570685588216e-09  3.888008610280134e-09  8.965620753080821e-10
8.180000000000001e+00  4.934981825468264e-09  3.708184889013014e-09  1.226796936455250e-09
8.190000000000001e+00  5.063763149861803e-09  3.523691984711979e-09  1.540071165149823e-09
8.200000000000001e+00  5.171279519899913e-09  3.335316375467657e-09  1.835963144432255e-09
8.210000000000003e+00  5.257955048722690e-09  3.143827459383820e-09  2.114127589338870e-09
8.220000000000002e+00  5.324269426187912e-09  2.949975550483474e-09  2.374293875704438e-09
8.230000000000002e+00  5.370754181189282e-09  2.754490019898738e-09  2.616264161290543e-09
8.240000000000002e+00  5.397988901698224e-09  2.558077575465047e-09  2.839911326233178e-09
8.250000000000002e+00  5.406597429233057e-09  2.361420702886001e-09  3.045176726347055e-09
8.260000000000002e+00  5.397244037562922e-09  2.165176236093450e-09  3.232067801469472e-09
8.270000000000001e+00  5.370629611034086e-09  1.969974084040781e-09  3.400655526993304e-09
8.280000000000001e+00  5.327487840870324e-09  1.776416098622717e-09  3.551071742247607e-09
8.290000000000003e+00  5.268581446630391e-09  1.585075086390436e-09  3.683506360239954e-09
8.300000000000002e+00  5.194698438519455e-09  1.396493960746518e-09  3.798204477772937e-09
8.310000000000002e+00  5.106648430441153e-09  1.211185031296836e-09  3.895463399144316e-09
8.320000000000002e+00  5.005259018743997e-09  1.029629432089508e-09  3.975629586654489e-09
8.330000000000002e+00  4.891372230566680e-09  8.522766775361781e-10  4.039095553030502e-09
8.340000000000002e+00  4.765841058926722e-09  6.795443512649006e-10  4.086296707661822e-09
8.350000000000001e+00  4.629526090210467e-09  5.118179167562714e-10  4.117708173454195e-09
8.360000000000001e+00  4.483292229929606e-09  3.494506502048447e-10  4.133841579724761e-09
8.370000000000003e+00  4.328005541174307e-09  1.927636869080077e-10  4.135241854266299e-09
8.380000000000003e+00  4.164530196200421e-09  4.204618230305758e-11  4.122484013897363e-09
8.390000000000002e+00  3.993725552706766e-09  -1.024444239600204e-10  4.096169976666786e-09
8.400000000000002e+00  3.816443355649368e-09  -2.404820419644599e-10  4.056925397613828e-09
8.410000000000002e+00  3.633525076208743e-09  -3.718714672247576e-10  4.005396543433500e-09
8.420000000000002e+00  3.445799383441641e-09  -4.964478327346083e-10  3.942247216176250e-09
8.430000000000001e+00  3.254079762094709e-09  -6.140759669953102e-10  3.868155729090019e-09
8.440000000000001e+00  3.059162271669366e-09  -7.246496811974883e-10  3.783811952866854e-09
8.450000000000001e+00  2.861823453162456e-09  -8.280909785297642e-10  3.689914431692220e-09
8.460000000000003e+00  2.662818385523865e-09  -9.243491967683064e-10  3.587167582292171e-09
8.470000000000002e+00  2.462878886448784e-09  -1.013400093529998e-09  3.476278979978782e-09
8.480000000000002e+00  2.262711877377344e-09  -1.095244861784021e-09  3.357956739161366e-09
8.490000000000002e+00  2.062997880025798e-09  -1.169909114454284e-09  3.232906994480082e-09
8.500000000000002e+00  1.864389676922202e-09  -1.237441808763980e-09  3.101831485686182e-09
8.510000000000002e+00  1.667511116978637e-09  -1.297914138399479e-09  2.965425255378116e-09
8.520000000000001e+00  1.472956065582187e-09  -1.351418390552483e-09  2.824374456134670e-09
8.530000000000001e+00  1.281287505367311e-09  -1.398066775072357e-09  2.679354280439668e-09
8.540000000000003e+00  1.093036774359538e-09  -1.437990229842339e-09  2.531027004201878e-09
8.550000000000002e+00  9.087029500886080e-10  -1.471337210217173e-09  2.380040160305781e-09
8.560000000000002e+00  7.287523652920674e-10  -1.498272463945845e-09  2.227024829237912e-09
8.570000000000002e+00  5.536182614930709e-10  -1.518975799656302e-09  2.072594061149373e-09
8.580000000000002e+00  3.837005687188186e-10  -1.533640850977467e-09  1.917341419696286e-09
8.590000000000002e+00  2.193658126967174e-10  -1.542473844083366e-09  1.761839656780084e-09
8.600000000000001e+00  6.094714085071003e-11  -1.545692368362096e-09  1.606639509212806e-09
8.610000000000001e+00  -9.125553380797138e-11  -1.543524159999937e-09  1.452268626191966e-09
8.620000000000003e+00  -2.369752798507841e-10  -1.536205896010506e-09  1.299230616159722e-09
8.630000000000003e+00  -3.759777876318065e-10  -1.523982008754279e-09  1.148004221122472e-09
8.640000000000002e+00  -5.080609097071579e-10  -1.507103520619374e-09  9.990426109122162e-10
8.650000000000002e+00  -6.330541062464707e-10  -1.485826902087154e-09  8.527727958406831e-10
8.660000000000002e+00  -7.508178015107581e-10  -1.460412957722699e-09  7.095951562119411e-10
8.670000000000002e+00  -8.612426582122382e-10  -1.431125745391565e-09  5.698830871793272e-10
8.680000000000001e+00  -9.642487704925837e-10  -1.398231521643371e-09  4.339827511507876e-10
8.690000000000001e+00  -1.059784789435028e-09  -1.361997728422861e-09  3.022129389878331e-10
8.700000000000003e+00  -1.147826985286736e-09  -1.322692021572557e-09  1.748650362858218e-10
8.710000000000003e+00  -1.228378235945003e-09  -1.280581317294865e-09  5.220308134986235e-11
8.720000000000002e+00  -1.301466980076820e-09  -1.235930910047963e-09  -6.553607002885726e-11
8.730000000000002e+00  -1.367146111155994e-09  -1.189003612068166e-09  -1.781424990878280e-10
8.740000000000002e+00  -1.425491829888639e-09  -1.140058941676944e-09  -2.854328882116959e-10
8.750000000000002e+00  -1.476602463257497e-09  -1.089352360756734e-09  -3.872501025007634e-10
8.760000000000002e+00  -1.520597249508621e-09  -1.037134553043108e-09  -4.834626964655136e-10
8.770000000000001e+00  -1.557615099433307e-09  -9.836507514979350e-10  -5.739643479353720e-10
8.780000000000001e+00  -1.587813338404554e-09  -9.291401140424860e-10  -6.586732243620682e-10
8.790000000000003e+00  -1.611366430249634e-09  -8.738351427888558e-10  -7.375312874607782e-10
8.800000000000002e+00  -1.628464694217484e-09  -8.179611537926677e-10  -8.105035404248167e-10
8.810000000000002e+00  -1.639313016153828e-09  -7.617357938241036e-10  -8.775772223297245e-10
8.820000000000002e+00  -1.644129560159077e-09  -7.053686044263444e-10  -9.387609557327323e-10
8.830000000000002e+00  -1.643144483111132e-09  -6.490606290948664e-10  -9.940838540162658e-10
8.840000000000002e+00  -1.636598659606163e-09  -5.930040733479956e-10  -1.043594586258168e-09
8.850000000000001e+00  -1.624742419506934e-09  -5.373820054101409e-10  -1.087360414096793e-09
8.860000000000001e+00  -1.607834300121653e-09  -4.823681005298309e-10  -1.125466199591822e-09
8.870000000000003e+00  -1.586139824865450e-09  -4.281264354524550e-10  -1.158013389412995e-09
8.880000000000003e+00  -1.559930299004481e-09  -3.748113191403104e-10  -1.185118979864170e-09
8.890000000000002e+00  -1.529481636727993e-09  -3.225671665292328e-10  -1.206914470198760e-09
8.900000000000002e+00  -1.495073218717926e-09  -2.715284151672117e-10  -1.223544803550714e-09
8.910000000000002e+00  -1.456986782016722e-09  -2.218194777477902e-10  -1.235167304268932e-09
8.920000000000002e+00  -1.415505346496992e-09  -1.735547334785500e-10  -1.241950613018442e-09
8.930000000000001e+00  -1.370912177971720e-09  -1.268385548177619e-10  -1.244073623153958e-09
8.940000000000001e+00  -1.323489795308879e-09  -8.176536813912015e-11  -1.241724427169759e-09
8.950000000000003e+00  -1.273519015302084e-09  -3.841974839964505e-11  -1.235099266902439e-09
8.960000000000003e+00  -1.221278045205978e-09  3.123457230717658e-12  -1.224401502436696e-09
8.970000000000002e+00  -1.167041618324804e-09  4.279897544794600e-11  -1.209840593772750e-09
8.980000000000002e+00  -1.111080178772290e-09  8.055092509442982e-11  -1.191631103866720e-09
8.990000000000002e+00  -1.053659110892426e-09  1.163326102514198e-10  -1.169991721143846e-09
9.000000000000002e+00  -9.950380203552155e-10  1.501062902268779e-10  -1.145144310582093e-09
9.010000000000002e+00  -9.354700605232134e-10  1.818429287921869e-10  -1.117312989315400e-09
9.020000000000001e+00  -8.752013140915946e-10  2.115219167007406e-10  -1.086723230792335e-09
9.030000000000001e+00  -8.144702179824150e-10  2.391307856722021e-10  -1.053601003654617e-09
9.040000000000003e+00  -7.535070426277370e-10  2.646648989297915e-10  -1.018171941557529e-09
9.050000000000002e+00  -6.925334198171697e-10  2.881271275960366e-10  -9.806605474132064e-10
9.060000000000002e+00  -6.317619178674765e-10  3.095275191592372e-10  -9.412894370267137e-10
9.070000000000002e+00  -5.713956690575166e-10  3.288829480054231e-10  -9.002786170629397e-10
9.080000000000002e+00  -5.116280411390083e-10  3.462167617448330e-10  -8.578448028838413e-10
9.090000000000002e+00  -4.526423631739672e-10  3.615584138650299e-10  -8.142007770389971e-10
9.100000000000001e+00  -3.946116866627898e-10  3.749431012865808e-10  -7.695547879493706e-10
9.110000000000001e+00  -3.376986036721968e-10  3.864113831635437e-10  -7.241099868357406e-10
9.120000000000003e+00  -2.820551038069027e-10  3.960088063095868e-10  -6.780639101164895e-10
9.130000000000003e+00  -2.278224726063536e-10  4.037855271385357e-10  -6.316079997448894e-10
9.140000000000002e+00  -1.751312356032438e-10  4.097959310099316e-10  -5.849271666131753e-10
9.150000000000002e+00  -1.241011403856693e-10  4.140982549129165e-10  -5.381993952985858e-10
9.160000000000002e+00  -7.484117628363141e-11  4.167542134893185e-10  -4.915953897729499e-10
9.170000000000002e+00  -2.744963399081125e-11  4.178286255223197e-10  -4.452782595131309e-10
9.180000000000001e+00  1.798580228740419e-11  4.173890485788330e-10  -3.994032462914288e-10
9.190000000000001e+00  6.138792791291568e-11  4.155054190343631e-10  -3.541174911214474e-10
9.200000000000003e+00  1.026898591503949e-10  4.122496971472714e-10  -3.095598379968764e-10
9.210000000000003e+00  1.418348449779506e-10  4.076955228906511e-10  -2.658606779127005e-10
9.220000000000002e+00  1.787760508101561e-10  4.019178794785356e-10  -2.231418286683794e-10
9.230000000000002e+00  2.134763155680041e-10  3.949927649274191e-10  -1.815164493594150e-10
9.240000000000002e+00  2.459078870314032e-10  3.869968811360860e-10  -1.410889941046828e-10
9.250000000000002e+00  2.760521285330832e-10  3.780073206655757e-10  -1.019551921324925e-10
9.260000000000002e+00  3.038992144268326e-10  3.681012811266645e-10  -6.420206669983196e-11
9.270000000000001e+00  3.294477999099356e-10  3.573557808879498e-10  -2.790798097801421e-11
9.280000000000001e+00  3.527046771113860e-10  3.458473923777869e-10  6.857284733599058e-12
9.290000000000003e+00  3.736844163673486e-10  3.336519865902519e-10  4.003242977709668e-11
9.300000000000002e+00  3.924089945220338e-10  3.208444930350042e-10  7.156450148702956e-11
9.310000000000002e+00  4.089074127746733e-10  3.074986722334555e-10  1.014087405412178e-10
9.320000000000002e+00  4.232153043777328e-10  2.936869031863004e-10  1.295284011914325e-10
9.330000000000002e+00  4.353745356939668e-10  2.794799833609564e-10  1.558945523330104e-10
9.340000000000002e+00  4.454328016135190e-10  2.649469464303706e-10  1.804858551831484e-10
9.350000000000001e+00  4.534432167174269e-10  2.501548903868171e-10  2.032883263306097e-10
9.360000000000001e+00  4.594639045156507e-10  2.351688234688556e-10  2.242950810467951e-10
9.370000000000003e+00  4.635575844257201e-10  2.200515224802058e-10  2.435060619455144e-10
9.380000000000003e+00  4.657911616503092e-10  2.048634051797783e-10  2.609277564705309e-10
9.390000000000002e+00  4.662353179486136e-10  1.896624198511245e-10  2.765728980974890e-10
9.400000000000002e+00  4.649641041269902e-10  1.745039423116855e-10  2.904601618153048e-10
9.410000000000002e+00  4.620545415727383e-10  1.594406944548838e-10  3.026138471178544e-10
9.420000000000002e+00  4.575862251112838e-10  1.445226696913911e-10  3.130635554198927e-10
9.430000000000001e+00  4.516409362209660e-10  1.297970757464969e-10  3.218438604744691e-10
9.440000000000001e+00  4.443022637514195e-10  1.153082871351547e-10  3.289939766162648e-10
9.450000000000003e+00  4.356552316196644e-10  1.010978116079464e-10  3.345574200117180e-10
9.460000000000003e+00  4.257859409216480e-10  8.720426792985542e-11  3.385816729917926e-10
9.470000000000002e+00  4.147812188603148e-10  7.366337494988012e-11  3.411178439104347e-10
9.480000000000002e+00  4.027282822987969e-10  6.050795281403303e-11  3.422203294847638e-10
9.490000000000002e+00  3.897144122740491e-10  4.776793205059620e-11  3.419464802234529e-10
9.500000000000002e+00  3.758266437768177e-10  3.547037694147166e-11  3.403562668353460e-10
9.510000000000002e+00  3.611514643876642e-10  2.363951201220878e-11  3.375119523754554e-10
9.520000000000001e+00  3.457745350547600e-10  1.229676562122487e-11  3.334777694335351e-10
9.530000000000001e+00  3.297804172068073e-10  1.460813862523702e-12  3.283196033442836e-10
9.540000000000003e+00  3.132523209013067e-10  -8.852361426048908e-12  3.221046823273556e-10
9.550000000000002e+00  2.962718650341304e-10  -1.862941014766181e-11  3.149012751817922e-10
9.560000000000002e+00  2.789188541192790e-10  -2.785954638886387e-11  3.067784005081429e-10
9.570000000000002e+00  2.612710714739040e-10  -3.653446958473885e-11  2.978055410586428e-10
9.580000000000002e+00  2.434040865935008e-10  -4.464828437434804e-11  2.880523709678488e-10
9.590000000000002e+00  2.253910790005913e-10  -5.219741410179452e-11  2.775884931023858e-10
9.600000000000001e+00  2.073026789129741e-10  -5.918050873287718e-11  2.664831876458513e-10
9.610000000000001e+00  1.892068220704463e-10  -6.559834938299036e-11  2.548051714534366e-10
9.620000000000003e+00  1.711686201647821e-10  -7.145375110826991e-11  2.426223712730520e-10
9.630000000000003e+00  1.532502484401227e-10  -7.675145815100447e-11  2.300017065911272e-10
9.640000000000002e+00  1.355108464287883e-10  -8.149804177639184e-11  2.170088882051801e-10
9.650000000000002e+00  1.180064345419140e-10  -8.570179285779442e-11  2.037082273997085e-10
9.660000000000002e+00  1.007898453065119e-10  -8.937261314608651e-11  1.901624584525984e-10
9.670000000000002e+00  8.391066758869440e-11  -9.252190852223148e-11  1.764325761109259e-10
9.680000000000001e+00  6.741520682808087e-11  -9.516247597595439e-11  1.625776828040353e-10
9.690000000000001e+00  5.134645613080089e-11  -9.730839709156015e-11  1.486548532223610e-10
9.700000000000003e+00  3.574408356617243e-11  -9.897492435834911e-11  1.347190079245215e-10
9.710000000000003e+00  2.064442688896465e-11  -1.001783763863918e-10  1.208228032753565e-10
9.720000000000002e+00  6.080506178713961e-12  -1.009360269666149e-10  1.070165331453289e-10
9.730000000000002e+00  -7.917956787828344e-12  -1.012659980201113e-10  9.334804123228297e-11
9.740000000000002e+00  -2.132450595110249e-11  -1.011871561434178e-10  7.986265019231532e-11
9.750000000000002e+00  -3.411590916354780e-11  -1.007190087967279e-10  6.660309963318013e-11
9.760000000000002e+00  -4.627210538579407e-11  -9.988160262394283e-11  5.360949723814876e-11
9.770000000000001e+00  -5.777614384245114e-11  -9.869542506429924e-11  4.091928122184810e-11
9.780000000000001e+00  -6.861411546713821e-11  -9.718131120254906e-11  2.856719573541086e-11
9.790000000000003e+00  -7.877507301255247e-11  -9.536034694797067e-11  1.658527393541820e-11
9.800000000000002e+00  -8.825094845234665e-11  -9.325378364477159e-11  5.002835192424942e-12
9.810000000000002e+00  -9.703645935328455e-11  -9.088294943177644e-11  -6.153509921508104e-12
9.820000000000002e+00  -1.051290124081491e-10  -8.826916844990724e-11  -1.685984395824184e-11
9.830000000000002e+00  -1.125285996712533e-10  -8.543368116480163e-11  -2.709491850645171e-11
9.840000000000002e+00  -1.192376903180648e-10  -8.239757070606074e-11  -3.684011961200407e-11
9.850000000000001e+00  -1.252611179241596e-10  -7.918169056885839e-11  -4.607942735530125e-11
9.860000000000001e+00  -1.306059640421030e-10  -7.580659799518493e-11  -5.479936604691808e-11
9.870000000000003e+00  -1.352814396619973e-10  -7.229249309748599e-11  -6.298894656451131e-11
9.880000000000003e+00  -1.392987618129737e-10  -6.865915764834265e-11  -7.063960416463101e-11
9.890000000000002e+00  -1.426710304200634e-10  -6.492590244754951e-11  -7.774512797251389e-11
9.900000000000002e+00  -1.454131017814318e-10  -6.111151618252409e-11  -8.430158559890766e-11
9.910000000000002e+00  -1.475414622765338e-10  -5.723421983097321e-11  -9.030724244556057e-11
9.920000000000002e+00  -1.490741016547292e-10  -5.331162500329499e-11  -9.576247665143422e-11
9.930000000000001e+00  -1.500303844013176e-10  -4.936069577369297e-11  -1.006696886276246e-10
9.940000000000001e+00  -1.504309237603489e-10  -4.539771497594310e-11  -1.050332087844058e-10
9.950000000000003e+00  -1.502974555949698e-10  -4.143825578879810e-11  -1.088591998061717e-10
9.960000000000003e+00  -1.496527127467644e-10  -3.749715388197384e-11  -1.121555588647906e-10
9.970000000000002e+00  -1.485203034640133e-10  -3.358848896979022e-11  -1.149318144942231e-10
9.980000000000002e+00  -1.469245888936429e-10  -2.972556428972836e-11  -1.171990246039145e-10
9.990000000000002e+00  -1.448905644601866e-10  -2.592089297548979e-11  -1.189696714846968e-10
