1.000000000000000e-15  1.000245557775099e+00  1.000222635820288e+00  2.292195481090609e-05
1.000000000000100e-02  1.000119672073220e+00  1.000078740798389e+00  4.093127483062453e-05
2.000000000000100e-02  9.997420949990913e-01  9.996471616412677e-01  9.493335782362333e-05
3.000000000000100e-02  9.991130665694034e-01  9.989282159522974e-01  1.848506171059361e-04
4.000000000000100e-02  9.982329865526174e-01  9.979224326627472e-01  3.105538898702243e-04
5.000000000000100e-02  9.971024140803157e-01  9.966305514209685e-01  4.718626593472885e-04
6.000000000000100e-02  9.957220671037865e-01  9.950535217386419e-01  6.685453651446016e-04
7.000000000000101e-02  9.940928216966285e-01  9.931925018955111e-01  9.003198011173774e-04
8.000000000000100e-02  9.922157112042473e-01  9.910488576043908e-01  1.166853599856577e-03
9.000000000000100e-02  9.900919252414193e-01  9.886241604386143e-01  1.467764802804972e-03
1.000000000000010e-01  9.877228085392462e-01  9.859201860245110e-01  1.802622514735175e-03
1.100000000000010e-01  9.851098596430099e-01  9.829389120018873e-01  2.170947641122578e-03
1.200000000000010e-01  9.822547294627041e-01  9.796825157557574e-01  2.572213706946713e-03
1.300000000000010e-01  9.791592196781387e-01  9.761533719231072e-01  3.005847755031432e-03
1.400000000000010e-01  9.758252810007123e-01  9.723540496786623e-01  3.471231322049961e-03
1.500000000000010e-01  9.722550112942008e-01  9.682873098040947e-01  3.967701490106057e-03
1.600000000000010e-01  9.684506535569962e-01  9.639561015453906e-01  4.494552011605646e-03
1.700000000000010e-01  9.644145937684911e-01  9.593635592634323e-01  5.051034505058838e-03
1.800000000000010e-01  9.601493586023970e-01  9.545129988831704e-01  5.636359719226602e-03
1.900000000000010e-01  9.556576130100520e-01  9.494079141470735e-01  6.249698862978548e-03
2.000000000000010e-01  9.509421576768187e-01  9.440519726788325e-01  6.890184997986215e-03
2.100000000000010e-01  9.460059263549407e-01  9.384490118635450e-01  7.556914491395728e-03
2.200000000000010e-01  9.408519830763012e-01  9.326030345509289e-01  8.248948525372390e-03
2.300000000000010e-01  9.354835192487109e-01  9.265182045883116e-01  8.965314660399293e-03
2.400000000000010e-01  9.299038506394522e-01  9.201988421903932e-01  9.705008449059083e-03
2.500000000000010e-01  9.241164142500089e-01  9.136494191530447e-01  1.046699509696425e-02
2.600000000000010e-01  9.181247650859687e-01  9.068745539185182e-01  1.125021116745051e-02
2.700000000000010e-01  9.119325728262109e-01  8.998790064997405e-01  1.205356632647037e-02
2.800000000000010e-01  9.055436183956906e-01  8.926676732714477e-01  1.287594512424295e-02
2.900000000000010e-01  8.989617904460545e-01  8.852455816361660e-01  1.371620880988855e-02
3.000000000000010e-01  8.921910817486600e-01  8.776178845730431e-01  1.457319717561689e-02
3.100000000000010e-01  8.852355855044498e-01  8.697898550778771e-01  1.544573042657271e-02
3.200000000000010e-01  8.780994915753266e-01  8.617668805025548e-01  1.633261107277184e-02
3.300000000000010e-01  8.707870826417079e-01  8.535544568023897e-01  1.723262583931817e-02
3.400000000000010e-01  8.633027302910596e-01  8.451581826998432e-01  1.814454759121642e-02
3.500000000000010e-01  8.556508910421863e-01  8.365837537731650e-01  1.906713726902132e-02
3.600000000000010e-01  8.478361023101721e-01  8.278369564785740e-01  1.999914583159812e-02
3.700000000000010e-01  8.398629783168911e-01  8.189236621145878e-01  2.093931620230327e-02
3.800000000000010e-01  8.317362059520251e-01  8.098498207371334e-01  2.188638521489172e-02
3.900000000000010e-01  8.234605405895976e-01  8.006214550340628e-01  2.283908555553482e-02
4.000000000000010e-01  8.150408018650108e-01  7.912446541676869e-01  2.379614769732397e-02
4.100000000000010e-01  8.064818694175806e-01  7.817255675938584e-01  2.475630182372224e-02
4.200000000000010e-01  7.977886786036554e-01  7.720703988661616e-01  2.571827973749385e-02
4.300000000000010e-01  7.889662161852617e-01  7.622853994335859e-01  2.668081675167588e-02
4.400000000000010e-01  7.800195159993650e-01  7.523768624400982e-01  2.764265355926687e-02
4.500000000000010e-01  7.709536546126687e-01  7.423511165343269e-01  2.860253807834179e-02
4.600000000000010e-01  7.617737469669816e-01  7.322145196975262e-01  2.955922726945548e-02
4.700000000000010e-01  7.524849420200528e-01  7.219734530978320e-01  3.051148892222078e-02
4.800000000000010e-01  7.430924183868124e-01  7.116343149787088e-01  3.145810340810362e-02
4.900000000000010e-01  7.336013799858359e-01  7.012035145892768e-01  3.239786539655909e-02
5.000000000000010e-01  7.240170516958712e-01  6.906874661641559e-01  3.332958553171528e-02
5.100000000000010e-01  7.143446750271678e-01  6.800925829601503e-01  3.425209206701751e-02
5.200000000000010e-01  7.045895038122756e-01  6.694252713570621e-01  3.516423245521350e-02
5.300000000000010e-01  6.947567999209554e-01  6.586919250295645e-01  3.606487489139087e-02
5.400000000000010e-01  6.848518290037064e-01  6.478989191970582e-01  3.695290980664823e-02
5.500000000000010e-01  6.748798562684013e-01  6.370526049579996e-01  3.782725131040166e-02
5.600000000000011e-01  6.648461422943639e-01  6.261593037151791e-01  3.868683857918476e-02
5.700000000000011e-01  6.547559388881805e-01  6.152253016980335e-01  3.953063719014704e-02
5.800000000000010e-01  6.446144849854331e-01  6.042568445879491e-01  4.035764039748391e-02
5.900000000000010e-01  6.344270026023965e-01  5.932601322522281e-01  4.116687035016842e-02
6.000000000000010e-01  6.241986928416995e-01  5.822413135921132e-01  4.195737924958631e-02
6.100000000000010e-01  6.139347319557923e-01  5.712064815100861e-01  4.272825044570616e-02
6.200000000000010e-01  6.036402674719508e-01  5.601616680013222e-01  4.347859947062860e-02
6.300000000000010e-01  5.933204143824654e-01  5.491128393739912e-01  4.420757500847416e-02
6.400000000000010e-01  5.829802514034752e-01  5.380658916027340e-01  4.491435980074121e-02
6.500000000000010e-01  5.726248173058514e-01  5.270266458195083e-01  4.559817148634304e-02
6.600000000000010e-01  5.622591073213619e-01  5.160008439455965e-01  4.625826337576533e-02
6.700000000000010e-01  5.518880696272077e-01  5.049941444683760e-01  4.689392515883173e-02
6.800000000000010e-01  5.415166019119413e-01  4.940121183661574e-01  4.750448354578390e-02
6.900000000000011e-01  5.311495480255723e-01  4.830602451841212e-01  4.808930284145119e-02
7.000000000000011e-01  5.207916947165787e-01  4.721439092641032e-01  4.864778545247556e-02
7.100000000000010e-01  5.104477684583725e-01  4.612683961307283e-01  4.917937232764413e-02
7.200000000000010e-01  5.001224323676327e-01  4.504388890360881e-01  4.968354333154457e-02
7.300000000000010e-01  4.898202832167998e-01  4.396604656649237e-01  5.015981755187615e-02
7.400000000000010e-01  4.795458485428088e-01  4.289380950019840e-01  5.060775354082475e-02
7.500000000000010e-01  4.693035838541065e-01  4.182766343629520e-01  5.102694949115449e-02
7.600000000000010e-01  4.590978699377259e-01  4.076808265901235e-01  5.141704334760239e-02
7.700000000000010e-01  4.489330102681513e-01  3.971552974136863e-01  5.177771285446503e-02
7.800000000000010e-01  4.388132285194914e-01  3.867045529792664e-01  5.210867554022508e-02
7.900000000000010e-01  4.287426661823590e-01  3.763329775421080e-01  5.240968864025092e-02
8.000000000000010e-01  4.187253802867116e-01  3.660448313280170e-01  5.268054895869462e-02
8.100000000000011e-01  4.087653412317523e-01  3.558442485609869e-01  5.292109267076539e-02
8.200000000000011e-01  3.988664307238484e-01  3.457352356571398e-01  5.313119506670860e-02
8.300000000000011e-01  3.890324398232714e-01  3.357216695844315e-01  5.331077023883990e-02
8.400000000000010e-01  3.792670671004625e-01  3.258072963873080e-01  5.345977071315455e-02
8.500000000000010e-01  3.695739169023043e-01  3.159957298753110e-01  5.357818702699335e-02
8.600000000000010e-01  3.599564977288312e-01  3.062904504743982e-01  5.366604725443302e-02
8.700000000000010e-01  3.504182207206034e-01  2.966948042395493e-01  5.372341648105405e-02
8.800000000000010e-01  3.409623982568742e-01  2.872120020270248e-01  5.375039622984945e-02
8.900000000000010e-01  3.315922426645181e-01  2.778451188244443e-01  5.374712384007380e-02
9.000000000000010e-01  3.223108650375819e-01  2.685970932367068e-01  5.371377180087511e-02
9.100000000000010e-01  3.131212741671616e-01  2.594707271255121e-01  5.365054704164951e-02
9.200000000000010e-01  3.040263755812137e-01  2.504686854001982e-01  5.355769018101553e-02
9.300000000000010e-01  2.950289706937471e-01  2.415934959573088e-01  5.343547473643823e-02
9.400000000000011e-01  2.861317560627615e-01  2.328475497662608e-01  5.328420629650074e-02
9.500000000000011e-01  2.773373227561381e-01  2.242331010982730e-01  5.310422165786519e-02
9.600000000000010e-01  2.686481558246011e-01  2.157522678955994e-01  5.289588792900168e-02
9.700000000000010e-01  2.600666338807497e-01  2.074070322779744e-01  5.265960160277530e-02
9.800000000000010e-01  2.515950287830351e-01  1.991992411830507e-01  5.239578759998448e-02
9.900000000000010e-01  2.432355054234743e-01  1.911306071375038e-01  5.210489828597054e-02
1.000000000000001e+00  2.349901216177674e-01  1.832027091553458e-01  5.178741246242155e-02
1.010000000000001e+00  2.268608280963974e-01  1.754169937599319e-01  5.144383433646552e-02
1.020000000000001e+00  2.188494685952010e-01  1.677747761259938e-01  5.107469246920721e-02
1.030000000000001e+00  2.109577800437864e-01  1.602772413379999e-01  5.068053870578657e-02
1.040000000000001e+00  2.031873928501018e-01  1.529254457610405e-01  5.026194708906126e-02
1.050000000000001e+00  1.955398312793673e-01  1.457203185203558e-01  4.981951275901150e-02
1.060000000000001e+00  1.880165139255086e-01  1.386626630855902e-01  4.935385083991845e-02
1.070000000000001e+00  1.806187542731320e-01  1.317531589557761e-01  4.886559531735596e-02
1.080000000000001e+00  1.733477613480379e-01  1.249923634410105e-01  4.835539790702741e-02
1.090000000000001e+00  1.662046404541677e-01  1.183807135367520e-01  4.782392691741563e-02
1.100000000000001e+00  1.591903939948414e-01  1.119185278866204e-01  4.727186610822096e-02
1.110000000000001e+00  1.523059223760549e-01  1.056060088295642e-01  4.669991354649071e-02
1.120000000000001e+00  1.455520249895708e-01  9.944324452723130e-02  4.610878046233952e-02
1.130000000000001e+00  1.389294012734649e-01  9.343021116737310e-02  4.549919010609177e-02
1.140000000000001e+00  1.324386518477471e-01  8.756677523909726e-02  4.487187660864980e-02
1.150000000000001e+00  1.260802797226296e-01  8.185269587578664e-02  4.422758384684294e-02
1.160000000000001e+00  1.198546915769725e-01  7.628762726150326e-02  4.356706431546922e-02
1.170000000000001e+00  1.137621991043888e-01  7.087112109671095e-02  4.289107800767786e-02
1.180000000000001e+00  1.078030204244724e-01  6.560262911916660e-02  4.220039130530576e-02
1.190000000000001e+00  1.019772815565643e-01  6.048150567584050e-02  4.149577588072381e-02
1.200000000000001e+00  9.628501795345713e-02  5.550701034177526e-02  4.077800761168188e-02
1.210000000000001e+00  9.072617609240718e-02  5.067831058179939e-02  4.004786551060779e-02
1.220000000000001e+00  8.530061512080574e-02  4.599448445107016e-02  3.930613066973557e-02
1.230000000000001e+00  8.000810855384494e-02  4.145452333044975e-02  3.855358522339519e-02
1.240000000000001e+00  7.484834602150121e-02  3.705733469277148e-02  3.779101132872973e-02
1.250000000000001e+00  6.982093506214562e-02  3.280174489610070e-02  3.701919016604492e-02
1.260000000000001e+00  6.492540296009559e-02  2.868650200015072e-02  3.623890095994488e-02
1.270000000000001e+00  6.016119862440351e-02  2.471027860207674e-02  3.545092002232677e-02
1.280000000000001e+00  5.552769450619643e-02  2.087167468792833e-02  3.465601981826811e-02
1.290000000000001e+00  5.102418855187278e-02  1.716922049611282e-02  3.385496805575997e-02
1.300000000000001e+00  4.664990618947612e-02  1.360137938928787e-02  3.304852680018825e-02
1.310000000000001e+00  4.240400234557371e-02  1.016655073117894e-02  3.223745161439477e-02
1.320000000000001e+00  3.828556348998471e-02  6.863072764889581e-03  3.142249072509513e-02
1.330000000000001e+00  3.429360970571683e-02  3.689225489354764e-03  3.060438421636207e-02
1.340000000000001e+00  3.042709678149100e-02  6.432335306682285e-04  2.978386325082277e-02
1.350000000000001e+00  2.668491832425823e-02  -2.276730994901979e-03  2.896164931916021e-02
1.360000000000001e+00  2.306590788913699e-02  -5.072545629306276e-03  2.813845351844326e-02
1.370000000000001e+00  1.956884112422655e-02  -7.746134735527225e-03  2.731497585975378e-02
1.380000000000001e+00  1.619243792778492e-02  -1.029946667772959e-02  2.649190460551450e-02
1.390000000000001e+00  1.293536461529283e-02  -1.273455102157800e-02  2.566991563687083e-02
1.400000000000001e+00  9.796236093960065e-03  -1.505343575745260e-02  2.484967185141267e-02
1.410000000000001e+00  6.773618042269279e-03  -1.725820454920257e-02  2.403182259147185e-02
1.420000000000001e+00  3.866029092192776e-03  -1.935097401098012e-02  2.321700310317290e-02
1.430000000000001e+00  1.071943011761424e-03  -2.133389101459890e-02  2.240583402636032e-02
1.440000000000001e+00  -1.610209114293630e-03  -2.320913002976493e-02  2.159892091547130e-02
1.450000000000001e+00  -4.182036708055208e-03  -2.497889049942879e-02  2.079685379137359e-02
1.460000000000001e+00  -6.645187528274367e-03  -2.664539425240717e-02  2.000020672413280e-02
1.470000000000001e+00  -9.001345508695816e-03  -2.821088295532461e-02  1.920953744662879e-02
1.480000000000001e+00  -1.125222860693561e-02  -2.967761560582568e-02  1.842538699889007e-02
1.490000000000001e+00  -1.339958666593837e-02  -3.104786606890647e-02  1.764827940296810e-02
1.500000000000001e+00  -1.544519928998620e-02  -3.232392065811791e-02  1.687872136813170e-02
1.510000000000001e+00  -1.739087373717621e-02  -3.350807576329048e-02  1.611720202611427e-02
1.520000000000001e+00  -1.923844283022475e-02  -3.460263552633335e-02  1.536419269610860e-02
1.530000000000001e+00  -2.098976288740024e-02  -3.560990956656120e-02  1.462014667916097e-02
1.540000000000001e+00  -2.264671167532438e-02  -3.653221075690330e-02  1.388549908157892e-02
1.550000000000001e+00  -2.421118638532333e-02  -3.737185305225509e-02  1.316066666693175e-02
1.560000000000001e+00  -2.568510163494728e-02  -3.813114937113180e-02  1.244604773618451e-02
1.570000000000001e+00  -2.707038749621615e-02  -3.881240953169229e-02  1.174202203547614e-02
1.580000000000001e+00  -2.836898755208602e-02  -3.941793824310420e-02  1.104895069101818e-02
1.590000000000001e+00  -2.958285698256624e-02  -3.995003315313021e-02  1.036717617056397e-02
1.600000000000001e+00  -3.071396068185739e-02  -4.041098295272164e-02  9.697022270864254e-03
1.610000000000001e+00  -3.176427140781002e-02  -4.080306553831660e-02  9.038794130506581e-03
1.620000000000001e+00  -3.273576796494568e-02  -4.112854623244977e-02  8.392778267504085e-03
1.630000000000001e+00  -3.363043342221429e-02  -4.138967606319487e-02  7.759242640980581e-03
1.640000000000001e+00  -3.445025336659640e-02  -4.158869010287254e-02  7.138436736276142e-03
1.650000000000001e+00  -3.519721419359683e-02  -4.172780586637458e-02  6.530591672777745e-03
1.660000000000001e+00  -3.587330143560959e-02  -4.180922176937256e-02  5.935920333762966e-03
1.670000000000001e+00  -3.648049812907031e-02  -4.183511564659664e-02  5.354617517526326e-03
1.680000000000001e+00  -3.702078322124795e-02  -4.180764333029473e-02  4.786860109046782e-03
1.690000000000001e+00  -3.749613001746362e-02  -4.172893728890222e-02  4.232807271438599e-03
1.700000000000001e+00  -3.790850466946227e-02  -4.160110532588032e-02  3.692600656418042e-03
1.710000000000001e+00  -3.825986470559691e-02  -4.142622933860703e-02  3.166364633010121e-03
1.720000000000001e+00  -3.855215760342622e-02  -4.120636413713515e-02  2.654206533708924e-03
1.730000000000001e+00  -3.878731940526212e-02  -4.094353632256233e-02  2.156216917300210e-03
1.740000000000001e+00  -3.896727337714288e-02  -4.063974322469347e-02  1.672469847550595e-03
1.750000000000001e+00  -3.909392871164947e-02  -4.029695189860932e-02  1.203023186959848e-03
1.760000000000001e+00  -3.916917927491868e-02  -3.991709817969726e-02  7.479189047785717e-04
1.770000000000001e+00  -3.919490239815350e-02  -3.950208579663579e-02  3.071833984822914e-04
1.780000000000001e+00  -3.917295771386763e-02  -3.905378554177259e-02  -1.191721720950334e-04
1.790000000000001e+00  -3.910518603704993e-02  -3.857403449827557e-02  -5.311515387743590e-04
1.800000000000001e+00  -3.899340829137404e-02  -3.806463532338791e-02  -9.287729679861231e-04
1.810000000000001e+00  -3.883942448052707e-02  -3.752735558706705e-02  -1.312068893460021e-03
1.820000000000001e+00  -3.864501270467603e-02  -3.696392716523628e-02  -1.681085539439749e-03
1.830000000000001e+00  -3.841192822203954e-02  -3.637604568683746e-02  -2.035882535202073e-03
1.840000000000001e+00  -3.814190255548060e-02  -3.576537003382606e-02  -2.376532521654547e-03
1.850000000000001e+00  -3.783664264398583e-02  -3.513352189320868e-02  -2.703120750777152e-03
1.860000000000001e+00  -3.749783003885109e-02  -3.448208536018836e-02  -3.015744678662731e-03
1.870000000000001e+00  -3.712712014434066e-02  -3.381260659144176e-02  -3.314513552898905e-03
1.880000000000001e+00  -3.672614150254962e-02  -3.312659350752105e-02  -3.599547995028575e-03
1.890000000000001e+00  -3.629649512214463e-02  -3.242551554334166e-02  -3.870979578802967e-03
1.900000000000001e+00  -3.583975385062606e-02  -3.171080344568554e-02  -4.128950404940518e-03
1.910000000000001e+00  -3.535746178970374e-02  -3.098384911662399e-02  -4.373612673079747e-03
1.920000000000001e+00  -3.485113375334517e-02  -3.024600550173835e-02  -4.605128251606819e-03
1.930000000000001e+00  -3.432225476801359e-02  -2.949858652199307e-02  -4.823668246020527e-03
1.940000000000001e+00  -3.377227961457539e-02  -2.874286704809685e-02  -5.029412566478535e-03
1.950000000000001e+00  -3.320263241132553e-02  -2.798008291616572e-02  -5.222549495159805e-03
1.960000000000001e+00  -3.261470623753969e-02  -2.721143098348867e-02  -5.403275254051015e-03
1.970000000000001e+00  -3.200986279693448e-02  -2.643806922317941e-02  -5.571793573755070e-03
1.980000000000001e+00  -3.138943212038314e-02  -2.566111685648448e-02  -5.728315263898661e-03
1.990000000000001e+00  -3.075471230720820e-02  -2.488165452151198e-02  -5.873057785696221e-03
2.000000000000001e+00  -3.010696930434027e-02  -2.410072447712939e-02  -6.006244827210874e-03
2.010000000000001e+00  -2.944743672261084e-02  -2.331933084077847e-02  -6.128105881832362e-03
2.020000000000001e+00  -2.877731568941969e-02  -2.253843985894529e-02  -6.238875830474402e-03
2.030000000000001e+00  -2.809777473699459e-02  -2.175898020902418e-02  -6.338794527970412e-03
2.040000000000001e+00  -2.740994972544169e-02  -2.098184333130952e-02  -6.428106394132171e-03
2.050000000000001e+00  -2.671494379976129e-02  -2.020788378985061e-02  -6.507060009910678e-03
2.060000000000001e+00  -2.601382737998996e-02  -1.943791966090893e-02  -6.575907719081037e-03
2.070000000000001e+00  -2.530763818360935e-02  -1.867273294775488e-02  -6.634905235854471e-03
2.080000000000001e+00  -2.459738127934768e-02  -1.791307002055284e-02  -6.684311258794845e-03
2.090000000000001e+00  -2.388402917148845e-02  -1.715964208008351e-02  -6.724387091404941e-03
2.100000000000001e+00  -2.316852191378368e-02  -1.641312564406538e-02  -6.755396269718300e-03
2.110000000000001e+00  -2.245176725206278e-02  -1.567416305484192e-02  -6.777604197220854e-03
2.120000000000001e+00  -2.173464079461621e-02  -1.494336300721577e-02  -6.791277787400431e-03
2.130000000000001e+00  -2.101798620942403e-02  -1.422130109521925e-02  -6.796685114204785e-03
2.140000000000001e+00  -2.030261544729557e-02  -1.350852037662618e-02  -6.794095070669387e-03
2.150000000000001e+00  -1.958930898997814e-02  -1.280553195402276e-02  -6.783777035955384e-03
2.160000000000001e+00  -1.887881612228995e-02  -1.211281557127085e-02  -6.766000551019103e-03
2.170000000000001e+00  -1.817185522732976e-02  -1.143082022421415e-02  -6.741035003115611e-03
2.180000000000001e+00  -1.746911410381267e-02  -1.075996478449273e-02  -6.709149319319945e-03
2.190000000000001e+00  -1.677125030458370e-02  -1.010063863535300e-02  -6.670611669230700e-03
2.200000000000001e+00  -1.607889149535829e-02  -9.453202318356292e-03  -6.625689177001999e-03
2.210000000000001e+00  -1.539263583274448e-02  -8.817988189911452e-03  -6.574647642833031e-03
2.220000000000001e+00  -1.471305236060116e-02  -8.195301086575697e-03  -6.517751274025462e-03
2.230000000000001e+00  -1.404068142379383e-02  -7.585418998091831e-03  -6.455262425701998e-03
2.240000000000001e+00  -1.337603509841275e-02  -6.988593747149519e-03  -6.387441351263229e-03
2.250000000000001e+00  -1.271959763752601e-02  -6.405051674883266e-03  -6.314545962642746e-03
2.260000000000001e+00  -1.207182593154569e-02  -5.834994331142386e-03  -6.236831600403309e-03
2.270000000000001e+00  -1.143314998229595e-02  -5.278599168591720e-03  -6.154550813704228e-03
2.280000000000001e+00  -1.080397338987761e-02  -4.736020239727141e-03  -6.067953150150472e-03
2.290000000000001e+00  -1.018467385143889e-02  -4.207388895914467e-03  -5.977284955524419e-03
2.300000000000001e+00  -9.575603670966297e-03  -3.692814487585281e-03  -5.882789183381015e-03
2.310000000000001e+00  -8.977090279228189e-03  -3.192385064749498e-03  -5.784705214478691e-03
2.320000000000001e+00  -8.389436763010405e-03  -2.706168077009608e-03  -5.683268686000797e-03
2.330000000000001e+00  -7.812922402800484e-03  -2.234211072288445e-03  -5.578711330512038e-03
2.340000000000001e+00  -7.247803218088526e-03  -1.776542393508128e-03  -5.471260824580397e-03
2.350000000000001e+00  -6.694312519468194e-03  -1.333171872484616e-03  -5.361140646983578e-03
2.360000000000001e+00  -6.152661466736888e-03  -9.040915203289040e-04  -5.248569946407984e-03
2.370000000000001e+00  -5.623039632208875e-03  -4.892762136726772e-04  -5.133763418536198e-03
2.380000000000001e+00  -5.105615568472674e-03  -8.868437606285213e-05  -5.016931192409822e-03
2.390000000000001e+00  -4.600537379839486e-03  2.977413461036076e-04  -4.898278725943094e-03
2.400000000000001e+00  -4.107933296748090e-03  6.700734137063147e-04  -4.778006710454405e-03
2.410000000000001e+00  -3.627912252407950e-03  1.028398731665297e-03  -4.656310984073247e-03
2.420000000000001e+00  -3.160564460981840e-03  1.372817992890017e-03  -4.533382453871857e-03
2.430000000000001e+00  -2.705961996626465e-03  1.703445029936309e-03  -4.409407026562774e-03
2.440000000000001e+00  -2.264159372729086e-03  2.020406174866852e-03  -4.284565547595938e-03
2.450000000000001e+00  -1.835194120697216e-03  2.323839627785079e-03  -4.159033748482295e-03
2.460000000000001e+00  -1.419087367677381e-03  2.613894834486448e-03  -4.032982202163828e-03
2.470000000000001e+00  -1.015844412599008e-03  2.890731873645595e-03  -3.906576286244603e-03
2.480000000000001e+00  -6.254552999590194e-04  3.154520853931987e-03  -3.779976153891006e-03
2.490000000000001e+00  -2.478953907825153e-04  3.405441321422566e-03  -3.653336712205082e-03
2.500000000000001e+00  1.168740697846603e-04  3.643681677654164e-03  -3.526807607869504e-03
2.510000000000001e+00  4.689053887758622e-04  3.869438608635210e-03  -3.400533219859348e-03
2.520000000000001e+00  8.082638660999895e-04  4.082916525111123e-03  -3.274652659011133e-03
2.530000000000001e+00  1.135027240118178e-03  4.284327014355367e-03  -3.149299774237189e-03
2.540000000000001e+00  1.449285138564081e-03  4.473888303734029e-03  -3.024603165169948e-03
2.550000000000001e+00  1.751138535251202e-03  4.651824736269760e-03  -2.900686201018559e-03
2.560000000000001e+00  2.040699212990074e-03  4.818366258408189e-03  -2.777667045418115e-03
2.570000000000001e+00  2.318089233118331e-03  4.973747920168413e-03  -2.655658687050082e-03
2.580000000000001e+00  2.583440412026177e-03  5.118209387837704e-03  -2.534768975811527e-03
2.590000000000001e+00  2.836893805040514e-03  5.251994469349607e-03  -2.415100664309093e-03
2.600000000000001e+00  3.078599198010296e-03  5.375350652464922e-03  -2.296751454454626e-03
2.610000000000001e+00  3.308714606917017e-03  5.488528655854074e-03  -2.179814048937056e-03
2.620000000000001e+00  3.527405785813768e-03  5.591781993161598e-03  -2.064376207347830e-03
2.630000000000001e+00  3.734845743378093e-03  5.685366550113164e-03  -1.950520806735071e-03
2.640000000000001e+00  3.931214268343950e-03  5.769540174708908e-03  -1.838325906364958e-03
2.650000000000001e+00  4.116697464059736e-03  5.844562280527746e-03  -1.727864816468010e-03
2.660000000000001e+00  4.291487292400920e-03  5.910693463151605e-03  -1.619206170750685e-03
2.670000000000001e+00  4.455781127247226e-03  5.968195129700488e-03  -1.512414002453262e-03
2.680000000000001e+00  4.609781317716702e-03  6.017329141455216e-03  -1.407547823738513e-03
2.690000000000001e+00  4.753694761330888e-03  6.058357469527178e-03  -1.304662708196290e-03
2.700000000000001e+00  4.887732487268931e-03  6.091541863521435e-03  -1.203809376252503e-03
2.710000000000001e+00  5.012109249849976e-03  6.117143533124126e-03  -1.105034283274150e-03
2.720000000000001e+00  5.127043132368342e-03  6.135422842531856e-03  -1.008379710163513e-03
2.730000000000001e+00  5.232755161388092e-03  6.146639017627692e-03  -9.138838562395999e-04
2.740000000000001e+00  5.329468931588725e-03  6.151049865795668e-03  -8.215809342069433e-04
2.750000000000001e+00  5.417410241237902e-03  6.148911508253809e-03  -7.315012670159066e-04
2.760000000000001e+00  5.496806738351689e-03  6.140478124774357e-03  -6.436713864226683e-04
2.770000000000001e+00  5.567887577588684e-03  6.126001710648907e-03  -5.581141330602227e-04
2.780000000000001e+00  5.630883087909243e-03  6.105731845745823e-03  -4.748487578365799e-04
2.790000000000001e+00  5.686024451017997e-03  6.079915475497944e-03  -3.938910244799471e-04
2.800000000000001e+00  5.733543390593471e-03  6.048796703648818e-03  -3.152533130553479e-04
2.810000000000001e+00  5.773671872296330e-03  6.012616596577407e-03  -2.389447242810766e-04
2.820000000000001e+00  5.806641814534437e-03  5.971612999013256e-03  -1.649711844788192e-04
2.830000000000001e+00  5.832684809951122e-03  5.926020360946005e-03  -9.333555099488335e-05
2.840000000000001e+00  5.852031857591039e-03  5.876069575526606e-03  -2.403771793556709e-05
2.850000000000001e+00  5.864913105686848e-03  5.821987827750359e-03  4.292527793648901e-05
2.860000000000001e+00  5.871557604998689e-03  5.763998453706968e-03  1.075591512917206e-04
2.870000000000001e+00  5.872193072628254e-03  5.702320810175672e-03  1.698722624525828e-04
2.880000000000001e+00  5.867045666219045e-03  5.637170154339900e-03  2.298755118791450e-04
2.890000000000001e+00  5.856339768444759e-03  5.568757533390418e-03  2.875822350543403e-04
2.900000000000001e+00  5.840297781678749e-03  5.497289683781980e-03  3.430080978967694e-04
2.910000000000001e+00  5.819139932728466e-03  5.422968939904916e-03  3.961709928235494e-04
2.920000000000001e+00  5.793084087510756e-03  5.345993151929817e-03  4.470909355809389e-04
2.930000000000001e+00  5.762345575535785e-03  5.266555612580473e-03  4.957899629553118e-04
2.940000000000001e+00  5.727137024060140e-03  5.184844992587968e-03  5.422920314721719e-04
2.950000000000001e+00  5.687668201762168e-03  5.101045284576961e-03  5.866229171852073e-04
2.960000000000001e+00  5.644145871786617e-03  5.015335755133234e-03  6.288101166533827e-04
2.970000000000001e+00  5.596773653998869e-03  4.927890904800605e-03  6.688827491982642e-04
2.980000000000001e+00  5.545751896283481e-03  4.838880435754766e-03  7.068714605287154e-04
2.990000000000001e+00  5.491277554716485e-03  4.748469226900106e-03  7.428083278163784e-04
3.000000000000001e+00  5.433544082435559e-03  4.656817316137054e-03  7.767267662985048e-04
3.010000000000001e+00  5.372741327027844e-03  4.564079889545813e-03  8.086614374820311e-04
3.020000000000001e+00  5.309055436250861e-03  4.470407277234663e-03  8.386481590161978e-04
3.030000000000001e+00  5.242668771898011e-03  4.375944955600495e-03  8.667238162975164e-04
3.040000000000001e+00  5.173759831616755e-03  4.280833555751179e-03  8.929262758655765e-04
3.050000000000001e+00  5.102503178484695e-03  4.185208877840489e-03  9.172943006442065e-04
3.060000000000001e+00  5.029069378145216e-03  4.089201911068025e-03  9.398674670771908e-04
3.070000000000001e+00  4.953624943302940e-03  3.992938859098652e-03  9.606860842042882e-04
3.080000000000001e+00  4.876332285376433e-03  3.896541170658137e-03  9.797911147182959e-04
3.090000000000001e+00  4.797349673103956e-03  3.800125575064086e-03  9.972240980398702e-04
3.100000000000001e+00  4.716831197897016e-03  3.703804122454038e-03  1.013027075442978e-03
3.110000000000001e+00  4.634926745734669e-03  3.607684228475439e-03  1.027242517259230e-03
3.120000000000001e+00  4.551781975391413e-03  3.511868723205372e-03  1.039913252186041e-03
3.130000000000001e+00  4.467538302790304e-03  3.416455904071186e-03  1.051082398719119e-03
3.140000000000001e+00  4.382332891273271e-03  3.321539592546623e-03  1.060793298726648e-03
3.150000000000001e+00  4.296298647580200e-03  3.227209194401766e-03  1.069089453178434e-03
3.160000000000001e+00  4.209564223328880e-03  3.133549763288859e-03  1.076014460040021e-03
3.170000000000001e+00  4.122254021788248e-03  3.040642067450069e-03  1.081611954338178e-03
3.180000000000001e+00  4.034488209738543e-03  2.948562659337414e-03  1.085925550401129e-03
3.190000000000001e+00  3.946382734212532e-03  2.857383947938993e-03  1.088998786273539e-03
3.200000000000001e+00  3.858049343913511e-03  2.767174273610537e-03  1.090875070302974e-03
3.210000000000001e+00  3.769595615107373e-03  2.677997985215117e-03  1.091597629892255e-03
3.220000000000001e+00  3.681124981787243e-03  2.589915519378909e-03  1.091209462408334e-03
3.230000000000001e+00  3.592736769911833e-03  2.502983481675289e-03  1.089753288236543e-03
3.240000000000001e+00  3.504526235519864e-03  2.417254729553971e-03  1.087271505965892e-03
3.250000000000001e+00  3.416584606525984e-03  2.332778456837566e-03  1.083806149688418e-03
3.260000000000001e+00  3.328999128005381e-03  2.249600279611466e-03  1.079398848393915e-03
3.270000000000001e+00  3.241853110777329e-03  2.167762323339038e-03  1.074090787438291e-03
3.280000000000001e+00  3.155225983100528e-03  2.087303311038239e-03  1.067922672062288e-03
3.290000000000001e+00  3.069193345295892e-03  2.008258652361183e-03  1.060934692934708e-03
3.300000000000001e+00  2.983827027115532e-03  1.930660533422739e-03  1.053166493692793e-03
3.310000000000001e+00  2.899195147679914e-03  1.854538007229681e-03  1.044657140450232e-03
3.320000000000001e+00  2.815362177808452e-03  1.779917084566575e-03  1.035445093241876e-03
3.330000000000001e+00  2.732389004571949e-03  1.706820825199785e-03  1.025568179372164e-03
3.340000000000001e+00  2.650332997899105e-03  1.635269429265741e-03  1.015063568633364e-03
3.350000000000001e+00  2.569248079072756e-03  1.565280328715060e-03  1.003967750357697e-03
3.360000000000001e+00  2.489184790955065e-03  1.496868278688395e-03  9.923165122666701e-04
3.370000000000001e+00  2.410190369784826e-03  1.430045448705581e-03  9.801449210792453e-04
3.380000000000001e+00  2.332308818393822e-03  1.364821513554000e-03  9.674873048398222e-04
3.390000000000001e+00  2.255580980692832e-03  1.301203743767135e-03  9.543772369256971e-04
3.400000000000001e+00  2.180044617282216e-03  1.239197095589396e-03  9.408475216928197e-04
3.410000000000001e+00  2.105734482045566e-03  1.178804300327549e-03  9.269301817180166e-04
3.420000000000001e+00  2.032682399589280e-03  1.120025952994383e-03  9.126564465948967e-04
3.430000000000001e+00  1.960917343394679e-03  1.062860600154518e-03  8.980567432401614e-04
3.440000000000001e+00  1.890465514553710e-03  1.007304826887188e-03  8.831606876665225e-04
3.450000000000001e+00  1.821350420962969e-03  9.533533427851418e-04  8.679970781778269e-04
3.460000000000001e+00  1.753592956855230e-03  9.009990669135251e-04  8.525938899417048e-04
3.470000000000001e+00  1.687211482551696e-03  8.502332116568606e-04  8.369782708948358e-04
3.480000000000001e+00  1.622221904322251e-03  8.010453653867153e-04  8.211765389355356e-04
3.490000000000001e+00  1.558637754245079e-03  7.534235738868539e-04  8.052141803582252e-04
3.500000000000001e+00  1.496470269961434e-03  7.073544204768688e-04  7.891158494845650e-04
3.510000000000001e+00  1.435728474225020e-03  6.628231047794335e-04  7.729053694455869e-04
3.520000000000001e+00  1.376419254149865e-03  6.198135200803213e-04  7.566057340695441e-04
3.530000000000001e+00  1.318547440064407e-03  5.783083292342101e-04  7.402391108301973e-04
3.540000000000001e+00  1.262115883883774e-03  5.382890390733008e-04  7.238268448104728e-04
3.550000000000001e+00  1.207125536915974e-03  4.997360732792949e-04  7.073894636366789e-04
3.560000000000001e+00  1.153575527021929e-03  4.626288436832545e-04  6.909466833386749e-04
3.570000000000001e+00  1.101463235052973e-03  4.269458199609668e-04  6.745174150920064e-04
3.580000000000001e+00  1.050784370493534e-03  3.926645976954909e-04  6.581197727980427e-04
3.590000000000001e+00  1.001533046240426e-03  3.597619647814684e-04  6.417710814589574e-04
3.600000000000001e+00  9.537018524539094e-04  3.282139661491197e-04  6.254878863047896e-04
3.610000000000001e+00  9.072819294195702e-04  2.979959667893557e-04  6.092859626302145e-04
3.620000000000001e+00  8.622630393635297e-04  2.690827130640698e-04  5.931803262994599e-04
3.630000000000001e+00  8.186336371672926e-04  2.414483922889208e-04  5.771852448783718e-04
3.640000000000001e+00  7.763809399319472e-04  2.150666905786985e-04  5.613142493532486e-04
3.650000000000001e+00  7.354909953449599e-04  1.899108489481765e-04  5.455801463967833e-04
3.660000000000001e+00  6.959487488062094e-04  1.659537176639869e-04  5.299950311422224e-04
3.670000000000001e+00  6.577381092732293e-04  1.431678088456524e-04  5.145703004275769e-04
3.680000000000001e+00  6.208420137889332e-04  1.215253473163618e-04  4.993166664725714e-04
3.690000000000001e+00  5.852424906582311e-04  1.009983197065081e-04  4.842441709517229e-04
3.700000000000001e+00  5.509207212430224e-04  8.155852181516971e-05  4.693621994278527e-04
3.710000000000001e+00  5.178571003483760e-04  6.317760423707534e-05  4.546794961113007e-04
3.720000000000001e+00  4.860312951750597e-04  4.582711626435281e-05  4.402041789107069e-04
3.730000000000001e+00  4.554223028172500e-04  2.947854807485348e-05  4.259437547423965e-04
3.740000000000001e+00  4.260085062863946e-04  1.410337122013755e-05  4.119051350662571e-04
3.750000000000001e+00  3.977677290451803e-04  -3.269225715260973e-07  3.980946516167064e-04
3.760000000000001e+00  3.706772880383171e-04  -1.384078426033783e-05  3.845180722986549e-04
3.770000000000001e+00  3.447140452091316e-04  -2.646657200982919e-05  3.711806172189608e-04
3.780000000000001e+00  3.198544574936468e-04  -3.823251733141114e-05  3.580869748250579e-04
3.790000000000001e+00  2.960746252860684e-04  -4.916669283714469e-05  3.452413181232131e-04
3.800000000000001e+00  2.733503393720684e-04  -5.929698157802121e-05  3.326473209500896e-04
3.810000000000001e+00  2.516571263282340e-04  -6.865104794367373e-05  3.203081742719077e-04
3.820000000000001e+00  2.309702923885135e-04  -7.725631009829071e-05  3.082266024868041e-04
3.830000000000001e+00  2.112649657801343e-04  -8.513991392653050e-05  2.964048797066648e-04
3.840000000000001e+00  1.925161375338730e-04  -9.232870846202708e-05  2.848448459959000e-04
3.850000000000001e+00  1.746987007751299e-04  -9.884922277032180e-05  2.735479235454518e-04
3.860000000000001e+00  1.577874885041281e-04  -1.047276442570904e-04  2.625151327612185e-04
3.870000000000001e+00  1.417573098755256e-04  -1.099897983718032e-04  2.517471082473288e-04
3.880000000000001e+00  1.265829849888813e-04  -1.146611296763163e-04  2.412441146651976e-04
3.890000000000001e+00  1.122393782035914e-04  -1.187666842470400e-04  2.310060624506314e-04
3.900000000000001e+00  9.870142999283398e-05  -1.223310933790856e-04  2.210325233719196e-04
3.910000000000001e+00  8.594418735285707e-05  -1.253785585599422e-04  2.113227459127993e-04
3.920000000000001e+00  7.394283278509719e-05  -1.279328376801826e-04  2.018756704652798e-04
3.930000000000001e+00  6.267271186989341e-05  -1.300172324479371e-04  1.926899443178305e-04
3.940000000000001e+00  5.210935945182131e-05  -1.316545769738978e-04  1.837639364257191e-04
3.950000000000001e+00  4.222852445761290e-05  -1.328672274931650e-04  1.750957519507779e-04
3.960000000000001e+00  3.300619336890219e-05  -1.336770531901293e-04  1.666832465590315e-04
3.970000000000001e+00  2.441861237273296e-05  -1.341054280924652e-04  1.585240404651982e-04
3.980000000000001e+00  1.644230821390613e-05  -1.341732240001934e-04  1.506155322140996e-04
3.990000000000001e+00  9.054107773872277e-06  -1.339008044157333e-04  1.429549121896056e-04
4.000000000000001e+00  2.231156401778767e-06  -1.333080194409220e-04  1.355391758427008e-04
