1.000000000000000e-15  1.000245078650995e+00  1.000223837331073e+00  2.124131992276013e-05
1.000000000000100e-02  1.000119554171881e+00  1.000080895340427e+00  3.865883145359739e-05
2.000000000000100e-02  9.997430606160649e-01  9.996521741384382e-01  9.088647762667268e-05
3.000000000000100e-02  9.991158375500989e-01  9.989379879142094e-01  1.778496358895154e-04
4.000000000000100e-02  9.982382839914935e-01  9.979388599139882e-01  2.994240775052726e-04
5.000000000000100e-02  9.971109580190474e-01  9.966555218384759e-01  4.554361805714224e-04
6.000000000000100e-02  9.957345762279338e-01  9.950889130004430e-01  6.456632274908225e-04
7.000000000000101e-02  9.941100130304699e-01  9.932401792440163e-01  8.698337864535555e-04
8.000000000000100e-02  9.922382998033182e-01  9.911106716274306e-01  1.127628175887629e-03
9.000000000000100e-02  9.901206238824182e-01  9.887019448713679e-01  1.418679011050306e-03
1.000000000000010e-01  9.877583274069032e-01  9.860157555754381e-01  1.742571831465090e-03
1.100000000000010e-01  9.851529060135984e-01  9.830540602056741e-01  2.098845807924299e-03
1.200000000000010e-01  9.823060073838146e-01  9.798190128563575e-01  2.486994527457043e-03
1.300000000000010e-01  9.792194296444281e-01  9.763129627897554e-01  2.906466854672662e-03
1.400000000000010e-01  9.758951196253145e-01  9.725384517577867e-01  3.356667867527752e-03
1.500000000000010e-01  9.723351709755242e-01  9.684982111099385e-01  3.836959865585743e-03
1.600000000000010e-01  9.685418221406648e-01  9.641951586920589e-01  4.346663448605903e-03
1.700000000000010e-01  9.645174542041692e-01  9.596323955410604e-01  4.885058663108843e-03
1.800000000000010e-01  9.602645885953696e-01  9.548132023807815e-01  5.451386214588072e-03
1.900000000000010e-01  9.557858846672911e-01  9.497410359246137e-01  6.044848742677411e-03
2.000000000000010e-01  9.510841371474873e-01  9.444195249907907e-01  6.664612156696559e-03
2.100000000000010e-01  9.461622734651669e-01  9.388524664364554e-01  7.309807028711535e-03
2.200000000000010e-01  9.410233509581625e-01  9.330438209169736e-01  7.979530041188898e-03
2.300000000000010e-01  9.356705539633741e-01  9.269977084771116e-01  8.672845486262459e-03
2.400000000000010e-01  9.301071907944791e-01  9.207184039809959e-01  9.388786813483208e-03
2.500000000000010e-01  9.243366906108201e-01  9.142103323879872e-01  1.012635822283292e-02
2.600000000000010e-01  9.183626001815366e-01  9.074780638817466e-01  1.088453629979003e-02
2.700000000000010e-01  9.121885805490869e-01  9.005263088600368e-01  1.166227168905010e-02
2.800000000000010e-01  9.058184035964608e-01  8.933599127929311e-01  1.245849080352968e-02
2.900000000000010e-01  8.992559485224338e-01  8.859838509572472e-01  1.327209756518666e-02
3.000000000000010e-01  8.925051982293786e-01  8.784032230552240e-01  1.410197517415457e-02
3.100000000000010e-01  8.855702356281954e-01  8.706232477254801e-01  1.494698790271531e-02
3.200000000000010e-01  8.784552398650108e-01  8.626492569545151e-01  1.580598291049573e-02
3.300000000000010e-01  8.711644824743608e-01  8.544866903970478e-01  1.667779207731301e-02
3.400000000000010e-01  8.637023234636965e-01  8.461410896135241e-01  1.756123385017239e-02
3.500000000000010e-01  8.560732073340256e-01  8.376180922332689e-01  1.845511510075670e-02
3.600000000000010e-01  8.482816590416069e-01  8.289234260517528e-01  1.935823298985406e-02
3.700000000000010e-01  8.403322799056754e-01  8.200629030704447e-01  2.026937683523067e-02
3.800000000000010e-01  8.322297434671521e-01  8.110424134877778e-01  2.118732997937423e-02
3.900000000000010e-01  8.239787913033574e-01  8.018679196497612e-01  2.211087165359615e-02
4.000000000000010e-01  8.155842288037867e-01  7.925454499686547e-01  2.303877883513195e-02
4.100000000000010e-01  8.070509209119621e-01  7.830810928182069e-01  2.396982809375514e-02
4.200000000000010e-01  7.983837878384435e-01  7.734809904138282e-01  2.490279742461532e-02
4.300000000000010e-01  7.895878007500100e-01  7.637513326860148e-01  2.583646806399520e-02
4.400000000000010e-01  7.806679774400850e-01  7.538983511552835e-01  2.676962628480151e-02
4.500000000000010e-01  7.716293779854067e-01  7.439283128167513e-01  2.770106516865534e-02
4.600000000000010e-01  7.624771003939340e-01  7.338475140423990e-01  2.862958635153501e-02
4.700000000000010e-01  7.532162762489547e-01  7.236622745089591e-01  2.955400173999556e-02
4.800000000000010e-01  7.438520663543221e-01  7.133789311591604e-01  3.047313519516170e-02
4.900000000000010e-01  7.343896563856881e-01  7.030038322040024e-01  3.138582418168567e-02
5.000000000000010e-01  7.248342525525489e-01  6.925433311735281e-01  3.229092137902079e-02
5.100000000000010e-01  7.151910772758903e-01  6.820037810233952e-01  3.318729625249506e-02
5.200000000000010e-01  7.054653648860845e-01  6.713915283043363e-01  3.407383658174812e-02
5.300000000000010e-01  6.956623573457061e-01  6.607129074015202e-01  3.494944994418592e-02
5.400000000000010e-01  6.857873000017869e-01  6.499742348504637e-01  3.581306515132321e-02
5.500000000000010e-01  6.758454373719757e-01  6.391818037360661e-01  3.666363363590952e-02
5.600000000000011e-01  6.658420089689736e-01  6.283418781810666e-01  3.750013078790704e-02
5.700000000000011e-01  6.557822451675270e-01  6.174606879299769e-01  3.832155723755015e-02
5.800000000000010e-01  6.456713631181406e-01  6.065444230344009e-01  3.912694008373963e-02
5.900000000000010e-01  6.355145627115999e-01  5.955992286452775e-01  3.991533406632242e-02
6.000000000000010e-01  6.253170225982513e-01  5.846311999174655e-01  4.068582268078580e-02
6.100000000000010e-01  6.150838962659011e-01  5.736463770317806e-01  4.143751923412053e-02
6.200000000000010e-01  6.048203081800453e-01  5.626507403393274e-01  4.216956784071790e-02
6.300000000000010e-01  5.945313499900517e-01  5.516502056327630e-01  4.288114435728874e-02
6.400000000000010e-01  5.842220768048006e-01  5.406506195487973e-01  4.357145725600331e-02
6.500000000000010e-01  5.738975035410820e-01  5.296577551060468e-01  4.423974843503520e-02
6.600000000000010e-01  5.635626013480377e-01  5.186773073820437e-01  4.488529396599406e-02
6.700000000000010e-01  5.532222941106953e-01  5.077148893329326e-01  4.550740477776272e-02
6.800000000000010e-01  5.428814550355670e-01  4.967760277591472e-01  4.610542727641975e-02
6.900000000000011e-01  5.325449033211254e-01  4.858661594200656e-01  4.667874390105980e-02
7.000000000000011e-01  5.222174009158218e-01  4.749906273003890e-01  4.722677361543276e-02
7.100000000000010e-01  5.119036493661901e-01  4.641546770306979e-01  4.774897233549225e-02
7.200000000000010e-01  5.016082867574126e-01  4.533634534643978e-01  4.824483329301488e-02
7.300000000000010e-01  4.913358847485984e-01  4.426219974129831e-01  4.871388733561527e-02
7.400000000000010e-01  4.810909457048627e-01  4.319352425412919e-01  4.915570316357082e-02
7.500000000000010e-01  4.708778999281492e-01  4.213080124241382e-01  4.956988750401098e-02
7.600000000000010e-01  4.607011029886220e-01  4.107450177655089e-01  4.995608522311312e-02
7.700000000000010e-01  4.505648331582403e-01  4.002508537811683e-01  5.031397937707205e-02
7.800000000000010e-01  4.404732889480528e-01  3.898299977453548e-01  5.064329120269806e-02
7.900000000000010e-01  4.304305867505567e-01  3.794868067019224e-01  5.094378004863431e-02
8.000000000000010e-01  4.204407585883273e-01  3.692255153401099e-01  5.121524324821736e-02
8.100000000000011e-01  4.105077499699826e-01  3.590502340348144e-01  5.145751593516823e-02
8.200000000000011e-01  4.006354178544115e-01  3.489649470510704e-01  5.167047080334108e-02
8.300000000000011e-01  3.908275287240132e-01  3.389735109121777e-01  5.185401781183546e-02
8.400000000000010e-01  3.810877567676053e-01  3.290796529306836e-01  5.200810383692167e-02
8.500000000000010e-01  3.714196821734616e-01  3.192869699012604e-01  5.213271227220123e-02
8.600000000000010e-01  3.618267895328485e-01  3.095989269542518e-01  5.222786257859674e-02
8.700000000000010e-01  3.523124663542424e-01  3.000188565685037e-01  5.229360978573866e-02
8.800000000000010e-01  3.428800016883266e-01  2.905499577418610e-01  5.233004394646562e-02
8.900000000000010e-01  3.335325848636758e-01  2.811952953175493e-01  5.233728954612649e-02
9.000000000000010e-01  3.242733043329566e-01  2.719577994644755e-01  5.231550486848108e-02
9.100000000000010e-01  3.151051466293001e-01  2.628402653092780e-01  5.226488132002205e-02
9.200000000000010e-01  3.060309954323998e-01  2.538453527178330e-01  5.218564271456677e-02
9.300000000000010e-01  2.970536307437667e-01  2.449755862237113e-01  5.207804452005541e-02
9.400000000000011e-01  2.881757281704137e-01  2.362333551009780e-01  5.194237306943572e-02
9.500000000000011e-01  2.793998583161913e-01  2.276209135785432e-01  5.177894473764807e-02
9.600000000000010e-01  2.707284862797992e-01  2.191403811931470e-01  5.158810508665221e-02
9.700000000000010e-01  2.621639712584622e-01  2.107937432779391e-01  5.137022798052304e-02
9.800000000000010e-01  2.537085662560842e-01  2.025828515834734e-01  5.112571467261084e-02
9.900000000000010e-01  2.453644178946489e-01  1.945094250278391e-01  5.085499286680975e-02
1.000000000000001e+00  2.371335663274730e-01  1.865750505725278e-01  5.055851575494513e-02
1.010000000000001e+00  2.290179452528725e-01  1.787811842205548e-01  5.023676103231769e-02
1.020000000000001e+00  2.210193820266719e-01  1.711291521332291e-01  4.989022989344277e-02
1.030000000000001e+00  2.131395978719059e-01  1.636201518619275e-01  4.951944600997837e-02
1.040000000000001e+00  2.053802081839866e-01  1.562552536910973e-01  4.912495449288934e-02
1.050000000000001e+00  1.977427229294967e-01  1.490354020886902e-01  4.870732084080653e-02
1.060000000000001e+00  1.902285471367240e-01  1.419614172601411e-01  4.826712987658291e-02
1.070000000000001e+00  1.828389814759491e-01  1.350339968019488e-01  4.780498467400035e-02
1.080000000000001e+00  1.755752229274335e-01  1.282537174508860e-01  4.732150547654745e-02
1.090000000000001e+00  1.684383655349925e-01  1.216210369248073e-01  4.681732861018527e-02
1.100000000000001e+00  1.614294012429708e-01  1.151362958509968e-01  4.629310539197394e-02
1.110000000000001e+00  1.545492208143663e-01  1.087997197779731e-01  4.574950103639325e-02
1.120000000000001e+00  1.477986148278062e-01  1.026114212666378e-01  4.518719356116846e-02
1.130000000000001e+00  1.411782747510197e-01  9.657140205665432e-02  4.460687269436539e-02
1.140000000000001e+00  1.346887940883996e-01  9.067955530392281e-02  4.400923878447684e-02
1.150000000000001e+00  1.283306696002078e-01  8.493566788502124e-02  4.339500171518659e-02
1.160000000000001e+00  1.221043025909294e-01  7.933942276448848e-02  4.276487982644091e-02
1.170000000000001e+00  1.160100002642499e-01  7.389040142083254e-02  4.211959884341739e-02
1.180000000000001e+00  1.100479771420977e-01  6.858808632716326e-02  4.145989081493445e-02
1.190000000000001e+00  1.042183565451523e-01  6.343186348236937e-02  4.078649306278291e-02
1.200000000000001e+00  9.852117213221005e-02  5.842102498879432e-02  4.010014714341573e-02
1.210000000000001e+00  9.295636949576470e-02  5.355477167238071e-02  3.940159782338399e-02
1.220000000000001e+00  8.752380781114795e-02  4.883221574130962e-02  3.869159206983833e-02
1.230000000000001e+00  8.222326153655482e-02  4.425238347918758e-02  3.797087805736724e-02
1.240000000000001e+00  7.705442216127720e-02  3.981421796888673e-02  3.724020419239047e-02
1.250000000000001e+00  7.201689999945038e-02  3.551658184319381e-02  3.650031815625657e-02
1.260000000000001e+00  6.711022602662195e-02  3.135826005847674e-02  3.575196596814521e-02
1.270000000000001e+00  6.233385375644841e-02  2.733796268763693e-02  3.499589106881149e-02
1.280000000000001e+00  5.768716115482640e-02  2.345432772867683e-02  3.423283342614956e-02
1.290000000000001e+00  5.316945258877557e-02  1.970592392528233e-02  3.346352866349324e-02
1.300000000000001e+00  4.877996080739770e-02  1.609125359588099e-02  3.268870721151670e-02
1.310000000000001e+00  4.451784895224720e-02  1.260875546771858e-02  3.190909348452863e-02
1.320000000000001e+00  4.038221259446641e-02  9.256807512565718e-03  3.112540508190069e-02
1.330000000000001e+00  3.637208179605868e-02  6.033729780746532e-03  3.033835201531215e-02
1.340000000000001e+00  3.248642319269009e-02  2.937787230263719e-03  2.954863596242637e-02
1.350000000000001e+00  2.872414209543826e-02  -3.280745212475332e-05  2.875694954756301e-02
1.360000000000001e+00  2.508408460893464e-02  -2.879891040934710e-03  2.796397564986935e-02
1.370000000000001e+00  2.156503976337062e-02  -5.605346976061203e-03  2.717038673943182e-02
1.380000000000001e+00  1.816574165787980e-02  -8.211102583840947e-03  2.637684424172075e-02
1.390000000000001e+00  1.488487161283346e-02  -1.069912631786195e-02  2.558399793069542e-02
1.400000000000001e+00  1.172106032863256e-02  -1.307142502221711e-02  2.479248535084968e-02
1.410000000000001e+00  8.672890048611045e-03  -1.533004121980501e-02  2.400293126841606e-02
1.420000000000001e+00  5.738896723714552e-03  -1.747705042818589e-02  2.321594715190044e-02
1.430000000000001e+00  2.917572176656477e-03  -1.951455850540465e-02  2.243213068206113e-02
1.440000000000001e+00  2.073662633023016e-04  -2.144469902809648e-02  2.165206529139878e-02
1.450000000000001e+00  -2.393310970920308e-03  -2.326963070409105e-02  2.087631973317074e-02
1.460000000000001e+00  -4.886087141737760e-03  -2.499153482163656e-02  2.010544767989880e-02
1.470000000000001e+00  -7.272625385975317e-03  -2.661261273726348e-02  1.933998735128817e-02
1.480000000000001e+00  -9.554622232778793e-03  -2.813508340420984e-02  1.858046117143104e-02
1.490000000000001e+00  -1.173380548810815e-02  -2.956118094323342e-02  1.782737545512527e-02
1.500000000000001e+00  -1.381193213444134e-02  -3.089315225753466e-02  1.708122012309332e-02
1.510000000000001e+00  -1.579078624757092e-02  -3.213325469341757e-02  1.634246844584666e-02
1.520000000000001e+00  -1.767217693231697e-02  -3.328375374821794e-02  1.561157681590097e-02
1.530000000000001e+00  -1.945793627892190e-02  -3.434692082693010e-02  1.488898454800820e-02
1.540000000000001e+00  -2.114991734183023e-02  -3.532503104886714e-02  1.417511370703691e-02
1.550000000000001e+00  -2.274999214249913e-02  -3.622036110559237e-02  1.347036896309325e-02
1.560000000000001e+00  -2.426004969781947e-02  -3.703518717126804e-02  1.277513747344857e-02
1.570000000000001e+00  -2.568199407566834e-02  -3.777178286646660e-02  1.208978879079827e-02
1.580000000000001e+00  -2.701774247904795e-02  -3.843241727640502e-02  1.141467479735707e-02
1.590000000000001e+00  -2.826922336020534e-02  -3.901935302446250e-02  1.075012966425716e-02
1.600000000000001e+00  -2.943837456605947e-02  -3.953484440175763e-02  1.009646983569817e-02
1.610000000000001e+00  -3.052714151620264e-02  -3.998113555346842e-02  9.453994037265788e-03
1.620000000000001e+00  -3.153747541467399e-02  -4.036045872248997e-02  8.822983307815981e-03
1.630000000000001e+00  -3.247133149664237e-02  -4.067503255094286e-02  8.203701054300488e-03
1.640000000000001e+00  -3.333066731106842e-02  -4.092706043995457e-02  7.596393128886152e-03
1.650000000000001e+00  -3.411744104035216e-02  -4.111872896805783e-02  7.001287927705671e-03
1.660000000000001e+00  -3.483360985790861e-02  -4.125220636846647e-02  6.418596510557859e-03
1.670000000000001e+00  -3.548112832454806e-02  -4.132964106541112e-02  5.848512740863065e-03
1.680000000000001e+00  -3.606194682447532e-02  -4.135316026963699e-02  5.291213445161667e-03
1.690000000000001e+00  -3.657801004165857e-02  -4.132486863309545e-02  4.746858591436878e-03
1.700000000000001e+00  -3.703125547725362e-02  -4.124684696278137e-02  4.215591485527748e-03
1.710000000000001e+00  -3.742361200870925e-02  -4.112115099360121e-02  3.697538984891960e-03
1.720000000000001e+00  -3.775699849111588e-02  -4.094981022008665e-02  3.192811728970776e-03
1.730000000000001e+00  -3.803332240129906e-02  -4.073482678669856e-02  2.701504385399504e-03
1.740000000000001e+00  -3.825447852509767e-02  -4.047817443640505e-02  2.223695911307381e-03
1.750000000000001e+00  -3.842234768821012e-02  -4.018179751715104e-02  1.759449828940926e-03
1.760000000000001e+00  -3.853879553092780e-02  -3.984761004577812e-02  1.308814514850327e-03
1.770000000000001e+00  -3.860567132702286e-02  -3.947749482889322e-02  8.718235018703585e-04
1.780000000000001e+00  -3.862480684699545e-02  -3.907330264013150e-02  4.484957931360500e-04
1.790000000000001e+00  -3.859801526583333e-02  -3.863685145320013e-02  3.883618736679612e-05
1.800000000000001e+00  -3.852709011537993e-02  -3.816992573004325e-02  -3.571643853366793e-04
1.810000000000001e+00  -3.841380428135311e-02  -3.767427576341516e-02  -7.395285179379457e-04
1.820000000000001e+00  -3.825990904500617e-02  -3.715161707310373e-02  -1.108291971902438e-03
1.830000000000001e+00  -3.806713316936923e-02  -3.660362985499981e-02  -1.463503314369417e-03
1.840000000000001e+00  -3.783718202996019e-02  -3.603195848216861e-02  -1.805223547791585e-03
1.850000000000001e+00  -3.757173678980640e-02  -3.543821105703554e-02  -2.133525732770855e-03
1.860000000000001e+00  -3.727245361856828e-02  -3.482395901376311e-02  -2.448494604805167e-03
1.870000000000001e+00  -3.694096295551406e-02  -3.419073676986001e-02  -2.750226185654056e-03
1.880000000000001e+00  -3.657886881604604e-02  -3.354004142602936e-02  -3.038827390016687e-03
1.890000000000001e+00  -3.618774814143845e-02  -3.287333251323239e-02  -3.314415628206065e-03
1.900000000000001e+00  -3.576915019140449e-02  -3.219203178591343e-02  -3.577118405491062e-03
1.910000000000001e+00  -3.532459597906905e-02  -3.149752306031124e-02  -3.827072918757807e-03
1.920000000000001e+00  -3.485557774788628e-02  -3.079115209674571e-02  -4.064425651140565e-03
1.930000000000001e+00  -3.436355849000283e-02  -3.007422652476101e-02  -4.289331965241817e-03
1.940000000000001e+00  -3.384997150553202e-02  -2.934801580997325e-02  -4.501955695558772e-03
1.950000000000001e+00  -3.331622000217081e-02  -2.861375126146091e-02  -4.702468740709894e-03
1.960000000000001e+00  -3.276367673455819e-02  -2.787262607851539e-02  -4.891050656042801e-03
1.970000000000001e+00  -3.219368368274179e-02  -2.712579543555817e-02  -5.067888247183624e-03
1.980000000000001e+00  -3.160755176909170e-02  -2.637437660401592e-02  -5.233175165075786e-03
1.990000000000001e+00  -3.100656061297139e-02  -2.561944910993703e-02  -5.387111503034357e-03
2.000000000000001e+00  -3.039195832244881e-02  -2.486205492612374e-02  -5.529903396325073e-03
2.010000000000001e+00  -2.976496132230766e-02  -2.410319869754656e-02  -5.661762624761098e-03
2.020000000000001e+00  -2.912675421759299e-02  -2.334384799880491e-02  -5.782906218788086e-03
2.030000000000001e+00  -2.847848969190651e-02  -2.258493362239387e-02  -5.893556069512640e-03
2.040000000000001e+00  -2.782128843964311e-02  -2.182734989653495e-02  -5.993938543108156e-03
2.050000000000001e+00  -2.715623913134606e-02  -2.107195503133025e-02  -6.084284100015810e-03
2.060000000000001e+00  -2.648439841133602e-02  -2.031957149200187e-02  -6.164826919334156e-03
2.070000000000001e+00  -2.580679092675736e-02  -1.957098639797985e-02  -6.235804528777516e-03
2.080000000000001e+00  -2.512440938716911e-02  -1.882695194660925e-02  -6.297457440559862e-03
2.090000000000001e+00  -2.443821465379584e-02  -1.808818586025204e-02  -6.350028793543808e-03
2.100000000000001e+00  -2.374913585754119e-02  -1.735537185556785e-02  -6.393764001973338e-03
2.110000000000001e+00  -2.305807054485905e-02  -1.662916013376750e-02  -6.428910411091556e-03
2.120000000000001e+00  -2.236588485056720e-02  -1.591016789064201e-02  -6.455716959925192e-03
2.130000000000001e+00  -2.167341369668108e-02  -1.519897984518425e-02  -6.474433851496830e-03
2.140000000000001e+00  -2.098146101634086e-02  -1.449614878563009e-02  -6.485312230710761e-03
2.150000000000001e+00  -2.029080000189886e-02  -1.380219613176377e-02  -6.488603870135083e-03
2.160000000000001e+00  -1.960217337623319e-02  -1.311761251234354e-02  -6.484560863889658e-03
2.170000000000001e+00  -1.891629368634913e-02  -1.244285835652334e-02  -6.473435329825791e-03
2.180000000000001e+00  -1.823384361833102e-02  -1.177836449816066e-02  -6.455479120170355e-03
2.190000000000001e+00  -1.755547633270765e-02  -1.112453279192101e-02  -6.430943540786636e-03
2.200000000000001e+00  -1.688181581929451e-02  -1.048173674010695e-02  -6.400079079187562e-03
2.210000000000001e+00  -1.621345727058098e-02  -9.850322129160189e-03  -6.363135141420792e-03
2.220000000000001e+00  -1.555096747273258e-02  -9.230607674805651e-03  -6.320359797926929e-03
2.230000000000001e+00  -1.489488521328516e-02  -8.622885674827626e-03  -6.271999538457529e-03
2.240000000000001e+00  -1.424572170461238e-02  -8.027422668489948e-03  -6.218299036122431e-03
2.250000000000001e+00  -1.360396102225561e-02  -7.444460101635180e-03  -6.159500920620428e-03
2.260000000000001e+00  -1.297006055721340e-02  -6.874214996520462e-03  -6.095845560692934e-03
2.270000000000001e+00  -1.234445148129608e-02  -6.316880625471247e-03  -6.027570855824828e-03
2.280000000000001e+00  -1.172753922466123e-02  -5.772627187458660e-03  -5.954912037202565e-03
2.290000000000001e+00  -1.111970396465599e-02  -5.241602486730232e-03  -5.878101477925755e-03
2.300000000000001e+00  -1.052130112510389e-02  -4.723932612649184e-03  -5.797368512454707e-03
2.310000000000001e+00  -9.932661885186116e-03  -4.219722619922001e-03  -5.712939265264115e-03
2.320000000000001e+00  -9.354093697079176e-03  -3.729057208420058e-03  -5.625036488659118e-03
2.330000000000001e+00  -8.785880811526155e-03  -3.252001401826409e-03  -5.533879409699746e-03
2.340000000000001e+00  -8.228284810531497e-03  -2.788601224364993e-03  -5.439683586166503e-03
2.350000000000001e+00  -7.681545146384522e-03  -2.338884374895210e-03  -5.342660771489312e-03
2.360000000000001e+00  -7.145879686233089e-03  -1.902860897681732e-03  -5.243018788551358e-03
2.370000000000001e+00  -6.621485261443813e-03  -1.480523849174346e-03  -5.140961412269467e-03
2.380000000000001e+00  -6.108538221002474e-03  -1.071849960160487e-03  -5.036688260841987e-03
2.390000000000001e+00  -5.607194988224550e-03  -6.768002926778119e-04  -4.930394695546739e-03
2.400000000000001e+00  -5.117592620064428e-03  -2.953208911018989e-04  -4.822271728962530e-03
2.410000000000001e+00  -4.639849368327615e-03  7.265657315139253e-05  -4.712505941479007e-03
2.420000000000001e+00  -4.174065242111355e-03  4.272141638415645e-04  -4.601279405952920e-03
2.430000000000001e+00  -3.720322570814306e-03  7.684470495454389e-04  -4.488769620359745e-03
2.440000000000001e+00  -3.278686567077546e-03  1.096462881206962e-03  -4.375149448284509e-03
2.450000000000001e+00  -2.849205889036333e-03  1.411381178051496e-03  -4.260587067087829e-03
2.460000000000001e+00  -2.431913201282534e-03  1.713332722295596e-03  -4.145245923578129e-03
2.470000000000001e+00  -2.026825733956177e-03  2.002458963058678e-03  -4.029284697014856e-03
2.480000000000001e+00  -1.633945839405215e-03  2.278911429857581e-03  -3.912857269262797e-03
2.490000000000001e+00  -1.253261545871289e-03  2.542851156041475e-03  -3.796112701912764e-03
2.500000000000001e+00  -8.847471076803417e-04  2.794448112499489e-03  -3.679195220179831e-03
2.510000000000001e+00  -5.283635514354779e-04  3.033880651950731e-03  -3.562244203386209e-03
2.520000000000001e+00  -1.840592177311204e-04  3.261334964102099e-03  -3.445394181833220e-03
2.530000000000001e+00  1.482297020741690e-04  3.477004541936997e-03  -3.328774839862828e-03
2.540000000000001e+00  4.685786344674083e-04  3.681089659374903e-03  -3.212511024907495e-03
2.550000000000001e+00  7.770740981958622e-04  3.873796860520557e-03  -3.096722762324695e-03
2.560000000000001e+00  1.073813184888148e-03  4.055338460698405e-03  -2.981525275810257e-03
2.570000000000001e+00  1.358903046264528e-03  4.225932059448647e-03  -2.867029013184120e-03
2.580000000000001e+00  1.632460388298360e-03  4.385800065638399e-03  -2.753339677340039e-03
2.590000000000001e+00  1.894610972672114e-03  4.535169234823175e-03  -2.640558262151061e-03
2.600000000000001e+00  2.145489125851383e-03  4.674270218972740e-03  -2.528781093121357e-03
2.610000000000001e+00  2.385237256081327e-03  4.803337128657045e-03  -2.418099872575718e-03
2.620000000000001e+00  2.614005378590858e-03  4.922607107768763e-03  -2.308601729177905e-03
2.630000000000001e+00  2.831950649271360e-03  5.032319920840763e-03  -2.200369271569404e-03
2.640000000000001e+00  3.039236907077920e-03  5.132717552999858e-03  -2.093480645921937e-03
2.650000000000001e+00  3.236034225382878e-03  5.224043822580125e-03  -1.988009597197247e-03
2.660000000000001e+00  3.422518472493670e-03  5.306544006403287e-03  -1.884025533909618e-03
2.670000000000001e+00  3.598870881528715e-03  5.380464477717238e-03  -1.781593596188523e-03
2.680000000000001e+00  3.765277629828479e-03  5.446052356768600e-03  -1.680774726940120e-03
2.690000000000001e+00  3.921929428060840e-03  5.503555173970328e-03  -1.581625745909488e-03
2.700000000000001e+00  4.069021119163947e-03  5.553220545610568e-03  -1.484199426446621e-03
2.710000000000001e+00  4.206751287252929e-03  5.595295862036026e-03  -1.388544574783097e-03
2.720000000000001e+00  4.335321876600602e-03  5.630027988229309e-03  -1.294706111628707e-03
2.730000000000001e+00  4.454937820787030e-03  5.657662976687126e-03  -1.202725155900096e-03
2.740000000000001e+00  4.565806682097425e-03  5.678445792494328e-03  -1.112639110396903e-03
2.750000000000001e+00  4.668138301232387e-03  5.692620050477357e-03  -1.024481749244971e-03
2.760000000000001e+00  4.762144457380936e-03  5.700427764309128e-03  -9.382833069281919e-04
2.770000000000001e+00  4.848038538691557e-03  5.702109107427550e-03  -8.540705687359925e-04
2.780000000000001e+00  4.926035223163653e-03  5.697902185619808e-03  -7.718669624561551e-04
2.790000000000001e+00  4.996350169967964e-03  5.688042821114954e-03  -6.916926511469895e-04
2.800000000000001e+00  5.059199721191759e-03  5.672764348018868e-03  -6.135646268271089e-04
2.810000000000001e+00  5.114800613992188e-03  5.652297418917153e-03  -5.374968049249654e-04
2.820000000000001e+00  5.163369703128985e-03  5.626869822463872e-03  -4.635001193348870e-04
2.830000000000001e+00  5.205123693836229e-03  5.596706311766620e-03  -3.915826179303914e-04
2.840000000000001e+00  5.240278884981611e-03  5.562028443371963e-03  -3.217495583903518e-04
2.850000000000001e+00  5.269050922450899e-03  5.523054426648568e-03  -2.540035041976689e-04
2.860000000000001e+00  5.291654562684855e-03  5.479998983360115e-03  -1.883444206752603e-04
2.870000000000001e+00  5.308303446286172e-03  5.433073217214256e-03  -1.247697709280847e-04
2.880000000000001e+00  5.319209881604233e-03  5.382484493169568e-03  -6.327461156533428e-05
2.890000000000001e+00  5.324584638196919e-03  5.328436326277521e-03  -3.851688080602073e-06
2.900000000000001e+00  5.324636750059338e-03  5.271128279833227e-03  5.350847022611138e-05
2.910000000000001e+00  5.319573328501985e-03  5.210755872604466e-03  1.088174558975192e-04
2.920000000000001e+00  5.309599384552435e-03  5.147510494906356e-03  1.620888896460794e-04
2.930000000000001e+00  5.294917660747593e-03  5.081579333285456e-03  2.133383274621377e-04
2.940000000000001e+00  5.275728472176768e-03  5.013145303575581e-03  2.625831686011862e-04
2.950000000000001e+00  5.252229556628693e-03  4.942386992085320e-03  3.098425645433733e-04
2.960000000000001e+00  5.224615933690407e-03  4.869478604676129e-03  3.551373290142787e-04
2.970000000000001e+00  5.193079772639265e-03  4.794589923488477e-03  3.984898491507880e-04
2.980000000000001e+00  5.157810268964764e-03  4.717886271073018e-03  4.399239978917458e-04
2.990000000000001e+00  5.118993529351320e-03  4.639528481683238e-03  4.794650476680823e-04
3.000000000000001e+00  5.076812464949459e-03  4.559672879486215e-03  5.171395854632437e-04
3.010000000000001e+00  5.031446692757248e-03  4.478471263447917e-03  5.529754293093301e-04
3.020000000000001e+00  4.983072444931930e-03  4.396070898650754e-03  5.870015462811759e-04
3.030000000000001e+00  4.931862485846388e-03  4.312614513801332e-03  6.192479720450554e-04
3.040000000000001e+00  4.877986036703409e-03  4.228240304687976e-03  6.497457320154337e-04
3.050000000000001e+00  4.821608707517083e-03  4.143081943348803e-03  6.785267641682795e-04
3.060000000000001e+00  4.762892436268845e-03  4.057268592712827e-03  7.056238435560183e-04
3.070000000000001e+00  4.701995435043091e-03  3.970924926478980e-03  7.310705085641104e-04
3.080000000000001e+00  4.639072142946162e-03  3.884171153999256e-03  7.549009889469063e-04
3.090000000000001e+00  4.574273185610455e-03  3.797123049935704e-03  7.771501356747513e-04
3.100000000000001e+00  4.507745341084601e-03  3.709891988462595e-03  7.978533526220065e-04
3.110000000000001e+00  4.439631511910045e-03  3.622584981788928e-03  8.170465301211172e-04
3.120000000000001e+00  4.370070703183146e-03  3.535304722778508e-03  8.347659804046389e-04
3.130000000000001e+00  4.299198006402465e-03  3.448149631448998e-03  8.510483749534672e-04
3.140000000000001e+00  4.227144588900228e-03  3.361213905133937e-03  8.659306837662914e-04
3.150000000000001e+00  4.154037688657794e-03  3.274587572095893e-03  8.794501165619011e-04
3.160000000000001e+00  4.080000614304820e-03  3.188356548382214e-03  8.916440659226064e-04
3.170000000000001e+00  4.005152750103430e-03  3.102602697718827e-03  9.025500523846034e-04
3.180000000000001e+00  3.929609565718703e-03  3.017403894241751e-03  9.122056714769523e-04
3.190000000000001e+00  3.853482630578955e-03  2.932834087869536e-03  9.206485427094195e-04
3.200000000000001e+00  3.776879632629943e-03  2.848963372124595e-03  9.279162605053477e-04
3.210000000000001e+00  3.699904401289270e-03  2.765858054215266e-03  9.340463470740041e-04
3.220000000000001e+00  3.622656934408853e-03  2.683580727195331e-03  9.390762072135224e-04
3.230000000000001e+00  3.545233429055412e-03  2.602190344021404e-03  9.430430850340082e-04
3.240000000000001e+00  3.467726315920921e-03  2.521742293334038e-03  9.459840225868829e-04
3.250000000000001e+00  3.390224297177892e-03  2.442288476792272e-03  9.479358203856193e-04
3.260000000000001e+00  3.312812387595980e-03  2.363877387796496e-03  9.489349997994839e-04
3.270000000000001e+00  3.235571958739926e-03  2.286554191438715e-03  9.490177673012116e-04
3.280000000000001e+00  3.158580786071115e-03  2.210360805524511e-03  9.482199805466037e-04
3.290000000000001e+00  3.081913098778213e-03  2.135335982515538e-03  9.465771162626741e-04
3.300000000000001e+00  3.005639632165271e-03  2.061515392245914e-03  9.441242399193563e-04
3.310000000000001e+00  2.929827682428869e-03  1.988931705271211e-03  9.408959771576584e-04
3.320000000000001e+00  2.854541163659334e-03  1.917614676713013e-03  9.369264869463210e-04
3.330000000000001e+00  2.779840666904124e-03  1.847591230467204e-03  9.322494364369205e-04
3.340000000000001e+00  2.705783521135245e-03  1.778885543648562e-03  9.268979774866824e-04
3.350000000000001e+00  2.632423855965862e-03  1.711519131149424e-03  9.209047248164379e-04
3.360000000000001e+00  2.559812665965121e-03  1.645510930194507e-03  9.143017357706139e-04
3.370000000000001e+00  2.487997876423671e-03  1.580877384779088e-03  9.071204916445831e-04
3.380000000000001e+00  2.417024410426241e-03  1.517632529882168e-03  8.993918805440728e-04
3.390000000000001e+00  2.346934257091425e-03  1.455788075351019e-03  8.911461817404059e-04
3.400000000000001e+00  2.277766540842650e-03  1.395353489358112e-03  8.824130514845383e-04
3.410000000000001e+00  2.209557591578187e-03  1.336336081335990e-03  8.732215102421961e-04
3.420000000000001e+00  2.142341015611895e-03  1.278741084300216e-03  8.635999313116797e-04
3.430000000000001e+00  2.076147767260552e-03  1.222571736474832e-03  8.535760307857194e-04
3.440000000000001e+00  2.011006220957319e-03  1.167829362139456e-03  8.431768588178629e-04
3.450000000000001e+00  1.946942243774997e-03  1.114513451621130e-03  8.324287921538664e-04
3.460000000000001e+00  1.883979268246738e-03  1.062621740358604e-03  8.213575278881342e-04
3.470000000000001e+00  1.822138365375739e-03  1.012150286970820e-03  8.099880784049182e-04
3.480000000000001e+00  1.761438317729531e-03  9.630935502654420e-04  7.983447674640894e-04
3.490000000000001e+00  1.701895692518322e-03  9.154444651273950e-04  7.864512273909273e-04
3.500000000000001e+00  1.643524914560922e-03  8.691945172314699e-04  7.743303973294523e-04
3.510000000000001e+00  1.586338339045663e-03  8.243338165266033e-04  7.620045225190601e-04
3.520000000000001e+00  1.530346323997557e-03  7.808511694436563e-04  7.494951545539007e-04
3.530000000000001e+00  1.475557302366896e-03  7.387341497819531e-04  7.368231525849425e-04
3.540000000000001e+00  1.421977853658393e-03  6.979691682335565e-04  7.240086854248366e-04
3.550000000000001e+00  1.369612775023559e-03  6.585415405079519e-04  7.110712345156070e-04
3.560000000000001e+00  1.318465151743055e-03  6.204355540229411e-04  6.980295977201136e-04
3.570000000000001e+00  1.268536427029176e-03  5.836345331312603e-04  6.849018938979159e-04
3.580000000000001e+00  1.219826471082637e-03  5.481209028555310e-04  6.717055682271061e-04
3.590000000000001e+00  1.172333649341092e-03  5.138762511072658e-04  6.584573982338267e-04
3.600000000000001e+00  1.126054889860703e-03  4.808813893689212e-04  6.451735004917820e-04
3.610000000000001e+00  1.080985749775341e-03  4.491164118208196e-04  6.318693379545218e-04
3.620000000000001e+00  1.037120480781604e-03  4.185607528977345e-04  6.185597278838696e-04
3.630000000000001e+00  9.944520936011653e-04  3.891932432626979e-04  6.052588503384674e-04
3.640000000000001e+00  9.529724213753008e-04  3.609921641882885e-04  5.919802571870123e-04
3.650000000000001e+00  9.126721819496624e-04  3.339353003382710e-04  5.787368816113914e-04
3.660000000000001e+00  8.735410390105974e-04  3.079999909449523e-04  5.655410480656451e-04
3.670000000000001e+00  8.355676620374682e-04  2.831631793801090e-04  5.524044826573592e-04
3.680000000000001e+00  7.987397850382771e-04  2.594014611194418e-04  5.393383239188353e-04
3.690000000000001e+00  7.630442640391945e-04  2.366911301030546e-04  5.263531339361399e-04
3.700000000000001e+00  7.284671333010873e-04  2.150082234962635e-04  5.134589098048238e-04
3.710000000000001e+00  6.949936602394374e-04  1.943285648573713e-04  5.006650953820661e-04
3.720000000000001e+00  6.626083990261473e-04  1.746278057206139e-04  4.879805933055333e-04
3.730000000000001e+00  6.312952428551789e-04  1.558814656048427e-04  4.754137772503362e-04
3.740000000000001e+00  6.010374748557879e-04  1.380649704597429e-04  4.629725043960450e-04
3.750000000000001e+00  5.718178176401771e-04  1.211536895634305e-04  4.506641280767466e-04
3.760000000000001e+00  5.436184814745120e-04  1.051229708866283e-04  4.384955105878837e-04
3.770000000000001e+00  5.164212110647013e-04  8.994817494033721e-05  4.264730361243640e-04
3.780000000000001e+00  4.902073309505968e-04  7.560470712506308e-05  4.146026238255337e-04
3.790000000000001e+00  4.649577895044465e-04  6.206804860122193e-05  4.028897409032246e-04
3.800000000000001e+00  4.406532015314726e-04  4.931378570145008e-05  3.913394158300225e-04
3.810000000000001e+00  4.172738894726168e-04  3.731763790677093e-05  3.799562515658458e-04
3.820000000000001e+00  3.947999232112710e-04  2.605548440966590e-05  3.687444388016051e-04
3.830000000000001e+00  3.732111584877643e-04  1.550338928798727e-05  3.577077691997771e-04
3.840000000000001e+00  3.524872739271656e-04  5.637625314782269e-06  3.468496486123833e-04
3.850000000000001e+00  3.326078066876381e-04  -3.565303570219188e-06  3.361731102578573e-04
3.860000000000001e+00  3.135521867381182e-04  -1.212864110084002e-05  3.256808278389582e-04
3.870000000000001e+00  2.952997697760017e-04  -2.007535880907617e-05  3.153751285850779e-04
3.880000000000001e+00  2.778298687962907e-04  -2.742813740619216e-05  3.052580062024828e-04
3.890000000000001e+00  2.611217843259429e-04  -3.420934939168766e-05  2.953311337176305e-04
3.900000000000001e+00  2.451548333376938e-04  -4.044104286109363e-05  2.855958761987874e-04
3.910000000000001e+00  2.299083768594263e-04  -4.614492648312368e-05  2.760533033425500e-04
3.920000000000001e+00  2.153618462958972e-04  -5.134235561622741e-05  2.667042019121246e-04
3.930000000000001e+00  2.014947684812461e-04  -5.605431953438155e-05  2.575490880156277e-04
3.940000000000001e+00  1.882867894811287e-04  -6.030142973147969e-05  2.485882192126084e-04
3.950000000000001e+00  1.757176971649179e-04  -6.410390927377630e-05  2.398216064386942e-04
3.960000000000001e+00  1.637674425687678e-04  -6.748158316931926e-05  2.312490257380871e-04
3.970000000000001e+00  1.524161600715460e-04  -7.045386972347326e-05  2.228700297950192e-04
3.980000000000001e+00  1.416441864062399e-04  -7.303977284935908e-05  2.146839592555990e-04
3.990000000000001e+00  1.314320785301402e-04  -7.525787530220551e-05  2.066899538323457e-04
4.000000000000001e+00  1.217606303778617e-04  -7.712633280647798e-05  1.988869631843397e-04
