1.000000000000000e-15  1.000160776814313e+00  1.000177827498700e+00  -1.705068438750956e-05
1.000000000000100e-02  9.998389197385555e-01  9.998312626049403e-01  7.657133615279754e-06
2.000000000000100e-02  9.988738233378454e-01  9.987921343505511e-01  8.168898729421503e-05
3.000000000000100e-02  9.972669111180784e-01  9.970621406888219e-01  2.047704292564845e-04
4.000000000000100e-02  9.950205523455301e-01  9.946441071212778e-01  3.764452242522864e-04
5.000000000000100e-02  9.921380571901374e-01  9.915419800806652e-01  5.960771094721817e-04
6.000000000000100e-02  9.886236699432945e-01  9.877608176949378e-01  8.628522483566936e-04
7.000000000000101e-02  9.844825603272385e-01  9.833067779599124e-01  1.175782367326073e-03
8.000000000000100e-02  9.797208129180101e-01  9.781871043559954e-01  1.533708562014624e-03
9.000000000000100e-02  9.743454147086352e-01  9.724101089520090e-01  1.935305756626260e-03
1.000000000000010e-01  9.683642408438278e-01  9.659851530465370e-01  2.379087797290791e-03
1.100000000000010e-01  9.617860385621604e-01  9.589226254045133e-01  2.863413157647043e-03
1.200000000000010e-01  9.546204093860194e-01  9.512339181537947e-01  3.386491232224786e-03
1.300000000000010e-01  9.468777896040934e-01  9.429314004132585e-01  3.946389190834898e-03
1.400000000000010e-01  9.385694290952392e-01  9.340283897305267e-01  4.541039364712507e-03
1.500000000000010e-01  9.297073685467797e-01  9.245391214136697e-01  5.168247133110038e-03
1.600000000000010e-01  9.203044151240585e-01  9.144787158471770e-01  5.825699276881480e-03
1.700000000000010e-01  9.103741166519327e-01  9.038631438881205e-01  6.510972763812184e-03
1.800000000000010e-01  8.999307343723787e-01  8.927091904437178e-01  7.221543928660923e-03
1.900000000000010e-01  8.889892143457785e-01  8.810344163363844e-01  7.954798009394137e-03
2.000000000000010e-01  8.775651575666764e-01  8.688571185669434e-01  8.708038999733048e-03
2.100000000000010e-01  8.656747888677152e-01  8.561962890907403e-01  9.478499776974902e-03
2.200000000000010e-01  8.533349246882530e-01  8.430715722251994e-01  1.026335246305365e-02
2.300000000000010e-01  8.405629397867030e-01  8.295032208106218e-01  1.105971897608127e-02
2.400000000000010e-01  8.273767329779550e-01  8.155120512489560e-01  1.186468172899902e-02
2.500000000000010e-01  8.137946919792636e-01  8.011193975476900e-01  1.267529443157356e-02
2.600000000000010e-01  7.998356574499336e-01  7.863470644980401e-01  1.348859295189342e-02
2.700000000000010e-01  7.855188863116390e-01  7.712172801182108e-01  1.430160619342824e-02
2.800000000000010e-01  7.708640144375745e-01  7.557526474935651e-01  1.511136694400939e-02
2.900000000000010e-01  7.558910187998059e-01  7.399760961463063e-01  1.591492265349959e-02
3.000000000000010e-01  7.406201791649599e-01  7.239108330674444e-01  1.670934609751551e-02
3.100000000000010e-01  7.250720394290416e-01  7.075802935436828e-01  1.749174588535884e-02
3.200000000000010e-01  7.092673686824913e-01  6.910080919111671e-01  1.825927677132422e-02
3.300000000000010e-01  6.932271220967012e-01  6.742179723670518e-01  1.900914972964940e-02
3.400000000000010e-01  6.769724017230564e-01  6.572337599683219e-01  1.973864175473450e-02
3.500000000000010e-01  6.605244172951534e-01  6.400793119454016e-01  2.044510534975186e-02
3.600000000000010e-01  6.439044471242061e-01  6.227784694559173e-01  2.112597766828883e-02
3.700000000000010e-01  6.271337991767726e-01  6.053550099011511e-01  2.177878927562149e-02
3.800000000000010e-01  6.102337724227693e-01  5.878325999248660e-01  2.240117249790330e-02
3.900000000000010e-01  5.932256185404524e-01  5.702347492106810e-01  2.299086932977146e-02
4.000000000000010e-01  5.761305040633489e-01  5.525847651905185e-01  2.354573887283040e-02
4.100000000000010e-01  5.589694730524579e-01  5.349057087725940e-01  2.406376427986390e-02
4.200000000000010e-01  5.417634103748777e-01  5.172203511930968e-01  2.454305918178090e-02
4.300000000000010e-01  5.245330056679051e-01  4.995511320910648e-01  2.498187357684029e-02
4.400000000000010e-01  5.072987180651626e-01  4.819201189011470e-01  2.537859916401558e-02
4.500000000000010e-01  4.900807417587422e-01  4.643489676537653e-01  2.573177410497690e-02
4.600000000000010e-01  4.728989724685466e-01  4.468588852669222e-01  2.604008720162443e-02
4.700000000000010e-01  4.557729748870418e-01  4.294705934083475e-01  2.630238147869429e-02
4.800000000000010e-01  4.387219511645676e-01  4.122042940010007e-01  2.651765716356685e-02
4.900000000000010e-01  4.217647104970302e-01  3.950796364390975e-01  2.668507405793269e-02
5.000000000000010e-01  4.049196398744629e-01  3.781156865758857e-01  2.680395329857715e-02
5.100000000000010e-01  3.882046760453396e-01  3.613308975382943e-01  2.687377850704525e-02
5.200000000000010e-01  3.716372787480031e-01  3.447430824174627e-01  2.689419633054041e-02
5.300000000000010e-01  3.552344052566806e-01  3.283693888779468e-01  2.686501637873379e-02
5.400000000000010e-01  3.390124862858822e-01  3.122262757221469e-01  2.678621056373531e-02
5.500000000000010e-01  3.229874032929466e-01  2.963294914402680e-01  2.665791185267857e-02
5.600000000000011e-01  3.071744672146083e-01  2.806940547698846e-01  2.648041244472366e-02
5.700000000000011e-01  2.915883986693722e-01  2.653342372829514e-01  2.625416138642078e-02
5.800000000000010e-01  2.762433096534805e-01  2.502635480119819e-01  2.597976164149868e-02
5.900000000000010e-01  2.611526867540844e-01  2.354947201209932e-01  2.565796663309125e-02
6.000000000000010e-01  2.463293758991963e-01  2.210396996208618e-01  2.528967627833448e-02
6.100000000000010e-01  2.317855686598215e-01  2.069096361228156e-01  2.487593253700593e-02
6.200000000000010e-01  2.175327901156016e-01  1.931148756180728e-01  2.441791449752884e-02
6.300000000000010e-01  2.035818882911980e-01  1.796649552660024e-01  2.391693302519557e-02
6.400000000000010e-01  1.899430251665818e-01  1.665686001677534e-01  2.337442499882839e-02
6.500000000000010e-01  1.766256692604006e-01  1.538337220970207e-01  2.279194716337990e-02
6.600000000000010e-01  1.636385897816186e-01  1.414674201545521e-01  2.217116962706653e-02
6.700000000000010e-01  1.509898523407419e-01  1.294759833081166e-01  2.151386903262525e-02
6.800000000000010e-01  1.386868162081202e-01  1.178648947750036e-01  2.082192143311661e-02
6.900000000000011e-01  1.267361331030816e-01  1.066388381996999e-01  2.009729490338168e-02
7.000000000000011e-01  1.151437474940219e-01  9.580170557519319e-02  1.934204191882875e-02
7.100000000000010e-01  1.039148983860416e-01  8.535660685241102e-02  1.855829153363060e-02
7.200000000000010e-01  9.305412256929081e-02  7.530588117861899e-02  1.774824139067183e-02
7.300000000000010e-01  8.256525929790304e-02  6.565110970216434e-02  1.691414959573870e-02
7.400000000000010e-01  7.245145636621385e-02  5.639312987780049e-02  1.605832648841336e-02
7.500000000000010e-01  6.271517754593688e-02  4.753205120392789e-02  1.518312634200898e-02
7.600000000000010e-01  5.335821134508537e-02  3.906727232047661e-02  1.429093902460876e-02
7.700000000000010e-01  4.438168104667443e-02  3.099749939381653e-02  1.338418165285790e-02
7.800000000000010e-01  3.578605598267712e-02  2.332076571301191e-02  1.246529026966520e-02
7.900000000000010e-01  2.757116399626448e-02  1.603445241996912e-02  1.153671157629536e-02
8.000000000000010e-01  1.973620504311665e-02  9.135310294502362e-03  1.060089474861429e-02
8.100000000000011e-01  1.227976588049843e-02  2.619482514131229e-03  9.660283366367203e-03
8.200000000000011e-01  5.199835790876611e-03  -3.517471692547250e-03  8.717307483423862e-03
8.300000000000011e-01  -1.506176714882276e-03  -9.280552580744346e-03  7.774375865862070e-03
8.400000000000010e-01  -7.841426271258729e-03  -1.467529469488363e-02  6.833868423624904e-03
8.500000000000010e-01  -1.380961216668201e-02  -1.970774102693841e-02  5.898128860256402e-03
8.600000000000010e-01  -1.941495904609788e-02  -2.438441661002606e-02  4.969457563928182e-03
8.700000000000010e-01  -2.466219686763990e-02  -2.871230162924232e-02  4.050104761602415e-03
8.800000000000010e-01  -2.955654017438152e-02  -3.269880413112967e-02  3.142263956748156e-03
8.900000000000010e-01  -3.410366674280934e-02  -3.635173241236656e-02  2.248065669557216e-03
9.000000000000010e-01  -3.830969567014397e-02  -3.967926716721858e-02  1.369571497074611e-03
9.100000000000010e-01  -4.218116496293629e-02  -4.268993347204120e-02  5.087685091049038e-04
9.200000000000010e-01  -4.572500868950331e-02  -4.539257268366526e-02  -3.324360058380507e-04
9.300000000000010e-01  -4.894853375872327e-02  -4.779631432683801e-02  -1.152219431885260e-03
9.400000000000011e-01  -5.185939638750229e-02  -4.991054804405645e-02  -1.948848343445837e-03
9.500000000000011e-01  -5.446557831884508e-02  -5.174489567911240e-02  -2.720682639732679e-03
9.600000000000010e-01  -5.677536285193117e-02  -5.330918356349428e-02  -3.466179288436892e-03
9.700000000000010e-01  -5.879731074489692e-02  -5.461341507245757e-02  -4.183895672439347e-03
9.800000000000010e-01  -6.054023605018103e-02  -5.566774351511255e-02  -4.872492535068482e-03
9.900000000000010e-01  -6.201318194129933e-02  -5.648244542027099e-02  -5.530736521028340e-03
1.000000000000001e+00  -6.322539658877281e-02  -5.706789427708690e-02  -6.157502311685908e-03
1.010000000000001e+00  -6.418630914167223e-02  -5.743453478669781e-02  -6.751774354974413e-03
1.020000000000001e+00  -6.490550586983329e-02  -5.759285767816485e-02  -7.312648191668443e-03
1.030000000000001e+00  -6.539270652028084e-02  -5.755337513900981e-02  -7.839331381271027e-03
1.040000000000001e+00  -6.565774093976003e-02  -5.732659690758364e-02  -8.331144032176385e-03
1.050000000000001e+00  -6.571052601352045e-02  -5.692300707137492e-02  -8.787518942145536e-03
1.060000000000001e+00  -6.556104296866019e-02  -5.635304161219739e-02  -9.208001356462804e-03
1.070000000000001e+00  -6.521931508837758e-02  -5.562706673598725e-02  -9.592248352390330e-03
1.080000000000001e+00  -6.469538588146202e-02  -5.475535802170865e-02  -9.940027859753377e-03
1.090000000000001e+00  -6.399929774923345e-02  -5.374808042062518e-02  -1.025121732860827e-02
1.100000000000001e+00  -6.314107118996098e-02  -5.261526913393944e-02  -1.052580205602155e-02
1.110000000000001e+00  -6.213068457854536e-02  -5.136681139357024e-02  -1.076387318497513e-02
1.120000000000001e+00  -6.097805455694281e-02  -5.001242916760421e-02  -1.096562538933860e-02
1.130000000000001e+00  -5.969301706845839e-02  -4.856166280877106e-02  -1.113135425968733e-02
1.140000000000001e+00  -5.828530906664199e-02  -4.702385566111857e-02  -1.126145340552342e-02
1.150000000000001e+00  -5.676455092709379e-02  -4.540813963695949e-02  -1.135641129013431e-02
1.160000000000001e+00  -5.514022958803552e-02  -4.372342177308750e-02  -1.141680781494802e-02
1.170000000000001e+00  -5.342168244303334e-02  -4.197837177226628e-02  -1.144331067076707e-02
1.180000000000001e+00  -5.161808200677732e-02  -4.018141053305470e-02  -1.143667147372263e-02
1.190000000000001e+00  -4.973842137233932e-02  -3.834069966817930e-02  -1.139772170416002e-02
1.200000000000001e+00  -4.779150047585568e-02  -3.646413200888662e-02  -1.132736846696906e-02
1.210000000000001e+00  -4.578591318210826e-02  -3.455932309002170e-02  -1.122659009208656e-02
1.220000000000001e+00  -4.373003520203179e-02  -3.263360360798974e-02  -1.109643159404205e-02
1.230000000000001e+00  -4.163201285075142e-02  -3.069401284125918e-02  -1.093800000949224e-02
1.240000000000001e+00  -3.949975265235561e-02  -2.874729302068661e-02  -1.075245963166901e-02
1.250000000000001e+00  -3.734091179526228e-02  -2.679988463465215e-02  -1.054102716061014e-02
1.260000000000001e+00  -3.516288943971704e-02  -2.485792265183791e-02  -1.030496678787913e-02
1.270000000000001e+00  -3.297281887670178e-02  -2.292723364242441e-02  -1.004558523427737e-02
1.280000000000001e+00  -3.077756053532450e-02  -2.101333377654981e-02  -9.764226758774693e-03
1.290000000000001e+00  -2.858369583361150e-02  -1.912142767706538e-02  -9.462268156546126e-03
1.300000000000001e+00  -2.639752186553789e-02  -1.725640810193186e-02  -9.141113763606035e-03
1.310000000000001e+00  -2.422504691512251e-02  -1.542285643003651e-02  -8.802190485086002e-03
1.320000000000001e+00  -2.207198678646465e-02  -1.362504392277347e-02  -8.446942863691182e-03
1.330000000000001e+00  -1.994376193674339e-02  -1.186693373241662e-02  -8.076828204326767e-03
1.340000000000001e+00  -1.784549539741244e-02  -1.015218362712675e-02  -7.693311770285689e-03
1.350000000000001e+00  -1.578201146712752e-02  -8.484149401376571e-03  -7.297862065750949e-03
1.360000000000001e+00  -1.375783515832924e-02  -6.865888939639090e-03  -6.891946218690153e-03
1.370000000000001e+00  -1.177719237788578e-02  -5.300166900376439e-03  -6.477025477509345e-03
1.380000000000001e+00  -9.844010820766809e-03  -3.789459986676421e-03  -6.054550834090388e-03
1.390000000000001e+00  -7.961921554387364e-03  -2.335962769318016e-03  -5.625958785069348e-03
1.400000000000001e+00  -6.134261270017202e-03  -9.415940275987664e-04  -5.192667242418436e-03
1.410000000000001e+00  -4.364075176511143e-03  3.919964270731014e-04  -4.756071603584244e-03
1.420000000000001e+00  -2.654120510567834e-03  1.663420480037350e-03  -4.317540990605185e-03
1.430000000000001e+00  -1.006870636780097e-03  2.871544030011407e-03  -3.878414666791505e-03
1.440000000000001e+00  5.754802901104426e-04  4.015478928809745e-03  -3.439998638699302e-03
1.450000000000001e+00  2.091012129088958e-03  5.094574579365008e-03  -3.003562450276050e-03
1.460000000000001e+00  3.538073051859048e-03  6.108409227055789e-03  -2.570336175196741e-03
1.470000000000001e+00  4.915273366488930e-03  7.056780979041865e-03  -2.141507612552935e-03
1.480000000000001e+00  6.221478895705655e-03  7.939698585909878e-03  -1.718219690204223e-03
1.490000000000001e+00  7.455803940190599e-03  8.757372019448331e-03  -1.301568079257733e-03
1.500000000000001e+00  8.617603857494037e-03  9.510202879799059e-03  -8.925990223050215e-04
1.510000000000001e+00  9.706467287358807e-03  1.019877466458442e-02  -4.923073772256162e-04
1.520000000000001e+00  1.072220805432284e-02  1.082384293188309e-02  -1.016348775602464e-04
1.530000000000001e+00  1.166485677846415e-02  1.138632538813333e-02  2.785313903308217e-04
1.540000000000001e+00  1.253465222505448e-02  1.188729193118098e-02  6.473602938734981e-04
1.550000000000001e+00  1.333203242371120e-02  1.232795467776750e-02  1.004077745943703e-03
1.560000000000001e+00  1.405762558737550e-02  1.270965800377623e-02  1.347967583599268e-03
1.570000000000001e+00  1.471224086110751e-02  1.303386862452512e-02  1.678372236582395e-03
1.580000000000001e+00  1.529685893027299e-02  1.330216574131942e-02  1.994693188953577e-03
1.590000000000001e+00  1.581262251721330e-02  1.351623127936104e-02  2.296391237852261e-03
1.600000000000001e+00  1.626082679493248e-02  1.367784024095788e-02  2.582986553974603e-03
1.610000000000001e+00  1.664290974571743e-02  1.378885119679102e-02  2.854058548926414e-03
1.620000000000001e+00  1.696044249192393e-02  1.385119693678596e-02  3.109245555137979e-03
1.630000000000001e+00  1.721511962542339e-02  1.386687530089868e-02  3.348244324524711e-03
1.640000000000001e+00  1.740874956140907e-02  1.383794020887612e-02  3.570809352532954e-03
1.650000000000001e+00  1.754324494141852e-02  1.376649290678187e-02  3.776752034636652e-03
1.660000000000001e+00  1.762061310953672e-02  1.365467344680692e-02  3.965939662729796e-03
1.670000000000001e+00  1.764294668481183e-02  1.350465241560183e-02  4.138294269210004e-03
1.680000000000001e+00  1.761241425194363e-02  1.331862292508842e-02  4.293791326855211e-03
1.690000000000001e+00  1.753125119129758e-02  1.309879287843067e-02  4.432458312866913e-03
1.700000000000001e+00  1.740175066826135e-02  1.284737752257612e-02  4.554373145685221e-03
1.710000000000001e+00  1.722625480089568e-02  1.256659229751730e-02  4.659662503378379e-03
1.720000000000001e+00  1.700714602374504e-02  1.225864599118055e-02  4.748500032564487e-03
1.730000000000001e+00  1.674683866456811e-02  1.192573420762084e-02  4.821104456947271e-03
1.740000000000001e+00  1.644777074962704e-02  1.157003315499451e-02  4.877737594632527e-03
1.750000000000001e+00  1.611239605204240e-02  1.119369375860150e-02  4.918702293440895e-03
1.760000000000001e+00  1.574317639658051e-02  1.079883610312960e-02  4.944340293450904e-03
1.770000000000001e+00  1.534257423309725e-02  1.038754420711050e-02  4.955030025986747e-03
1.780000000000001e+00  1.491304548971625e-02  9.961861131499503e-03  4.951184358216751e-03
1.790000000000001e+00  1.445703271568024e-02  9.523784423232451e-03  4.933248292447788e-03
1.800000000000001e+00  1.397695852267710e-02  9.075261893587691e-03  4.901696629089411e-03
1.810000000000001e+00  1.347521933231822e-02  8.618187730195152e-03  4.857031602123068e-03
1.820000000000001e+00  1.295417943633300e-02  8.154398940587735e-03  4.799780495745263e-03
1.830000000000001e+00  1.241616537494542e-02  7.685672124284794e-03  4.730493250660626e-03
1.840000000000001e+00  1.186346063782065e-02  7.213720569534320e-03  4.649740068286335e-03
1.850000000000001e+00  1.129830069090978e-02  6.740191670022845e-03  4.558109020886940e-03
1.860000000000001e+00  1.072286833148862e-02  6.266664656085419e-03  4.456203675403198e-03
1.870000000000001e+00  1.013928937267483e-02  5.794648634221522e-03  4.344640738453306e-03
1.880000000000001e+00  9.549628657730439e-03  5.325580928038306e-03  4.224047729692133e-03
1.890000000000001e+00  8.955886403504459e-03  4.860825713108158e-03  4.095060690396301e-03
1.900000000000001e+00  8.359994871453474e-03  4.401672937636387e-03  3.958321933817088e-03
1.910000000000001e+00  7.763815363794294e-03  3.949337520294832e-03  3.814477843499462e-03
1.920000000000001e+00  7.169135541494196e-03  3.504958816079966e-03  3.664176725414230e-03
1.930000000000001e+00  6.577667059993496e-03  3.069600340607282e-03  3.508066719386214e-03
1.940000000000001e+00  5.991043517782536e-03  2.644249742850383e-03  3.346793774932153e-03
1.950000000000001e+00  5.410818712221564e-03  2.229819015978705e-03  3.180999696242859e-03
1.960000000000001e+00  4.838465196299795e-03  1.827144935635859e-03  3.011320260663936e-03
1.970000000000001e+00  4.275373129378308e-03  1.436989714735865e-03  2.838383414642443e-03
1.980000000000001e+00  3.722849414352301e-03  1.060041863632394e-03  2.662807550719908e-03
1.990000000000001e+00  3.182117113100956e-03  6.969172443366325e-04  2.485199868764324e-03
2.000000000000001e+00  2.654315131569577e-03  3.481603073231417e-04  2.306154824246435e-03
2.010000000000001e+00  2.140498165347678e-03  1.424549936617376e-05  2.126252665981504e-03
2.020000000000001e+00  1.641636896168992e-03  -3.044211692073427e-04  1.946058065376335e-03
2.030000000000001e+00  1.158618429364448e-03  -6.075004094813135e-04  1.766118838845762e-03
2.040000000000001e+00  6.922469619484778e-04  -8.947178027442946e-04  1.586964764692772e-03
2.050000000000001e+00  2.432446707085149e-04  -1.165861824674764e-03  1.409106495383279e-03
2.060000000000001e+00  -1.877471905977635e-04  -1.420781756390811e-03  1.233034565793048e-03
2.070000000000001e+00  -6.001669960593991e-04  -1.659385493717852e-03  1.059218497658452e-03
2.080000000000001e+00  -9.935312657488823e-04  -1.881637265877455e-03  8.881060001285728e-04
2.090000000000001e+00  -1.367433008628731e-03  -2.087555274620377e-03  7.201222659916461e-04
2.100000000000001e+00  -1.721539901782868e-03  -2.277209264621040e-03  5.556693628381718e-04
2.110000000000001e+00  -2.055592317594058e-03  -2.450718035717207e-03  3.951257181231487e-04
2.120000000000001e+00  -2.369401210518880e-03  -2.608246907322925e-03  2.388456968040443e-04
2.130000000000001e+00  -2.662845875103934e-03  -2.750005145063995e-03  8.715926996006153e-05
2.140000000000001e+00  -2.935871586846761e-03  -2.876243359386540e-03  -5.962822746022160e-05
2.150000000000001e+00  -3.188487137428625e-03  -2.987250885571106e-03  -2.012362518575184e-04
2.160000000000001e+00  -3.420762275740406e-03  -3.083353154250919e-03  -3.374091214894872e-04
2.170000000000001e+00  -3.632825065983537e-03  -3.164909061182595e-03  -4.679160048009423e-04
2.180000000000001e+00  -3.824859173962024e-03  -3.232308344654634e-03  -5.925508293073904e-04
2.190000000000001e+00  -3.997101092485224e-03  -3.285968978543913e-03  -7.111321139413106e-04
2.200000000000001e+00  -4.149837316580812e-03  -3.326334588645497e-03  -8.235027279353147e-04
2.210000000000001e+00  -4.283401478970873e-03  -3.353871899506815e-03  -9.295295794640580e-04
2.220000000000001e+00  -4.398171455995190e-03  -3.369068218597529e-03  -1.029103237397661e-03
2.230000000000001e+00  -4.494566453875419e-03  -3.372428964239669e-03  -1.122137489635750e-03
2.240000000000001e+00  -4.573044084903977e-03  -3.364475243313505e-03  -1.208568841590472e-03
2.250000000000001e+00  -4.634097442812525e-03  -3.345741484342113e-03  -1.288355958470412e-03
2.260000000000001e+00  -4.678252186230893e-03  -3.316773131144889e-03  -1.361479055086005e-03
2.270000000000001e+00  -4.706063638787325e-03  -3.278124401837058e-03  -1.427939236950267e-03
2.280000000000001e+00  -4.718113914028008e-03  -3.230356117542219e-03  -1.487757796485789e-03
2.290000000000001e+00  -4.715009072950047e-03  -3.174033604776067e-03  -1.540975468173980e-03
2.300000000000001e+00  -4.697376321547260e-03  -3.109724675056361e-03  -1.587651646490899e-03
2.310000000000001e+00  -4.665861255365624e-03  -3.037997684895676e-03  -1.627863570469948e-03
2.320000000000001e+00  -4.621125157655928e-03  -2.959419678941201e-03  -1.661705478714727e-03
2.330000000000001e+00  -4.563842357296151e-03  -2.874554618641439e-03  -1.689287738654712e-03
2.340000000000001e+00  -4.494697652237589e-03  -2.783961698443382e-03  -1.710735953794207e-03
2.350000000000001e+00  -4.414383803807881e-03  -2.688193751156340e-03  -1.726190052651541e-03
2.360000000000001e+00  -4.323599106782043e-03  -2.587795743762208e-03  -1.735803363019835e-03
2.370000000000001e+00  -4.223045039711169e-03  -2.483303364604852e-03  -1.739741675106318e-03
2.380000000000001e+00  -4.113423999578886e-03  -2.375241702557272e-03  -1.738182297021613e-03
2.390000000000001e+00  -3.995437124438227e-03  -2.264124018442028e-03  -1.731313105996199e-03
2.400000000000001e+00  -3.869782207269956e-03  -2.150450608670453e-03  -1.719331598599504e-03
2.410000000000001e+00  -3.737151703895008e-03  -2.034707760769331e-03  -1.702443943125677e-03
2.420000000000001e+00  -3.598230837373553e-03  -1.917366800180325e-03  -1.680864037193227e-03
2.430000000000001e+00  -3.453695800929680e-03  -1.798883227447757e-03  -1.654812573481923e-03
2.440000000000001e+00  -3.304212061055362e-03  -1.679695944655436e-03  -1.624516116399926e-03
2.450000000000001e+00  -3.150432762072058e-03  -1.560226569732199e-03  -1.590206192339858e-03
2.460000000000001e+00  -2.992997233062835e-03  -1.440878837019900e-03  -1.552118396042934e-03
2.470000000000001e+00  -2.832529597733012e-03  -1.322038082286103e-03  -1.510491515446910e-03
2.480000000000001e+00  -2.669637487415288e-03  -1.204070810167560e-03  -1.465566677247727e-03
2.490000000000001e+00  -2.504910857103880e-03  -1.087324341848711e-03  -1.417586515255169e-03
2.500000000000001e+00  -2.338920904085576e-03  -9.721265406128889e-04  -1.366794363472687e-03
2.510000000000001e+00  -2.172219088431092e-03  -8.587856127522632e-04  -1.313433475678829e-03
2.520000000000001e+00  -2.005336254320140e-03  -7.475899811849675e-04  -1.257746273135172e-03
2.530000000000001e+00  -1.838781850897862e-03  -6.388082290054798e-04  -1.199973621892382e-03
2.540000000000001e+00  -1.673043251099356e-03  -5.326891100859048e-04  -1.140354141013451e-03
2.550000000000001e+00  -1.508585166632690e-03  -4.294616237515155e-04  -1.079123542881175e-03
2.560000000000001e+00  -1.345849157080174e-03  -3.293351504733837e-04  -1.016514006606790e-03
2.570000000000001e+00  -1.185253230862064e-03  -2.324996454539799e-04  -9.527535854080840e-04
2.580000000000001e+00  -1.027191535606676e-03  -1.391258869278435e-04  -8.880656486788325e-04
2.590000000000001e+00  -8.720341352868524e-04  -4.936577595806581e-05  -8.226683593287866e-04
2.600000000000001e+00  -7.201268713130574e-04  3.664731551916223e-05  -7.567741868322196e-04
2.610000000000001e+00  -5.717913046207187e-04  1.187981516666552e-04  -6.905894562873739e-04
2.620000000000001e+00  -4.273247356507445e-04  1.969891980049905e-04  -6.243139336557350e-04
2.630000000000001e+00  -2.870002989997995e-04  2.711401482222424e-04  -5.581404472220419e-04
2.640000000000001e+00  -1.510671294086998e-04  3.411874157828622e-04  -4.922545451915619e-04
2.650000000000001e+00  -1.975059566508919e-05  4.070835935575298e-04  -4.268341892226190e-04
2.660000000000001e+00  1.067474010824803e-04  4.687968846602334e-04  -3.620494835777531e-04
2.670000000000001e+00  2.282480681654151e-04  5.263105076338362e-04  -2.980624394684212e-04
2.680000000000001e+00  3.445953050076992e-04  5.796220790725187e-04  -2.350267740648196e-04
2.690000000000001e+00  4.556552331633764e-04  6.287429767079931e-04  -1.730877435446167e-04
2.700000000000001e+00  5.613156764556619e-04  6.736976859183494e-04  -1.123820094626874e-04
2.710000000000001e+00  6.614855949049290e-04  7.145231325424891e-04  -5.303753763756015e-05
2.720000000000001e+00  7.560944761312922e-04  7.512680048020586e-04  4.826471329233547e-06
2.730000000000001e+00  8.450916879042858e-04  7.839920670450755e-04  6.109962085921029e-05
2.740000000000001e+00  9.284457954873031e-04  8.127654679329148e-04  1.156803275543883e-04
2.750000000000001e+00  1.006143847389142e-03  8.376680455952012e-04  1.684758017939404e-04
2.760000000000001e+00  1.078190633089555e-03  8.587886321756355e-04  2.194020009139192e-04
2.770000000000001e+00  1.144607916249954e-03  8.762243600867266e-04  2.683835561632275e-04
2.780000000000001e+00  1.205433646856609e-03  8.900799721835032e-04  3.153536746731062e-04
2.790000000000001e+00  1.260721155670061e-03  9.004671379551053e-04  3.602540177149562e-04
2.800000000000001e+00  1.310538334274050e-03  9.075037777206348e-04  4.030345565534155e-04
2.810000000000001e+00  1.354966803928495e-03  9.113133967008265e-04  4.436534072276681e-04
2.820000000000001e+00  1.394101076336147e-03  9.120244307213439e-04  4.820766456148032e-04
2.830000000000001e+00  1.428047709330921e-03  9.097696051871393e-04  5.182781041437815e-04
2.840000000000001e+00  1.456924460388964e-03  9.046853088500518e-04  5.522391515389124e-04
2.850000000000001e+00  1.480859440751157e-03  8.969109837753782e-04  5.839484569757787e-04
2.860000000000001e+00  1.499990272829228e-03  8.865885327965239e-04  6.134017400327044e-04
2.870000000000001e+00  1.514463253446804e-03  8.738617456312820e-04  6.406015078155224e-04
2.880000000000001e+00  1.524432525342822e-03  8.588757447190688e-04  6.655567806237530e-04
2.890000000000001e+00  1.530059259237600e-03  8.417764517254277e-04  6.882828075121718e-04
2.900000000000001e+00  1.531510848632718e-03  8.227100755490698e-04  7.088007730836486e-04
2.910000000000001e+00  1.528960119384767e-03  8.018226225580115e-04  7.271374968267557e-04
2.920000000000001e+00  1.522584555960501e-03  7.792594296744020e-04  7.433251262860987e-04
2.930000000000001e+00  1.512565546147842e-03  7.551647208243111e-04  7.574008253235307e-04
2.940000000000001e+00  1.499087645863543e-03  7.296811871672193e-04  7.694064586963242e-04
2.950000000000001e+00  1.482337865564812e-03  7.029495914223796e-04  7.793882741424325e-04
2.960000000000001e+00  1.462504979639321e-03  6.751083965144797e-04  7.873965831248413e-04
2.970000000000001e+00  1.439778860016000e-03  6.462934186698288e-04  7.934854413461711e-04
2.980000000000001e+00  1.414349835108437e-03  6.166375050069253e-04  7.977123301015116e-04
2.990000000000001e+00  1.386408075073745e-03  5.862702355811901e-04  8.001378394925548e-04
3.000000000000001e+00  1.356143004242994e-03  5.553176497640683e-04  8.008253544789258e-04
3.010000000000001e+00  1.323742741454887e-03  5.239019967604606e-04  7.998407446944259e-04
3.020000000000001e+00  1.289393568902762e-03  4.921415099967411e-04  7.972520589060213e-04
3.030000000000001e+00  1.253279429986323e-03  4.601502050437768e-04  7.931292249425460e-04
3.040000000000001e+00  1.215581456544159e-03  4.280377006757001e-04  7.875437558684586e-04
3.050000000000001e+00  1.176477525731442e-03  3.959090626058405e-04  7.805684631256016e-04
3.060000000000001e+00  1.136141846699044e-03  3.638646693859461e-04  7.722771773130977e-04
3.070000000000001e+00  1.094744577126400e-03  3.320000999038559e-04  7.627444772225437e-04
3.080000000000001e+00  1.052451469560513e-03  3.004060418679341e-04  7.520454276925791e-04
3.090000000000001e+00  1.009423547417996e-03  2.691682206239343e-04  7.402553267940614e-04
3.100000000000001e+00  9.658168104158954e-04  2.383673476114945e-04  7.274494628044009e-04
3.110000000000001e+00  9.217819691106903e-04  2.080790877329269e-04  7.137028813777635e-04
3.120000000000001e+00  8.774642081427990e-04  1.783740448766113e-04  6.990901632661878e-04
3.130000000000001e+00  8.330029777072093e-04  1.493177648107268e-04  6.836852128964824e-04
3.140000000000001e+00  7.885318126982693e-04  1.209707546404751e-04  6.675610580577942e-04
3.150000000000001e+00  7.441781789097192e-04  9.338851800297018e-05  6.507896609067491e-04
3.160000000000001e+00  7.000633456080134e-04  6.662160515872115e-05  6.334417404492922e-04
3.170000000000001e+00  6.563022837401906e-04  4.071567712709890e-05  6.155866066130917e-04
3.180000000000001e+00  6.130035889840071e-04  1.571158300450513e-05  5.972920059795020e-04
3.190000000000001e+00  5.702694288009895e-04  -8.354550400531523e-06  5.786239792015210e-04
3.200000000000001e+00  5.281955126094456e-04  -3.145121748345240e-05  5.596467300928980e-04
3.210000000000001e+00  4.868710841567731e-04  -5.355142217742243e-05  5.404225063341955e-04
3.220000000000001e+00  4.463789351362903e-04  -7.463255656748017e-05  5.210114917037704e-04
3.230000000000001e+00  4.067954390654888e-04  -9.467627064070897e-05  5.014717097061978e-04
3.240000000000001e+00  3.681906044175684e-04  -1.136683340188579e-04  4.818589384364263e-04
3.250000000000001e+00  3.306281459786038e-04  -1.315984905077535e-04  4.622266364863573e-04
3.260000000000001e+00  2.941655733866380e-04  -1.484603062838080e-04  4.426258796704460e-04
3.270000000000001e+00  2.588542957975194e-04  -1.642510125215540e-04  4.231053083190734e-04
3.280000000000001e+00  2.247397416149214e-04  -1.789713432478010e-04  4.037110848627224e-04
3.290000000000001e+00  1.918614922179444e-04  -1.926253691878927e-04  3.844868614058371e-04
3.300000000000001e+00  1.602534286202434e-04  -2.052203283476864e-04  3.654737569679297e-04
3.310000000000001e+00  1.299438899978852e-04  -2.167664540514435e-04  3.467103440493287e-04
3.320000000000001e+00  1.009558430303948e-04  -2.272768011312412e-04  3.282326441616359e-04
3.330000000000001e+00  7.330706100968176e-05  -2.367670709372343e-04  3.100741319469161e-04
3.340000000000001e+00  4.701031168500626e-05  -2.452554358112725e-04  2.922657474962787e-04
3.350000000000001e+00  2.207355282822857e-05  -2.527623636382192e-04  2.748359164664477e-04
3.360000000000001e+00  -1.499865477244719e-06  -2.593104430604645e-04  2.578105775832197e-04
3.370000000000001e+00  -2.371099279898399e-05  -2.649242099116826e-04  2.412132171126987e-04
3.380000000000001e+00  -4.456506552079854e-05  -2.696299753957801e-04  2.250649098749815e-04
3.390000000000001e+00  -6.407129013592407e-05  -2.734556565065322e-04  2.093843663706081e-04
3.400000000000001e+00  -8.224262356530494e-05  -2.764306091526833e-04  1.941879855873784e-04
3.410000000000001e+00  -9.909555136830617e-05  -2.785854644223497e-04  1.794899130540435e-04
3.420000000000001e+00  -1.146498646815397e-04  -2.799519683895860e-04  1.653021037080463e-04
3.430000000000001e+00  -1.289284366888088e-04  -2.805628258351482e-04  1.516343891463394e-04
3.440000000000001e+00  -1.419569993906551e-04  -2.804515482226062e-04  1.384945488319511e-04
3.450000000000001e+00  -1.537639214068303e-04  -2.796523062406319e-04  1.258883848338016e-04
3.460000000000001e+00  -1.643799875086329e-04  -2.781997871919980e-04  1.138197996833651e-04
3.470000000000001e+00  -1.738381805410446e-04  -2.761290574803000e-04  1.022908769392554e-04
3.480000000000001e+00  -1.821734663568507e-04  -2.734754304160717e-04  9.130196405922100e-05
3.490000000000001e+00  -1.894225823468649e-04  -2.702743395355549e-04  8.085175718868998e-05
3.500000000000001e+00  -1.956238301117941e-04  -2.665612175973904e-04  7.093738748559629e-05
3.510000000000001e+00  -2.008168727827954e-04  -2.623713813953704e-04  6.155450861257498e-05
3.520000000000001e+00  -2.050425374590258e-04  -2.577399224990450e-04  5.269738504001922e-05
3.530000000000001e+00  -2.083426231919670e-04  -2.527016040084150e-04  4.435898081644795e-05
3.540000000000001e+00  -2.107597149080257e-04  -2.472907633844180e-04  3.653104847639235e-05
3.550000000000001e+00  -2.123370036228878e-04  -2.415412213931011e-04  2.920421777021325e-05
3.560000000000001e+00  -2.131181132636877e-04  -2.354861971788526e-04  2.236808391516495e-05
3.570000000000001e+00  -2.131469343781470e-04  -2.291582294602705e-04  1.601129508212355e-05
3.580000000000001e+00  -2.124674649735363e-04  -2.225891038215838e-04  1.012163884804755e-05
3.590000000000001e+00  -2.111236586929719e-04  -2.158097860531199e-04  4.686127360147983e-06
3.600000000000001e+00  -2.091592805019303e-04  -2.088503614756326e-04  -3.089190262976879e-07
3.610000000000001e+00  -2.066177700242043e-04  -2.017399801660511e-04  -4.877789858153113e-06
3.620000000000001e+00  -2.035421126339758e-04  -1.945068079858188e-04  -9.035304648156973e-06
3.630000000000001e+00  -1.999747183791410e-04  -1.871779832978802e-04  -1.279673508126076e-05
3.640000000000001e+00  -1.959573087805788e-04  -1.797795792442525e-04  -1.617772953632626e-05
3.650000000000001e+00  -1.915308115230384e-04  -1.723365714431474e-04  -1.919424007989105e-05
3.660000000000001e+00  -1.867352630252668e-04  -1.648728109527845e-04  -2.186245207248227e-05
3.670000000000001e+00  -1.816097188504884e-04  -1.574110023382253e-04  -2.419871651226311e-05
3.680000000000001e+00  -1.761921718929956e-04  -1.499726866678543e-04  -2.621948522514130e-05
3.690000000000001e+00  -1.705194782527476e-04  -1.425782292575112e-04  -2.794124899523637e-05
3.700000000000001e+00  -1.646272906872834e-04  -1.352468119726580e-04  -2.938047871462539e-05
3.710000000000001e+00  -1.585499995091638e-04  -1.279964298923830e-04  -3.055356961678080e-05
3.720000000000001e+00  -1.523206807774380e-04  -1.208438921335310e-04  -3.147678864390700e-05
3.730000000000001e+00  -1.459710516132428e-04  -1.138048266284186e-04  -3.216622498482427e-05
3.740000000000001e+00  -1.395314324528613e-04  -1.068936886461870e-04  -3.263774380667434e-05
3.750000000000001e+00  -1.330307160360889e-04  -1.001237728448284e-04  -3.290694319126054e-05
3.760000000000001e+00  -1.264963429135861e-04  -9.350722863915685e-05  -3.298911427442929e-05
3.770000000000001e+00  -1.199542832443996e-04  -8.705507866886557e-05  -3.289920457553400e-05
3.780000000000001e+00  -1.134290246433758e-04  -8.077724015055121e-05  -3.265178449282455e-05
3.790000000000001e+00  -1.069435658283898e-04  -7.468254889811752e-05  -3.226101693027230e-05
3.800000000000001e+00  -1.005194158086245e-04  -6.877878579717414e-05  -3.174063001145036e-05
3.810000000000001e+00  -9.417659834787171e-05  -6.307270552098622e-05  -3.110389282688549e-05
3.820000000000001e+00  -8.793366143073596e-05  -5.757006727807206e-05  -3.036359415266390e-05
3.830000000000001e+00  -8.180769145492934e-05  -5.227566738478387e-05  -2.953202407014547e-05
3.840000000000001e+00  -7.581433186906840e-05  -4.719337345990347e-05  -2.862095840916493e-05
3.850000000000001e+00  -6.996780597307535e-05  -4.232616004260588e-05  -2.764164593046947e-05
3.860000000000001e+00  -6.428094359689078e-05  -3.767614543992045e-05  -2.660479815697033e-05
3.870000000000001e+00  -5.876521137282961e-05  -3.324462961497596e-05  -2.552058175785365e-05
3.880000000000001e+00  -5.343074631783933e-05  -2.903213293310663e-05  -2.439861338473270e-05
3.890000000000001e+00  -4.828639244345249e-05  -2.503843558871436e-05  -2.324795685473813e-05
3.900000000000001e+00  -4.333974011391322e-05  -2.126261754225543e-05  -2.207712257165779e-05
3.910000000000001e+00  -3.859716787651029e-05  -1.770309880329931e-05  -2.089406907321098e-05
3.920000000000001e+00  -3.406388649237810e-05  -1.435767990250550e-05  -1.970620658987261e-05
3.930000000000001e+00  -2.974398490115267e-05  -1.122358240246106e-05  -1.852040249869161e-05
3.940000000000001e+00  -2.564047785867777e-05  -8.297489304628889e-06  -1.734298855404888e-05
3.950000000000001e+00  -2.175535499336377e-05  -5.575585217051360e-06  -1.617976977631241e-05
3.960000000000001e+00  -1.808963103396255e-05  -3.053596155124505e-06  -1.503603487883805e-05
3.970000000000001e+00  -1.464339696897310e-05  -7.268288551759064e-07  -1.391656811379719e-05
3.980000000000001e+00  -1.141587190625837e-05  1.409790511492231e-06  -1.282566241775061e-05
3.990000000000001e+00  -8.405455409756050e-06  3.361678328872779e-06  -1.176713373862883e-05
4.000000000000001e+00  -5.609780099383179e-06  5.134556327927146e-06  -1.074433642731032e-05
