1.000000000000000e-15  1.000161743951193e+00  1.000177603914097e+00  -1.585996290365266e-05
1.000000000000100e-02  9.998403831458509e-01  9.998298649126999e-01  1.051823315101341e-05
2.000000000000100e-02  9.988767733463455e-01  9.987872174799665e-01  8.955586637904300e-05
3.000000000000100e-02  9.972723314379134e-01  9.970513689942914e-01  2.209624436220192e-04
4.000000000000100e-02  9.950294156840168e-01  9.946251606369713e-01  4.042550470455542e-04
5.000000000000100e-02  9.921513209169041e-01  9.915125607322092e-01  6.387601846948865e-04
6.000000000000100e-02  9.886422718212687e-01  9.877186554510924e-01  9.236163701763500e-04
7.000000000000101e-02  9.845074143278775e-01  9.832496369074332e-01  1.257777420444306e-03
8.000000000000100e-02  9.797528051387152e-01  9.781127886811036e-01  1.640016457611582e-03
9.000000000000100e-02  9.743853994098507e-01  9.723164688121712e-01  2.068930597679541e-03
1.000000000000010e-01  9.684130366228459e-01  9.658700903166477e-01  2.542946306198224e-03
1.100000000000010e-01  9.618444246800034e-01  9.587840992819038e-01  3.060325398099639e-03
1.200000000000010e-01  9.546891222631596e-01  9.510699506069705e-01  3.619171656189080e-03
1.300000000000010e-01  9.469575194999554e-01  9.427400814597673e-01  4.217438040188148e-03
1.400000000000010e-01  9.386608169857323e-01  9.338078825298465e-01  4.852934455885860e-03
1.500000000000010e-01  9.298110032131396e-01  9.242876671615951e-01  5.523336051544536e-03
1.600000000000010e-01  9.204208304654470e-01  9.141946384588308e-01  6.226192006616227e-03
1.700000000000010e-01  9.105037892332091e-01  9.035448544572902e-01  6.958934775918912e-03
1.800000000000010e-01  9.000740812174741e-01  8.923551914669710e-01  7.718889750503166e-03
1.900000000000010e-01  8.891465909860161e-01  8.806433056910898e-01  8.503285294926277e-03
2.000000000000010e-01  8.777368563522964e-01  8.684275932330774e-01  9.309263119218980e-03
2.100000000000010e-01  8.658610375497120e-01  8.557271486071309e-01  1.013388894258105e-02
2.200000000000010e-01  8.535358852764647e-01  8.425617218716435e-01  1.097416340482127e-02
2.300000000000010e-01  8.407787076889092e-01  8.289516745081437e-01  1.182703318076550e-02
2.400000000000010e-01  8.276073364235139e-01  8.149179341712792e-01  1.268940225223469e-02
2.500000000000010e-01  8.140400917296486e-01  8.004819484378555e-01  1.355814329179317e-02
2.600000000000010e-01  8.000957467972037e-01  7.856656376849707e-01  1.443010911223308e-02
2.700000000000010e-01  7.857934913647359e-01  7.704913472288395e-01  1.530214413589637e-02
2.800000000000010e-01  7.711528946950804e-01  7.549817988570976e-01  1.617109583798282e-02
2.900000000000010e-01  7.561938680065479e-01  7.391600418879747e-01  1.703382611857318e-02
3.000000000000010e-01  7.409366264486705e-01  7.230494038900351e-01  1.788722255863540e-02
3.100000000000010e-01  7.254016507121089e-01  7.066734411959869e-01  1.872820951612209e-02
3.200000000000010e-01  7.096096483626188e-01  6.900558893433435e-01  1.955375901927525e-02
3.300000000000010e-01  6.935815149892273e-01  6.732206135737860e-01  2.036090141544122e-02
3.400000000000010e-01  6.773382952565362e-01  6.561915595214608e-01  2.114673573507542e-02
3.500000000000010e-01  6.609011439507702e-01  6.389927042186574e-01  2.190843973211276e-02
3.600000000000010e-01  6.442912871085535e-01  6.216480075449344e-01  2.264327956361911e-02
3.700000000000010e-01  6.275299833165925e-01  6.041813642431682e-01  2.334861907342434e-02
3.800000000000010e-01  6.106384852693044e-01  5.866165566228693e-01  2.402192864643515e-02
3.900000000000010e-01  5.936380016701910e-01  5.689772080677665e-01  2.466079360242446e-02
4.000000000000010e-01  5.765496595612079e-01  5.512867374609202e-01  2.526292210028769e-02
4.100000000000010e-01  5.593944671626102e-01  5.335683146364870e-01  2.582615252612319e-02
4.200000000000010e-01  5.421932773038506e-01  5.158448169630603e-01  2.634846034079030e-02
4.300000000000010e-01  5.249667515239115e-01  4.981387871586492e-01  2.682796436526230e-02
4.400000000000010e-01  5.077353249171129e-01  4.804723924326840e-01  2.726293248442896e-02
4.500000000000010e-01  4.905191717979261e-01  4.628673850451271e-01  2.765178675279900e-02
4.600000000000010e-01  4.733381722555683e-01  4.453450643675010e-01  2.799310788806725e-02
4.700000000000010e-01  4.562118796663027e-01  4.279262405250562e-01  2.828563914124643e-02
4.800000000000010e-01  4.391594892283307e-01  4.106311996935946e-01  2.852828953473607e-02
4.900000000000010e-01  4.221998075809530e-01  3.934796711185799e-01  2.872013646237309e-02
5.000000000000010e-01  4.053512235663981e-01  3.764907959181746e-01  2.886042764822355e-02
5.100000000000010e-01  3.886316801892089e-01  3.596830977257352e-01  2.894858246347370e-02
5.200000000000010e-01  3.720586478245863e-01  3.430744552211123e-01  2.898419260347401e-02
5.300000000000010e-01  3.556490987233692e-01  3.266820765938750e-01  2.896702212949415e-02
5.400000000000010e-01  3.394194828575980e-01  3.105224759752829e-01  2.889700688231511e-02
5.500000000000010e-01  3.233857051467843e-01  2.946114518695670e-01  2.877425327721733e-02
5.600000000000011e-01  3.075631041010815e-01  2.789640676087800e-01  2.859903649230150e-02
5.700000000000011e-01  2.919664319136204e-01  2.635946338492552e-01  2.837179806436524e-02
5.800000000000010e-01  2.766098360302622e-01  2.485166931214985e-01  2.809314290876366e-02
5.900000000000010e-01  2.615068422209822e-01  2.337430064392272e-01  2.776383578175506e-02
6.000000000000010e-01  2.466703391730781e-01  2.192855419672501e-01  2.738479720582804e-02
6.100000000000010e-01  2.321125646222944e-01  2.051554657419463e-01  2.695709888034806e-02
6.200000000000010e-01  2.178450930339536e-01  1.913631344323292e-01  2.648195860162442e-02
6.300000000000010e-01  2.038788248421068e-01  1.779180901240304e-01  2.596073471807644e-02
6.400000000000010e-01  1.902239772507385e-01  1.648290571030645e-01  2.539492014767400e-02
6.500000000000010e-01  1.768900765970715e-01  1.521039406109294e-01  2.478613598614210e-02
6.600000000000010e-01  1.638859522731200e-01  1.397498275374893e-01  2.413612473563065e-02
6.700000000000010e-01  1.512197321977627e-01  1.277729890131822e-01  2.344674318458045e-02
6.800000000000010e-01  1.388988398278365e-01  1.161788848574048e-01  2.271995497043167e-02
6.900000000000011e-01  1.269299926930361e-01  1.049721698354726e-01  2.195782285756345e-02
7.000000000000011e-01  1.153192024357998e-01  9.415670167232505e-02  2.116250076347470e-02
7.100000000000010e-01  1.040717763338433e-01  8.373555076718298e-02  2.033622556666036e-02
7.200000000000010e-01  9.319232027959173e-02  7.371101154963415e-02  1.948130872995758e-02
7.300000000000010e-01  8.268474318748992e-02  6.408461541418191e-02  1.860012777330801e-02
7.400000000000010e-01  7.255226279698369e-02  5.485714516708901e-02  1.769511762989468e-02
7.500000000000010e-01  6.279741283595391e-02  4.602865091644185e-02  1.676876191951206e-02
7.600000000000010e-01  5.342205150647946e-02  3.759846733371594e-02  1.582358417276352e-02
7.700000000000010e-01  4.442737125206658e-02  2.956523221276018e-02  1.486213903930640e-02
7.800000000000010e-01  3.581390976287698e-02  2.192690625003444e-02  1.388700351284254e-02
7.900000000000010e-01  2.758156217305794e-02  1.468079396812992e-02  1.290076820492802e-02
8.000000000000010e-01  1.972959440198855e-02  7.823565703077951e-03  1.190602869891060e-02
8.100000000000011e-01  1.225665758914649e-02  1.351280574702804e-03  1.090537701444368e-02
8.200000000000011e-01  5.160803570356998e-03  -4.740589641699215e-03  9.901393212056214e-03
8.300000000000011e-01  -1.560498658595598e-03  -1.045713582477117e-02  8.896637166175569e-03
8.400000000000010e-01  -7.910345546607640e-03  -1.580398608045512e-02  7.893640533847484e-03
8.500000000000010e-01  -1.389238071718881e-02  -2.078727966232518e-02  6.894898945136367e-03
8.600000000000010e-01  -1.951077588197533e-02  -2.541364032184112e-02  5.902864439865787e-03
8.700000000000010e-01  -2.477021099718323e-02  -2.969014917113585e-02  4.919938173952618e-03
8.800000000000010e-01  -2.967585372325163e-02  -3.362431714037615e-02  3.948463417124518e-03
8.900000000000010e-01  -3.423333824864104e-02  -3.722405711092962e-02  2.990718862288577e-03
9.000000000000010e-01  -3.844874353929131e-02  -4.049765580453570e-02  2.048912265244382e-03
9.100000000000010e-01  -4.232857107560431e-02  -4.345374550742925e-02  1.125174431824937e-03
9.200000000000010e-01  -4.587972213900875e-02  -4.610127570690916e-02  2.215535679004066e-04
9.300000000000010e-01  -4.910947471018130e-02  -4.844948471618906e-02  -6.599899939922355e-04
9.400000000000011e-01  -5.202546004085143e-02  -5.050787136152766e-02  -1.517588679323764e-03
9.500000000000011e-01  -5.463563896080158e-02  -5.228616680362014e-02  -2.349472157181447e-03
9.600000000000010e-01  -5.694827798120336e-02  -5.379430656304958e-02  -3.153971418153781e-03
9.700000000000010e-01  -5.897192525479428e-02  -5.504240281726573e-02  -3.929522437528546e-03
9.800000000000010e-01  -6.071538645262295e-02  -5.604071703407676e-02  -4.674669418546190e-03
9.900000000000010e-01  -6.218770061615645e-02  -5.679963300403864e-02  -5.388067612117811e-03
1.000000000000001e+00  -6.339811604247346e-02  -5.732963033139550e-02  -6.068485711077959e-03
1.010000000000001e+00  -6.435606625905982e-02  -5.764125844039476e-02  -6.714807818665056e-03
1.020000000000001e+00  -6.507114614338340e-02  -5.774511115087309e-02  -7.326034992510312e-03
1.030000000000001e+00  -6.555308824096755e-02  -5.765180187399506e-02  -7.901286366972488e-03
1.040000000000001e+00  -6.581173933409740e-02  -5.737193947594931e-02  -8.439799858148085e-03
1.050000000000001e+00  -6.585703731161245e-02  -5.691610485425907e-02  -8.940932457353383e-03
1.060000000000001e+00  -6.569898838843491e-02  -5.629482826817645e-02  -9.404160120258458e-03
1.070000000000001e+00  -6.534764472160418e-02  -5.551856746140228e-02  -9.829077260201900e-03
1.080000000000001e+00  -6.481308246760113e-02  -5.459768661211711e-02  -1.021539585548403e-02
1.090000000000001e+00  -6.410538032368700e-02  -5.354243614204433e-02  -1.056294418164266e-02
1.100000000000001e+00  -6.323459859384953e-02  -5.236293341298887e-02  -1.087166518086066e-02
1.110000000000001e+00  -6.221075881773953e-02  -5.106914433603217e-02  -1.114161448170736e-02
1.120000000000001e+00  -6.104382399872589e-02  -4.967086591531177e-02  -1.137295808341412e-02
1.130000000000001e+00  -5.974367946488178e-02  -4.817770974508458e-02  -1.156596971979720e-02
1.140000000000001e+00  -5.832011439435551e-02  -4.659908647559227e-02  -1.172102791876323e-02
1.150000000000001e+00  -5.678280403418717e-02  -4.494419126008904e-02  -1.183861277409813e-02
1.160000000000001e+00  -5.514129263921309e-02  -4.322199019230758e-02  -1.191930244690551e-02
1.170000000000001e+00  -5.340497715524985e-02  -4.144120774059860e-02  -1.196376941465124e-02
1.180000000000001e+00  -5.158309166830050e-02  -3.961031518201993e-02  -1.197277648628056e-02
1.190000000000001e+00  -4.968469263905301e-02  -3.773752003675582e-02  -1.194717260229720e-02
1.200000000000001e+00  -4.771864493948704e-02  -3.583075650044097e-02  -1.188788843904607e-02
1.210000000000001e+00  -4.569360870594263e-02  -3.389767686924781e-02  -1.179593183669483e-02
1.220000000000001e+00  -4.361802702056709e-02  -3.194564394996203e-02  -1.167238307060506e-02
1.230000000000001e+00  -4.150011443063797e-02  -2.998172444475373e-02  -1.151838998588425e-02
1.240000000000001e+00  -3.934784631286525e-02  -2.801268329792555e-02  -1.133516301493969e-02
1.250000000000001e+00  -3.716894908742242e-02  -2.604497898960669e-02  -1.112397009781573e-02
1.260000000000001e+00  -3.497089128413484e-02  -2.408475975916257e-02  -1.088613152497226e-02
1.270000000000001e+00  -3.276087546098589e-02  -2.213786073900585e-02  -1.062301472198004e-02
1.280000000000001e+00  -3.054583097287861e-02  -2.020980197752885e-02  -1.033602899534976e-02
1.290000000000001e+00  -2.833240758642943e-02  -1.830578732803359e-02  -1.002662025839583e-02
1.300000000000001e+00  -2.612696993446390e-02  -1.643070417881800e-02  -9.696265755645892e-03
1.310000000000001e+00  -2.393559280185763e-02  -1.458912399797763e-02  -9.346468803880001e-03
1.320000000000001e+00  -2.176405723238874e-02  -1.278530366501905e-02  -8.978753567369690e-03
1.330000000000001e+00  -1.961784744438807e-02  -1.102318756003369e-02  -8.594659884354382e-03
1.340000000000001e+00  -1.750214854115452e-02  -9.306410379970320e-03  -8.195738161184199e-03
1.350000000000001e+00  -1.542184500037579e-02  -7.638300650454618e-03  -7.783544349921168e-03
1.360000000000001e+00  -1.338151992514785e-02  -6.021884900643700e-03  -7.359635024504148e-03
1.370000000000001e+00  -1.138545503762923e-02  -4.459892467766716e-03  -6.925562569862515e-03
1.380000000000001e+00  -9.437631394898000e-03  -2.954760897292847e-03  -6.482870497605153e-03
1.390000000000001e+00  -7.541730805204908e-03  -1.508641904076631e-03  -6.033088901128277e-03
1.400000000000001e+00  -5.701137921532056e-03  -1.234078593639459e-04  -5.577730062168110e-03
1.410000000000001e+00  -3.918942988183877e-03  1.199341231809676e-03  -5.118284219993553e-03
1.420000000000001e+00  -2.197945215044337e-03  2.458270298531239e-03  -4.656215513575575e-03
1.430000000000001e+00  -5.406567531449825e-04  3.652301353056987e-03  -4.192958106201969e-03
1.440000000000001e+00  1.050692755707675e-03  4.780605256831730e-03  -3.729912501124055e-03
1.450000000000001e+00  2.574151083291778e-03  5.842593139224311e-03  -3.268442055932533e-03
1.460000000000001e+00  4.028037802060808e-03  6.837907504526597e-03  -2.809869702465788e-03
1.470000000000001e+00  5.410938184310579e-03  7.766413062469663e-03  -2.355474878159084e-03
1.480000000000001e+00  6.721696643269495e-03  8.628187317120390e-03  -1.906490673850895e-03
1.490000000000001e+00  7.959409746367618e-03  9.423510948543431e-03  -1.464101202175813e-03
1.500000000000001e+00  9.123418831251258e-03  1.015285802104646e-02  -1.029439189795204e-03
1.510000000000001e+00  1.021330225532874e-02  1.081688605118057e-02  -6.035837958518284e-04
1.520000000000001e+00  1.122886730976106e-02  1.141642596794354e-02  -1.875586581824747e-04
1.530000000000001e+00  1.217014182884766e-02  1.195247199683651e-02  2.176698320111546e-04
1.540000000000001e+00  1.303736552570795e-02  1.242617149856220e-02  6.111940271457516e-04
1.550000000000001e+00  1.383098108502421e-02  1.283881479222592e-02  9.921662927982831e-04
1.560000000000001e+00  1.455162504339359e-02  1.319182499191623e-02  1.359800051477362e-03
1.570000000000001e+00  1.520011848753930e-02  1.348674788450665e-02  1.713370603032650e-03
1.580000000000001e+00  1.577745760025691e-02  1.372524187543360e-02  2.052215724823316e-03
1.590000000000001e+00  1.628480408352426e-02  1.390906802807944e-02  2.375736055444817e-03
1.600000000000001e+00  1.672347548768312e-02  1.404008022122311e-02  2.683395266460005e-03
1.610000000000001e+00  1.709493547501772e-02  1.412021544782122e-02  2.974720027196499e-03
1.620000000000001e+00  1.740078404540294e-02  1.415148427715738e-02  3.249299768245555e-03
1.630000000000001e+00  1.764274775098884e-02  1.413596150114216e-02  3.506786249846686e-03
1.640000000000001e+00  1.782266992611949e-02  1.407577698428032e-02  3.746892941839173e-03
1.650000000000001e+00  1.794250095786845e-02  1.397310673553339e-02  3.969394222335065e-03
1.660000000000001e+00  1.800428862170449e-02  1.383016421901222e-02  4.174124402692277e-03
1.670000000000001e+00  1.801016850589014e-02  1.364919191913248e-02  4.360976586757661e-03
1.680000000000001e+00  1.796235454726258e-02  1.343245317456441e-02  4.529901372698174e-03
1.690000000000001e+00  1.786312970005684e-02  1.318222429400619e-02  4.680905406050644e-03
1.700000000000001e+00  1.771483675840747e-02  1.290078696551843e-02  4.814049792889040e-03
1.710000000000001e+00  1.751986935211386e-02  1.259042096987177e-02  4.929448382242088e-03
1.720000000000001e+00  1.728066313417565e-02  1.225339720709087e-02  5.027265927084789e-03
1.730000000000001e+00  1.699968717750703e-02  1.189197104412416e-02  5.107716133382866e-03
1.740000000000001e+00  1.667943559712144e-02  1.150837599033693e-02  5.171059606784510e-03
1.750000000000001e+00  1.632241941294849e-02  1.110481770631591e-02  5.217601706632574e-03
1.760000000000001e+00  1.593115866730485e-02  1.068346835029118e-02  5.247690317013670e-03
1.770000000000001e+00  1.550817480989389e-02  1.024646126532795e-02  5.261713544565942e-03
1.780000000000001e+00  1.505598336206026e-02  9.795886009318543e-03  5.260097352741713e-03
1.790000000000001e+00  1.457708687087597e-02  9.333783728718100e-03  5.243303142157872e-03
1.800000000000001e+00  1.407396816249164e-02  8.862142875915404e-03  5.211825286576238e-03
1.810000000000001e+00  1.354908390304732e-02  8.382895269117589e-03  5.166188633929729e-03
1.820000000000001e+00  1.300485847431283e-02  7.897912492653784e-03  5.106945981659047e-03
1.830000000000001e+00  1.244367817011321e-02  7.409002634671896e-03  5.034675535441317e-03
1.840000000000001e+00  1.186788571849843e-02  6.917907358313387e-03  4.949978360185047e-03
1.850000000000001e+00  1.127977513353982e-02  6.426299301607315e-03  4.853475831932503e-03
1.860000000000001e+00  1.068158689958031e-02  5.935779800525308e-03  4.745807099055005e-03
1.870000000000001e+00  1.007550348973375e-02  5.447876928887032e-03  4.627626560846719e-03
1.880000000000001e+00  9.463645219425415e-03  4.964043848098694e-03  4.499601371326721e-03
1.890000000000001e+00  8.848066434790207e-03  4.485657459049652e-03  4.362408975740555e-03
1.900000000000001e+00  8.230752034800818e-03  4.014017347880420e-03  4.216734686920398e-03
1.910000000000001e+00  7.613614325086956e-03  3.550345016772889e-03  4.063269308314067e-03
1.920000000000001e+00  6.998490200529781e-03  3.095783390398180e-03  3.902706810131601e-03
1.930000000000001e+00  6.387138652875899e-03  2.651396588190469e-03  3.735742064685430e-03
1.940000000000001e+00  5.781238598811647e-03  2.218169952195227e-03  3.563068646616421e-03
1.950000000000001e+00  5.182387023175306e-03  1.797010319867975e-03  3.385376703307331e-03
1.960000000000001e+00  4.592097431259996e-03  1.388746530873054e-03  3.203350900386943e-03
1.970000000000001e+00  4.011798603478159e-03  9.941301566521654e-04  3.017668446825993e-03
1.980000000000001e+00  3.442833645016144e-03  6.138364412970028e-04  2.828997203719142e-03
1.990000000000001e+00  2.886459322509512e-03  2.484654420694906e-04  2.637993880440022e-03
2.000000000000001e+00  2.343845679212629e-03  -1.014566422348300e-04  2.445302321447459e-03
2.010000000000001e+00  1.816075919624253e-03  -4.354759669908370e-04  2.251551886615090e-03
2.020000000000001e+00  1.304146554060732e-03  -7.532093734900530e-04  2.057355927550785e-03
2.030000000000001e+00  8.089677932421152e-04  -1.054342568730976e-03  1.863310361973092e-03
2.040000000000001e+00  3.313641825748253e-04  -1.338628165241157e-03  1.669992347815982e-03
2.050000000000001e+00  -1.279245345263328e-04  -1.605883592871171e-03  1.477959058344838e-03
2.060000000000001e+00  -5.682423352297732e-04  -1.855988894415261e-03  1.287746559185488e-03
2.070000000000001e+00  -9.890156290002958e-04  -2.088884416796324e-03  1.099868787796028e-03
2.080000000000001e+00  -1.389751773854628e-03  -2.304568409403269e-03  9.148166355486410e-04
2.090000000000001e+00  -1.770037408751104e-03  -2.503094540988283e-03  7.330571322371783e-04
2.100000000000001e+00  -2.129536613837791e-03  -2.684569346324076e-03  5.550327324862852e-04
2.110000000000001e+00  -2.467988910374208e-03  -2.849149613585294e-03  3.811607032110859e-04
2.120000000000001e+00  -2.785207112196872e-03  -2.997039723158337e-03  2.118326109614645e-04
2.130000000000001e+00  -3.081075040614100e-03  -3.128488948300342e-03  4.741390768624176e-05
2.140000000000001e+00  -3.355545114597323e-03  -3.243788727763338e-03  -1.117563868339843e-04
2.150000000000001e+00  -3.608635828080240e-03  -3.343269920174636e-03  -2.653659079056036e-04
2.160000000000001e+00  -3.840429126090637e-03  -3.427300049622077e-03  -4.131290764685606e-04
2.170000000000001e+00  -4.051067691318471e-03  -3.496280551534611e-03  -5.547871397838600e-04
2.180000000000001e+00  -4.240752152573775e-03  -3.550644027574761e-03  -6.901081249990142e-04
2.190000000000001e+00  -4.409738226407215e-03  -3.590851517874767e-03  -8.188867085324480e-04
2.200000000000001e+00  -4.558333802959042e-03  -3.617389798550951e-03  -9.409440044080902e-04
2.210000000000001e+00  -4.686895986867696e-03  -3.630768712025596e-03  -1.056127274842100e-03
2.220000000000001e+00  -4.795828103810997e-03  -3.631518537271707e-03  -1.164309566539291e-03
2.230000000000001e+00  -4.885576682971556e-03  -3.620187406677203e-03  -1.265389276294353e-03
2.240000000000001e+00  -4.956628425415327e-03  -3.597338775800874e-03  -1.359289649614453e-03
2.250000000000001e+00  -5.009507168049478e-03  -3.563548951866035e-03  -1.445958216183443e-03
2.260000000000001e+00  -5.044770852486055e-03  -3.519404686409850e-03  -1.525366166076205e-03
2.270000000000001e+00  -5.063008507780588e-03  -3.465500837078082e-03  -1.597507670702506e-03
2.280000000000001e+00  -5.064837255643894e-03  -3.402438103128480e-03  -1.662399152515415e-03
2.290000000000001e+00  -5.050899346340866e-03  -3.330820838782222e-03  -1.720078507558643e-03
2.300000000000001e+00  -5.021859233094143e-03  -3.251254948142818e-03  -1.770604284951325e-03
2.310000000000001e+00  -4.978400692405328e-03  -3.164345864986838e-03  -1.814054827418489e-03
2.320000000000001e+00  -4.921223997292517e-03  -3.070696620322776e-03  -1.850527376969741e-03
2.330000000000001e+00  -4.851043150022837e-03  -2.970906000212641e-03  -1.880137149810196e-03
2.340000000000001e+00  -4.768583180493096e-03  -2.865566795958516e-03  -1.903016384534580e-03
2.350000000000001e+00  -4.674577515982965e-03  -2.755264148372187e-03  -1.919313367610778e-03
2.360000000000001e+00  -4.569765427574017e-03  -2.640573987473121e-03  -1.929191440100896e-03
2.370000000000001e+00  -4.454889558096050e-03  -2.522061568596902e-03  -1.932827989499149e-03
2.380000000000001e+00  -4.330693536031367e-03  -2.400280105546009e-03  -1.930413430485358e-03
2.390000000000001e+00  -4.197919679378173e-03  -2.275769501075759e-03  -1.922150178302414e-03
2.400000000000001e+00  -4.057306793048963e-03  -2.149055174683063e-03  -1.908251618365900e-03
2.410000000000001e+00  -3.909588062957840e-03  -2.020646987353287e-03  -1.888941075604552e-03
2.420000000000001e+00  -3.755489049535630e-03  -1.891038262622384e-03  -1.864450786913246e-03
2.430000000000001e+00  -3.595725783001907e-03  -1.760704903027566e-03  -1.835020879974341e-03
2.440000000000001e+00  -3.431002962322756e-03  -1.630104600750973e-03  -1.800898361571783e-03
2.450000000000001e+00  -3.262012259389577e-03  -1.499676141005694e-03  -1.762336118383883e-03
2.460000000000001e+00  -3.089430729572557e-03  -1.369838796475669e-03  -1.719591933096888e-03
2.470000000000001e+00  -2.913919329429166e-03  -1.240991810896246e-03  -1.672927518532920e-03
2.480000000000001e+00  -2.736121541987863e-03  -1.113513969654653e-03  -1.622607572333210e-03
2.490000000000001e+00  -2.556662109677802e-03  -9.877632550962900e-04  -1.568898854581512e-03
2.500000000000001e+00  -2.376145874639445e-03  -8.640765840462324e-04  -1.512069290593213e-03
2.510000000000001e+00  -2.195156725827843e-03  -7.427696248926693e-04  -1.452387100935174e-03
2.520000000000001e+00  -2.014256652011700e-03  -6.241366914333190e-04  -1.390119960578381e-03
2.530000000000001e+00  -1.833984899476027e-03  -5.084507105540658e-04  -1.325534188921961e-03
2.540000000000001e+00  -1.654857232956996e-03  -3.959632606929598e-04  -1.258893972264036e-03
2.550000000000001e+00  -1.477365298071802e-03  -2.869046779413256e-04  -1.190460620130476e-03
2.560000000000001e+00  -1.301976083257680e-03  -1.814842265465554e-04  -1.120491856711124e-03
2.570000000000001e+00  -1.129131478999409e-03  -7.989033050831845e-05  -1.049241148491091e-03
2.580000000000001e+00  -9.592479319072422e-04  1.770913709880834e-05  -9.769570690060505e-04
2.590000000000001e+00  -7.927161910042621e-04  1.111665104891274e-04  -9.038827014933894e-04
2.600000000000001e+00  -6.299011433960587e-04  2.003539366611128e-04  -8.302550800571714e-04
2.610000000000001e+00  -4.711417363251639e-04  2.851629334890774e-04  -7.563046698142414e-04
2.620000000000001e+00  -3.167509824579452e-04  3.655039038840198e-04  -6.822548863419649e-04
2.630000000000001e+00  -1.670160451131812e-04  4.413056094919213e-04  -6.083216546051024e-04
2.640000000000001e+00  -2.219840001796239e-05  5.125146073830736e-04  -5.347130074010360e-04
2.650000000000001e+00  1.174659299305661e-04  5.790946531595606e-04  -4.616287232289945e-04
2.660000000000001e+00  2.517660705121542e-04  6.410260738723207e-04  -3.892600033601666e-04
2.670000000000001e+00  3.805159263304433e-04  6.983051140932349e-04  -3.177891877627917e-04
2.680000000000001e+00  5.035537490149320e-04  7.509432584330892e-04  -2.473895094181572e-04
2.690000000000001e+00  6.207416472807202e-04  7.989665337328469e-04  -1.782248864521267e-04
2.700000000000001e+00  7.319650426840916e-04  8.424147940845521e-04  -1.104497514004605e-04
2.710000000000001e+00  8.371320749325523e-04  8.813409917594290e-04  -4.420891682687669e-05
2.720000000000001e+00  9.361729606165606e-04  9.158104370355057e-04  2.036252358105482e-05
2.730000000000001e+00  1.029039309225232e-03  9.459000498253255e-04  8.313925939990637e-05
2.740000000000001e+00  1.115703400292025e-03  9.716976059069898e-04  1.440057943850350e-04
2.750000000000001e+00  1.196157425487877e-03  9.933009804593421e-04  2.028564450285348e-04
2.760000000000001e+00  1.270412699440318e-03  1.010817391495196e-03  2.595953079451215e-04
2.770000000000001e+00  1.338498843006861e-03  1.024362645675245e-03  3.141361973316161e-04
2.780000000000001e+00  1.400462942671787e-03  1.034060388871149e-03  3.664025538006376e-04
2.790000000000001e+00  1.456368689665557e-03  1.040041363728522e-03  4.163273259370351e-04
2.800000000000001e+00  1.506295502328887e-03  1.042442676360924e-03  4.638528259679627e-04
2.810000000000001e+00  1.550337635156720e-03  1.041407074183969e-03  5.089305609727506e-04
2.820000000000001e+00  1.588603277863900e-03  1.037082236775549e-03  5.515210410883516e-04
2.830000000000001e+00  1.621213647713323e-03  1.029620081523905e-03  5.915935661894181e-04
2.840000000000001e+00  1.648302078240181e-03  1.019176085700473e-03  6.291259925397079e-04
2.850000000000001e+00  1.670013107392636e-03  1.005908626469669e-03  6.641044809229670e-04
2.860000000000001e+00  1.686501567991072e-03  9.899783402233663e-04  6.965232277677056e-04
2.870000000000001e+00  1.697931683284773e-03  9.715475025038400e-04  7.263841807809327e-04
2.880000000000001e+00  1.704476170258055e-03  9.507794296566342e-04  7.536967406014210e-04
2.890000000000001e+00  1.706315353206833e-03  9.278379032333203e-04  7.784774499735130e-04
2.900000000000001e+00  1.703636289973336e-03  9.028866180450775e-04  8.007496719282584e-04
2.910000000000001e+00  1.696631913090410e-03  8.760886546507347e-04  8.205432584396758e-04
2.920000000000001e+00  1.685500187948983e-03  8.476059769480144e-04  8.378942110009683e-04
2.930000000000001e+00  1.670443289963059e-03  8.175989554249609e-04  8.528443345380985e-04
2.940000000000001e+00  1.651666802566399e-03  7.862259165193621e-04  8.654408860470368e-04
2.950000000000001e+00  1.629378937734570e-03  7.536427184279771e-04  8.757362193065932e-04
2.960000000000001e+00  1.603789780585726e-03  7.200023536053194e-04  8.837874269804062e-04
2.970000000000001e+00  1.575110559473440e-03  6.854545780926628e-04  8.896559813807768e-04
2.980000000000001e+00  1.543552942846479e-03  6.501455677230928e-04  8.934073751233864e-04
2.990000000000001e+00  1.509328364012486e-03  6.142176011573612e-04  8.951107628551251e-04
3.000000000000001e+00  1.472647374807326e-03  5.778087696184538e-04  8.948386051888726e-04
3.010000000000001e+00  1.433719029038136e-03  5.410527131098280e-04  8.926663159283080e-04
3.020000000000001e+00  1.392750296437329e-03  5.040783828241031e-04  8.886719136132255e-04
3.030000000000001e+00  1.349945507736645e-03  4.670098293747824e-04  8.829356783618628e-04
3.040000000000001e+00  1.305505831345416e-03  4.299660164139177e-04  8.755398149314984e-04
3.050000000000001e+00  1.259628781995767e-03  3.930606591336758e-04  8.665681228620912e-04
3.060000000000001e+00  1.212507761599658e-03  3.564020870889127e-04  8.561056745107452e-04
3.070000000000001e+00  1.164331632448800e-03  3.200931307218885e-04  8.442385017269119e-04
3.080000000000001e+00  1.115284322778910e-03  2.842310309185949e-04  8.310532918603154e-04
3.090000000000001e+00  1.065544464614178e-03  2.489073708790036e-04  8.166370937351744e-04
3.100000000000001e+00  1.015285063707382e-03  2.142080295409335e-04  8.010770341664488e-04
3.110000000000001e+00  9.646732012945526e-04  1.802131557589014e-04  7.844600455356513e-04
3.120000000000001e+00  9.138697672920364e-04  1.469971624054100e-04  7.668726048866265e-04
3.130000000000001e+00  8.630292244772961e-04  1.146287395324538e-04  7.484004849448423e-04
3.140000000000001e+00  8.122994031133233e-04  8.317088570556127e-05  7.291285174077620e-04
3.150000000000001e+00  7.618213254002412e-04  5.268095660125516e-05  7.091403687989861e-04
3.160000000000001e+00  7.117290590664428e-04  2.321072994134220e-05  6.885183291251006e-04
3.170000000000001e+00  6.621495993454773e-04  -5.193514175850831e-06  6.673431135213281e-04
3.180000000000001e+00  6.132027785240106e-04  -3.249089849742874e-05  6.456936770214394e-04
3.190000000000001e+00  5.650012021903910e-04  -5.864584034687088e-05  6.236470425372619e-04
3.200000000000001e+00  5.176502112626634e-04  -8.362793082294481e-05  6.012781420856083e-04
3.210000000000001e+00  4.712478688294065e-04  -1.074118024245806e-04  5.786596712539871e-04
3.220000000000001e+00  4.258849707960542e-04  -1.299769860560999e-04  5.558619568521541e-04
3.230000000000001e+00  3.816450792941012e-04  -1.513077583602478e-04  5.329528376543490e-04
3.240000000000001e+00  3.386045777794671e-04  -1.713929803166790e-04  5.099975580961462e-04
3.250000000000001e+00  2.968327467209168e-04  -1.902259280312496e-04  4.870586747521664e-04
3.260000000000001e+00  2.563918587576688e-04  -2.078041166262341e-04  4.641959753839030e-04
3.270000000000001e+00  2.173372921891762e-04  -2.241291181243069e-04  4.414664103134831e-04
3.280000000000001e+00  1.797176616473570e-04  -2.392063741993938e-04  4.189240358467508e-04
3.290000000000001e+00  1.435749647939742e-04  -2.530450046457669e-04  3.966199694397411e-04
3.300000000000001e+00  1.089447438818135e-04  -2.656576123931832e-04  3.746023562749967e-04
3.310000000000001e+00  7.585626101862399e-05  -2.770600858703037e-04  3.529163468889277e-04
3.320000000000001e+00  4.433268597663886e-05  -2.872713994919600e-04  3.316040854685989e-04
3.330000000000001e+00  1.439129539835687e-05  -2.963134130171386e-04  3.107047084154955e-04
3.340000000000001e+00  -1.395631773985349e-05  -3.042106704951320e-04  2.902543527552785e-04
3.350000000000001e+00  -4.070402553016889e-05  -3.109901994864762e-04  2.702861739563073e-04
3.360000000000001e+00  -6.585093850810008e-05  -3.166813112136126e-04  2.508303727055126e-04
3.370000000000001e+00  -8.940117208558503e-05  -3.213154022637292e-04  2.319142301781442e-04
3.380000000000001e+00  -1.113636071050252e-04  -3.249257584331230e-04  2.135621513280978e-04
3.390000000000001e+00  -1.317516455512083e-04  -3.275473612686554e-04  1.957957157174471e-04
3.400000000000001e+00  -1.505829624299139e-04  -3.292166978280519e-04  1.786337353981380e-04
3.410000000000001e+00  -1.678792547917190e-04  -3.299715741462863e-04  1.620923193545673e-04
3.420000000000001e+00  -1.836659888472087e-04  -3.298509328610932e-04  1.461849440138845e-04
3.430000000000001e+00  -1.979721460858561e-04  -3.288946754161823e-04  1.309225293303262e-04
3.440000000000001e+00  -2.108299692749687e-04  -3.271434892265258e-04  1.163135199515570e-04
3.450000000000001e+00  -2.222747091783035e-04  -3.246386801560031e-04  1.023639709776996e-04
3.460000000000001e+00  -2.323443727953203e-04  -3.214220106241379e-04  8.907763782881755e-05
3.470000000000001e+00  -2.410794738829863e-04  -3.175355436252698e-04  7.645606974228346e-05
3.480000000000001e+00  -2.485227864815545e-04  -3.130214929109811e-04  6.449870642942664e-05
3.490000000000001e+00  -2.547191021249589e-04  -3.079220795543530e-04  5.320297742939406e-05
3.500000000000001e+00  -2.597149913748569e-04  -3.022793950834266e-04  4.256440370856970e-05
3.510000000000001e+00  -2.635585702755673e-04  -2.961352713404182e-04  3.257670106485096e-05
3.520000000000001e+00  -2.662992722849898e-04  -2.895311571938102e-04  2.323188490882045e-05
3.530000000000001e+00  -2.679876261944804e-04  -2.825080022012679e-04  1.452037600678752e-05
3.540000000000001e+00  -2.686750405085030e-04  -2.751061472937117e-04  6.431106785208761e-06
3.550000000000001e+00  -2.684135947130609e-04  -2.673652225239004e-04  -1.048372189160480e-06
3.560000000000001e+00  -2.672558378202901e-04  -2.593240518971214e-04  -7.931785923168697e-06
3.570000000000001e+00  -2.652545945356617e-04  -2.510205652769878e-04  -1.423402925867395e-05
3.580000000000001e+00  -2.624627793535341e-04  -2.424917173356338e-04  -1.997106201790028e-05
3.590000000000001e+00  -2.589332188472545e-04  -2.337734134953834e-04  -2.515980535187110e-05
3.600000000000001e+00  -2.547184823808902e-04  -2.249004427877757e-04  -2.981803959311449e-05
3.610000000000001e+00  -2.498707214315687e-04  -2.159064175357134e-04  -3.396430389585538e-05
3.620000000000001e+00  -2.444415176744196e-04  -2.068237197459655e-04  -3.761779792845412e-05
3.630000000000001e+00  -2.384817399460454e-04  -1.976834540815888e-04  -4.079828586445660e-05
3.640000000000001e+00  -2.320414101675570e-04  -1.885154072676174e-04  -4.352600289993960e-05
3.650000000000001e+00  -2.251695782746433e-04  -1.793480137683502e-04  -4.582156450629312e-05
3.660000000000001e+00  -2.179142061697555e-04  -1.702083275606960e-04  -4.770587860905941e-05
3.670000000000001e+00  -2.103220606804546e-04  -1.611219998155211e-04  -4.920006086493354e-05
3.680000000000001e+00  -2.024386154783965e-04  -1.521132622875479e-04  -5.032535319084863e-05
3.690000000000001e+00  -1.943079618851837e-04  -1.432049162041542e-04  -5.110304568102956e-05
3.700000000000001e+00  -1.859727284646114e-04  -1.344183264344906e-04  -5.155440203012077e-05
3.710000000000001e+00  -1.774740092755756e-04  -1.257734207123938e-04  -5.170058856318179e-05
3.720000000000001e+00  -1.688513006362671e-04  -1.172886936800091e-04  -5.156260695625800e-05
3.730000000000001e+00  -1.601424462278936e-04  -1.089812155132435e-04  -5.116123071465011e-05
3.740000000000001e+00  -1.513835903457847e-04  -1.008666448857681e-04  -5.051694546001662e-05
3.750000000000001e+00  -1.426091390864260e-04  -9.295924602478789e-05  -4.964989306163813e-05
3.760000000000001e+00  -1.338517292414869e-04  -8.527190960918339e-05  -4.857981963230354e-05
3.770000000000001e+00  -1.251422046539398e-04  -7.781617725924850e-05  -4.732602739469133e-05
3.780000000000001e+00  -1.165095997767760e-04  -7.060226936654727e-05  -4.590733041022877e-05
3.790000000000001e+00  -1.079811301619382e-04  -6.363911601273968e-05  -4.434201414919851e-05
3.800000000000001e+00  -9.958218959557054e-05  -5.693439072737872e-05  -4.264779886819181e-05
3.810000000000001e+00  -9.133635358568372e-05  -5.049454683658899e-05  -4.084180674909473e-05
3.820000000000001e+00  -8.326538889972976e-05  -4.432485615728715e-05  -3.894053274244260e-05
3.830000000000001e+00  -7.538926884246604e-05  -3.842944979498124e-05  -3.695981904748480e-05
3.840000000000001e+00  -6.772619395865144e-05  -3.281136080732506e-05  -3.491483315132638e-05
3.850000000000001e+00  -6.029261784064224e-05  -2.747256850030679e-05  -3.282004934033545e-05
3.860000000000001e+00  -5.310327771785514e-05  -2.241404412930840e-05  -3.068923358854674e-05
3.870000000000001e+00  -4.617122950298316e-05  -1.763579778300604e-05  -2.853543171997711e-05
3.880000000000001e+00  -3.950788696935411e-05  -1.313692623460569e-05  -2.637096073474842e-05
3.890000000000001e+00  -3.312306473397861e-05  -8.915661551571521e-06  -2.420740318240709e-05
3.900000000000001e+00  -2.702502472255240e-05  -4.969420262194437e-06  -2.205560446035797e-05
3.910000000000001e+00  -2.122052579513283e-05  -1.294852885042230e-06  -1.992567291009060e-05
3.920000000000001e+00  -1.571487621483176e-05  2.112106364937656e-06  -1.782698257976942e-05
3.930000000000001e+00  -1.051198864627890e-05  5.256189871630488e-06  -1.576817851790939e-05
3.940000000000001e+00  -5.614437376091737e-06  8.142747083901759e-06  -1.375718445999350e-05
3.950000000000001e+00  -1.023517453650696e-06  1.077769531375253e-05  -1.180121276740323e-05
3.960000000000001e+00  3.260694542357762e-06  1.316747101862510e-05  -9.906776476267337e-06
3.970000000000001e+00  7.239278398787105e-06  1.531898171149018e-05  -8.079703312703071e-06
3.980000000000001e+00  1.091440710273701e-05  1.723955863296037e-05  -6.325151530223364e-06
3.990000000000001e+00  1.428928288597927e-05  1.893691031109815e-05  -4.647627425118887e-06
4.000000000000001e+00  1.736807273930228e-05  2.041907712529041e-05  -3.051004385988133e-06
