4.729999999999999946e-15 4.407719999999999721e-12 6.303139999999999988e-25 2.351917910447711483e-10 9.321440000000000055e+02
4.760000000000000039e-15 4.431840000000000228e-12 6.303139999999999804e-24 2.594431028253995168e-10 9.309829999999999472e+02
4.909999999999999715e-15 4.573129999999999922e-12 6.303139999999999804e-23 3.985362171652260524e-10 9.311029999999999518e+02
6.990000000000000381e-15 6.506459999999999723e-12 7.550670000000000388e-22 1.448441485213471237e-09 9.308990000000000009e+02
9.900000000000000730e-15 9.197959999999999715e-12 8.739609999999999540e-21 3.407840937712680729e-09 9.292450000000000045e+02
2.720000000000000022e-14 2.529869999999999842e-11 1.061089999999999952e-19 1.068613050382587985e-08 9.300990000000000464e+02
1.269999999999999890e-13 1.189289999999999881e-10 3.632319999999999790e-18 6.497124395099834157e-08 9.363840000000000146e+02
6.929999999999999754e-13 6.451320000000000424e-10 1.185839999999999909e-16 3.034248561486519390e-07 9.308640000000000327e+02
6.295000000000000137e-12 5.855130000000000232e-09 6.082580000000000321e-15 1.763681845779554117e-06 9.303079999999999927e+02
1.581000000000000150e-11 1.470850000000000065e-08 3.100910000000000289e-14 3.559943373089343023e-06 9.303010000000000446e+02
3.971999999999999958e-11 3.694350000000000255e-08 1.517370000000000026e-13 6.774850101979345710e-06 9.302549999999999955e+02
9.975999999999999982e-11 9.277220000000000271e-08 7.185369999999999704e-13 1.246981551922767789e-05 9.300449999999999591e+02
2.505999999999999928e-10 2.331370000000000050e-07 3.286660000000000053e-12 2.212264222558203014e-05 9.302989999999999782e+02
6.294000000000000186e-10 5.855129999999999835e-07 1.446720000000000039e-11 3.762554818035770781e-05 9.304779999999999518e+02
1.581000000000000021e-09 1.470850000000000071e-06 6.089469999999999497e-11 6.097044348078231037e-05 9.303379999999999654e+02
3.971999999999999932e-09 3.694350000000000043e-06 2.440959999999999810e-10 8.620047295031398439e-05 9.304539999999999509e+02
5.000000000000000105e-09 4.652399999999999705e-06 3.282519999999999952e-10 9.378257146610383967e-05 9.305639999999999645e+02
9.975999999999999465e-09 9.284119999999999466e-06 8.956729999999999944e-10 1.356922780697027630e-04 9.306900000000000546e+02
1.989999999999999952e-08 1.852339999999999954e-05 2.392370000000000084e-09 1.782114991356234090e-04 9.308970000000000482e+02
3.972000000000000098e-08 3.697789999999999709e-05 6.279010000000000220e-09 2.308642721872703125e-04 9.308329999999999700e+02
7.924000000000000016e-08 7.374909999999999495e-05 1.625240000000000066e-08 2.961871476517204962e-04 9.311050000000000182e+02
1.580999999999999930e-07 1.471880000000000009e-04 4.166479999999999864e-08 3.406468113468935372e-04 9.312720000000000482e+02
1.989999999999999952e-07 1.853380000000000066e-04 5.455369999999999702e-08 3.629681506910431652e-04 9.316150000000000091e+02
3.154999999999999863e-07 2.937899999999999908e-04 1.016630000000000018e-07 4.631526866498148474e-04 9.314410000000000309e+02
4.999999999999999774e-07 4.655840000000000065e-04 1.890600000000000002e-07 5.442192759095591716e-04 9.316620000000000346e+02
6.293999999999999582e-07 5.862019999999999688e-04 2.577079999999999939e-07 4.821581728778994965e-04 9.317559999999999718e+02
7.924000000000000281e-07 7.381799999999999560e-04 3.143299999999999831e-07 4.707937121443298923e-04 9.320049999999999955e+02
9.975999999999999862e-07 9.294460000000000048e-04 4.280210000000000182e-07 6.149842898729010248e-04 9.321539999999999964e+02
1.580999999999999982e-06 1.472910000000000018e-03 7.940089999999999732e-07 7.161358342428897350e-04 9.322200000000000273e+02
2.505999999999999808e-06 2.335849999999999992e-03 1.470499999999999939e-06 8.354521542633727834e-04 9.326630000000000109e+02
3.972000000000000256e-06 3.701240000000000172e-03 2.722510000000000044e-06 8.731501601527912569e-04 9.330549999999999500e+02
5.000000000000000409e-06 4.662740000000000287e-03 3.532380000000000136e-06 9.375978871662292349e-04 9.333369999999999891e+02
6.294000000000000217e-06 5.868909999999999752e-03 4.807479999999999582e-06 1.092881967927150080e-03 9.330019999999999527e+02
7.924000000000000704e-06 7.392140000000000169e-03 6.540929999999999901e-06 1.179069868862747845e-03 9.338490000000000464e+02
9.976000000000000709e-06 9.304790000000000283e-03 8.894690000000000723e-06 1.271576281047954830e-03 9.337409999999999854e+02
1.256000000000000002e-05 1.172400000000000005e-02 1.209619999999999948e-05 1.251435695414401372e-03 9.343859999999999673e+02
1.580999999999999940e-05 1.476019999999999936e-02 1.562169999999999987e-05 1.297935229684926955e-03 9.344800000000000182e+02
1.989999999999999921e-05 1.858550000000000132e-02 2.124589999999999931e-05 1.521419669067999338e-03 9.349460000000000264e+02
2.506000000000000062e-05 2.340329999999999841e-02 2.888620000000000136e-05 1.484152711946314053e-03 9.350199999999999818e+02
3.155000000000000117e-05 2.947210000000000107e-02 3.711580000000000131e-05 1.530102853044136828e-03 9.353179999999999836e+02
3.971999999999999918e-05 3.711579999999999741e-02 5.048709999999999982e-05 1.811141263309070781e-03 9.357590000000000146e+02
5.000000000000000240e-05 4.673070000000000002e-02 6.864870000000000564e-05 1.953095909073273434e-03 9.362469999999999573e+02
6.294000000000000386e-05 5.886140000000000122e-02 9.332360000000000210e-05 2.104667689072000150e-03 9.363940000000000055e+02
7.923999999999999349e-05 7.416269999999999807e-02 1.268899999999999998e-04 2.033725469261799240e-03 9.374569999999999936e+02
9.975999999999999354e-05 9.335809999999999942e-02 1.620760000000000115e-04 1.828313394997385308e-03 9.372859999999999445e+02
1.105000000000000025e-04 1.034560000000000063e-01 1.805130000000000113e-04 1.797797712365390918e-03 9.377290000000000418e+02
1.255999999999999901e-04 1.175849999999999951e-01 2.053599999999999989e-04 1.968091526331942811e-03 9.377369999999999663e+02
1.580999999999999940e-04 1.480839999999999934e-01 2.791779999999999891e-04 2.313327847481757953e-03 9.384510000000000218e+02
1.990000000000000124e-04 1.865090000000000081e-01 3.628869999999999969e-04 2.197134355994214035e-03 9.390850000000000364e+02
2.506000000000000198e-04 2.349289999999999989e-01 4.704089999999999747e-04 2.651986140252082791e-03 9.393260000000000218e+02
2.572000000000000176e-04 2.411659999999999915e-01 4.872960000000000182e-04 1.835292342848092451e-03 9.394950000000000045e+02
2.669999999999999847e-04 2.501959999999999740e-01 4.924649999999999818e-04 5.896823099079905560e-04 9.388569999999999709e+02
3.126000000000000089e-04 2.932730000000000059e-01 5.214129999999999763e-04 6.462898331770798241e-04 9.398089999999999691e+02
3.951000000000000085e-04 3.708130000000000037e-01 5.679370000000000208e-04 6.022994440869453188e-04 9.398980000000000246e+02
4.759000000000000209e-04 4.466300000000000270e-01 6.137719999999999504e-04 6.143662991495370436e-04 9.400119999999999436e+02
5.812000000000000326e-04 5.455370000000000497e-01 6.758040000000000097e-04 6.474110314244208714e-04 9.400639999999999645e+02
7.142999999999999610e-04 6.709789999999999921e-01 7.602359999999999630e-04 7.003220154656662581e-04 9.402949999999999591e+02
8.785999999999999973e-04 8.250250000000000083e-01 8.732720000000000239e-04 7.618162062108914737e-04 9.401620000000000346e+02
1.077000000000000049e-03 1.012499999999999956e+00 1.022490000000000031e-03 8.318915768141042603e-04 9.410689999999999600e+02
1.314000000000000064e-03 1.235130000000000061e+00 1.217200000000000096e-03 9.120033221749655142e-04 9.409610000000000127e+02
1.747999999999999988e-03 1.643499999999999961e+00 1.617659999999999931e-03 1.045739457612948576e-03 9.411849999999999454e+02
2.286999999999999970e-03 2.150100000000000122e+00 2.188349999999999931e-03 1.195337172926514129e-03 9.411009999999999991e+02
2.942000000000000171e-03 2.767310000000000159e+00 2.977880000000000024e-03 1.356150776838511030e-03 9.415800000000000409e+02
3.726000000000000145e-03 3.504809999999999981e+00 4.045860000000000081e-03 1.527134037430251910e-03 9.417179999999999609e+02
4.649999999999999620e-03 4.376699999999999591e+00 5.458809999999999704e-03 1.712679346099820832e-03 9.422380000000000564e+02
5.727999999999999585e-03 5.389890000000000292e+00 7.302539999999999726e-03 1.908879092099270095e-03 9.424869999999999663e+02
7.424000000000000044e-03 6.988929999999999865e+00 1.057989999999999972e-02 2.176288865957729315e-03 9.428849999999999909e+02
8.906999999999999987e-03 8.391550000000000509e+00 1.378829999999999986e-02 2.397073279269788283e-03 9.437019999999999982e+02
1.059000000000000045e-02 9.973359999999999559e+00 1.777559999999999904e-02 2.627421530006425910e-03 9.434759999999999991e+02
1.315000000000000023e-02 1.239610000000000056e+01 2.453709999999999919e-02 2.941266968416080072e-03 9.445979999999999563e+02
1.777000000000000107e-02 1.676239999999999952e+01 3.856319999999999887e-02 3.459389207819422909e-03 9.453940000000000055e+02
2.239000000000000018e-02 2.113220000000000098e+01 5.476040000000000074e-02 3.929595113010587136e-03 9.462100000000000364e+02
3.016999999999999890e-02 2.850369999999999848e+01 8.650009999999999644e-02 4.665448611148632560e-03 9.475710000000000264e+02
3.674999999999999795e-02 3.473790000000000333e+01 1.174820000000000031e-01 5.244332916586643377e-03 9.484869999999999663e+02
4.585000000000000187e-02 4.338790000000000191e+01 1.661420000000000119e-01 6.030580156599532615e-03 9.495869999999999891e+02
5.820999999999999786e-02 5.510510000000000019e+01 2.432340000000000058e-01 7.104239125294061624e-03 9.510710000000000264e+02
7.467999999999999639e-02 7.078539999999999566e+01 3.656440000000000246e-01 8.541333449120011925e-03 9.528300000000000409e+02
9.371000000000000163e-02 8.898139999999999361e+01 5.365760000000000529e-01 1.025013157298280270e-02 9.551019999999999754e+02
1.181999999999999995e-01 1.124159999999999968e+02 8.026250000000000329e-01 1.219622612493502685e-02 9.578379999999999654e+02
1.484000000000000041e-01 1.413640000000000043e+02 1.185840000000000005e+00 1.499633345258222922e-02 9.605420000000000300e+02
1.625000000000000056e-01 1.548729999999999905e+02 1.399510000000000032e+00 1.650990215112450171e-02 9.617029999999999745e+02
1.814000000000000057e-01 1.730689999999999884e+02 1.716909999999999936e+00 1.857459963543044157e-02 9.634460000000000264e+02
2.016999999999999904e-01 1.925749999999999886e+02 2.102879999999999860e+00 2.099036439322818359e-02 9.651749999999999545e+02
2.280000000000000082e-01 2.179389999999999930e+02 2.674960000000000004e+00 2.419053570136049658e-02 9.675570000000000164e+02
2.715000000000000191e-01 2.600520000000000209e+02 3.808069999999999844e+00 2.967628614134142084e-02 9.718750000000000000e+02
2.978999999999999981e-01 2.857610000000000241e+02 4.614489999999999981e+00 3.136722548523863258e-02 9.746879999999999882e+02
