4.930000000000000e-09  4.584761200000000e-06  3.360000000000000e-10  0.000000000000000e+00  9.300400000000000e+02
5.080000000000000e-09  4.724267199999999e-06  3.360000000000000e-10  2.927848984301557e-04  9.300400000000000e+02
1.630000000000000e-07  1.516688500000000e-04  4.340000000000000e-08  3.819684478587534e-04  9.307500000000000e+02
1.680000000000000e-07  1.563226000000000e-04  4.340000000000000e-08  4.951977773245996e-04  9.307500000000000e+02
8.010000000000000e-07  7.457514700000001e-04  3.560000000000000e-07  5.119917189294780e-04  9.314700000000000e+02
8.279999999999999e-07  7.709011600000000e-04  3.560000000000000e-07  4.660522396595428e-04  9.314700000000000e+02
8.790000000000000e-07  8.184102899999999e-04  3.870000000000000e-07  5.810583156984543e-04  9.315100000000000e+02
8.980000000000000e-07  8.361089800000000e-04  3.870000000000000e-07  6.836601144041179e-04  9.315100000000000e+02
1.870000000000000e-06  1.741800000000000e-03  1.040000000000000e-06  8.077805378034134e-04  9.320000000000000e+02
1.940000000000000e-06  1.807040000000000e-03  1.040000000000000e-06  9.481825994317736e-04  9.320000000000000e+02
6.830000000000000e-06  6.367657900000000e-03  5.620000000000000e-06  1.082193610701642e-03  9.331300000000000e+02
7.090000000000000e-06  6.610271700000001e-03  5.620000000000000e-06  1.241573986463473e-03  9.331300000000000e+02
1.670000000000000e-05  1.558317300000000e-02  1.780000000000000e-05  1.367853492508429e-03  9.341900000000001e+02
1.740000000000000e-05  1.623710600000000e-02  1.780000000000000e-05  1.485099142996201e-03  9.341900000000001e+02
3.280000000000000e-05  3.063161999999999e-02  4.130000000000000e-05  1.663875574766384e-03  9.351500000000000e+02
3.420000000000000e-05  3.194083000000000e-02  4.130000000000000e-05  1.845191641657504e-03  9.351500000000000e+02
7.460000000000000e-05  6.975261399999999e-02  1.170000000000000e-04  1.837765257672634e-03  9.365900000000000e+02
7.779999999999999e-05  7.274970199999999e-02  1.170000000000000e-04  1.169782204916934e-03  9.365900000000000e+02
7.839999999999999e-05  7.331122400000001e-02  1.190000000000000e-04  1.384169068806772e-03  9.366100000000000e+02
8.090000000000000e-05  7.565274900000001e-02  1.190000000000000e-04  2.102964340345818e-03  9.366100000000000e+02
1.290000000000000e-04  1.207286900000000e-01  2.230000000000000e-04  2.134291955390519e-03  9.376100000000000e+02
1.340000000000000e-04  1.254167400000000e-01  2.230000000000000e-04  2.163179462824155e-03  9.376100000000000e+02
1.680000000000000e-04  1.573055200000000e-01  3.020000000000000e-04  2.166378247604022e-03  9.381400000000000e+02
1.710000000000000e-04  1.601199400000000e-01  3.020000000000000e-04  1.408514683808058e-03  9.381400000000000e+02
1.710000000000000e-04  1.601196500000000e-01  3.040000000000000e-04  1.380629829409888e-03  9.381500000000000e+02
1.750000000000000e-04  1.638722500000000e-01  3.040000000000000e-04  2.258952561541341e-03  9.381500000000000e+02
2.120000000000000e-04  1.985934400000000e-01  3.940000000000000e-04  2.376626226566796e-03  9.386200000000000e+02
2.160000000000000e-04  2.023479200000000e-01  3.940000000000000e-04  2.494844921560955e-03  9.386200000000000e+02
2.500000000000000e-04  2.342670000000000e-01  4.830000000000000e-04  2.788300915941185e-03  9.390000000000000e+02
5.000000000000000e-04  4.694052000000000e-01  6.841685000000000e-04  9.508955695071538e-04  9.396141623000000e+02
7.500000000000000e-04  7.044972000000000e-01  9.212536000000000e-04  1.187491292641534e-03  9.399920757000000e+02
1.000000000000000e-03  9.396742000000000e-01  1.195072000000000e-03  1.494312930605950e-03  9.403031180000000e+02
2.000000000000000e-03  1.881036000000000e+00  2.596046000000000e-03  1.738648930468319e-03  9.412489670000000e+02
3.000000000000000e-03  2.823211000000000e+00  4.368192000000000e-03  2.000935622917688e-03  9.419583790000000e+02
4.000000000000000e-03  3.766024000000000e+00  6.409461000000000e-03  2.257926320380931e-03  9.425401859999999e+02
5.000000000000000e-03  4.709374000000000e+00  8.654653999999999e-03  2.452709276827154e-03  9.430371850000000e+02
6.000000000000000e-03  5.653188000000000e+00  1.105800000000000e-02  2.603656333946940e-03  9.434720840000000e+02
7.000000000000000e-03  6.597411000000000e+00  1.358546000000000e-02  2.721862830890803e-03  9.438588390000000e+02
8.000000000000000e-03  7.541999000000000e+00  1.621079000000000e-02  2.814697143741642e-03  9.442068340000000e+02
8.999999999999999e-03  8.486917999999999e+00  1.891320000000000e-02  2.887363061317767e-03  9.445227670000000e+02
1.000000000000000e-02  9.432138000000000e+00  2.167590000000000e-02  2.937416684371805e-03  9.448116410000000e+02
1.100000000000000e-02  1.037763000000000e+01  2.448514000000000e-02  2.967366783333219e-03  9.450773120000000e+02
1.200000000000000e-02  1.132338000000000e+01  2.728202000000000e-02  2.997945541126787e-03  9.453194380000000e+02
1.300000000000000e-02  1.226936000000000e+01  3.014887000000000e-02  3.031858851000370e-03  9.455471230000001e+02
1.400000000000000e-02  1.321556000000000e+01  3.303354000000000e-02  3.052593128392865e-03  9.457591900000000e+02
1.500000000000000e-02  1.416196000000000e+01  3.592930000000000e-02  3.060906205196920e-03  9.459573360000001e+02
1.600000000000000e-02  1.510856000000000e+01  3.883045000000000e-02  3.063647342333077e-03  9.461429910000001e+02
1.700000000000000e-02  1.605533000000000e+01  4.173214000000000e-02  3.061651467225711e-03  9.463173810000000e+02
1.800000000000000e-02  1.700227000000000e+01  4.463024000000000e-02  3.055621768606563e-03  9.464815589999999e+02
1.900000000000000e-02  1.794938000000000e+01  4.752124000000000e-02  3.046182003949499e-03  9.466364450000000e+02
2.000000000000000e-02  1.889663000000000e+01  5.040216000000000e-02  3.033854716463286e-03  9.467828390000000e+02
2.100000000000000e-02  1.984402000000000e+01  5.327047000000000e-02  3.019073413555417e-03  9.469214510000000e+02
2.200000000000000e-02  2.079155000000000e+01  5.612403000000000e-02  3.002230661206250e-03  9.470529050000000e+02
2.300000000000000e-02  2.173920000000000e+01  5.896105000000000e-02  2.983669910409629e-03  9.471777620000000e+02
2.400000000000000e-02  2.268698000000000e+01  6.178004000000000e-02  2.963690841248436e-03  9.472965210000000e+02
2.500000000000000e-02  2.363487000000000e+01  6.457976999999999e-02  2.942558640005484e-03  9.474096320000000e+02
2.600000000000000e-02  2.458287000000000e+01  6.735925000000000e-02  2.920506775276339e-03  9.475174990000000e+02
2.700000000000000e-02  2.553098000000000e+01  7.011770000000001e-02  2.897747467449944e-03  9.476204920000000e+02
2.800000000000000e-02  2.647918000000000e+01  7.285453000000000e-02  2.874465299915125e-03  9.477189450000000e+02
2.900000000000000e-02  2.742749000000000e+01  7.556932000000000e-02  2.850831314348047e-03  9.478131620000000e+02
3.000000000000000e-02  2.837588000000000e+01  7.826179000000000e-02  2.826999442530878e-03  9.479034220000000e+02
3.100000000000000e-02  2.932436000000000e+01  8.093181000000001e-02  2.803100607677025e-03  9.479899830000001e+02
3.200000000000000e-02  3.027293000000000e+01  8.357937999999999e-02  2.779266214926790e-03  9.480730790000000e+02
3.300000000000000e-02  3.122158000000000e+01  8.620460000000001e-02  2.755624539762669e-03  9.481529280000000e+02
3.400000000000000e-02  3.217031000000000e+01  8.880770000000000e-02  2.732288464989016e-03  9.482297320000000e+02
3.500000000000000e-02  3.311911000000000e+01  9.138901000000001e-02  2.709350533195753e-03  9.483036780000000e+02
3.600000000000000e-02  3.406798000000000e+01  9.394893000000000e-02  2.686902191795409e-03  9.483749380000000e+02
3.700000000000000e-02  3.501693000000000e+01  9.648798000000000e-02  2.665055724612769e-03  9.484436760000000e+02
3.800000000000000e-02  3.596594000000000e+01  9.900676000000000e-02  2.643895969105788e-03  9.485100410000000e+02
3.900000000000000e-02  3.691502000000000e+01  1.015060000000000e-01  2.623497928205071e-03  9.485741770000000e+02
4.000000000000000e-02  3.786416000000000e+01  1.039863000000000e-01  2.603982209594013e-03  9.486362150000000e+02
4.100000000000000e-02  3.881333000000000e+01  1.064487000000000e-01  2.585428805636240e-03  9.486962820000000e+02
4.200000000000000e-02  3.976259000000000e+01  1.088941000000000e-01  2.567880037485485e-03  9.487544940000000e+02
4.300000000000000e-02  4.071191000000000e+01  1.113235000000000e-01  2.551430196609248e-03  9.488109640000000e+02
4.400000000000000e-02  4.166128000000000e+01  1.137379000000000e-01  2.536193911944389e-03  9.488657980000000e+02
4.500000000000000e-02  4.261071000000000e+01  1.161386000000000e-01  2.522279258414098e-03  9.489190960000000e+02
4.600000000000000e-02  4.356019000000000e+01  1.185268000000000e-01  2.509791272597631e-03  9.489709550000000e+02
4.700000000000000e-02  4.450972000000000e+01  1.209040000000000e-01  2.417191478059929e-03  9.490214700000000e+02
4.800000000000000e-02  4.545931000000000e+01  1.232716000000000e-01  2.244278313122158e-03  9.490707200000001e+02
4.900000000000000e-02  4.640893000000000e+01  1.250111000000000e-01  2.235710929413178e-03  9.491068299999999e+02
5.000000000000000e-02  4.735860000000000e+01  1.273620000000000e-01  2.392152627028623e-03  9.491538500000000e+02
5.100000000000000e-02  4.830832000000000e+01  1.297083000000000e-01  2.469439004359085e-03  9.491998599999999e+02
5.200000000000000e-02  4.925808000000000e+01  1.320517000000000e-01  2.467426838705605e-03  9.492449200000000e+02
5.300000000000000e-02  5.020789000000000e+01  1.343943000000000e-01  2.467559984418268e-03  9.492891200000000e+02
5.400000000000000e-02  5.115774000000000e+01  1.367382000000000e-01  2.469917094354518e-03  9.493325200000000e+02
5.500000000000000e-02  5.210764000000000e+01  1.390854000000000e-01  2.474645858722186e-03  9.493751900000000e+02
5.600000000000000e-02  5.305758000000000e+01  1.414384000000000e-01  2.481920291380694e-03  9.494172000000000e+02
5.700000000000000e-02  5.400756000000000e+01  1.437996000000000e-01  2.491855263157902e-03  9.494586200000000e+02
5.800000000000000e-02  5.495758000000000e+01  1.461716000000000e-01  2.504578754578755e-03  9.494995200000000e+02
5.900000000000000e-02  5.590764000000000e+01  1.485571000000000e-01  2.520235138093633e-03  9.495399500000000e+02
6.000000000000000e-02  5.685774000000000e+01  1.509590000000000e-01  2.538942449374817e-03  9.495799900000000e+02
6.100000000000000e-02  5.780788000000000e+01  1.533802000000000e-01  2.560815334205855e-03  9.496196900000000e+02
6.200000000000000e-02  5.875806000000000e+01  1.558238000000000e-01  2.585984849115886e-03  9.496591100000001e+02
6.300000000000000e-02  5.970829000000000e+01  1.582930000000000e-01  2.610014435734285e-03  9.496983300000001e+02
6.400000000000000e-02  6.065855000000000e+01  1.607911000000000e-01  2.224025638080546e-03  9.497373800000000e+02
6.443000000000000e-02  6.106717000000000e+01  1.618750000000000e-01  1.235046883088386e-03  9.497541400000000e+02
6.553000000000000e-02  6.211248000000000e+01  1.619022000000000e-01  1.318280112794104e-03  9.497526600000000e+02
6.600000000000000e-02  6.255912000000000e+01  1.631562000000000e-01  2.408324100878940e-03  9.497716100000000e+02
6.700000000000000e-02  6.350946000000000e+01  1.658595000000000e-01  2.873443772143672e-03  9.498120300000000e+02
6.800000000000000e-02  6.445984000000000e+01  1.686057000000000e-01  2.915571184845978e-03  9.498525000000000e+02
6.900000000000001e-02  6.541025999999999e+01  1.713992000000000e-01  2.967640117103416e-03  9.498930900000000e+02
7.000000000000001e-02  6.636073000000000e+01  1.742445000000000e-01  3.024587447461037e-03  9.499338500000000e+02
7.099999999999999e-02  6.731122999999999e+01  1.771465000000000e-01  3.086119398495002e-03  9.499748499999999e+02
7.199999999999999e-02  6.826178000000000e+01  1.801097000000000e-01  3.152323282360352e-03  9.500161400000000e+02
7.300000000000000e-02  6.921237000000001e+01  1.831363000000000e-01  3.224214944013392e-03  9.500577900000000e+02
7.400000000000000e-02  7.016300000000000e+01  1.862369000000000e-01  3.286857970458553e-03  9.500998600000000e+02
7.500000000000000e-02  7.111368000000000e+01  1.894119000000000e-01  2.943483590755992e-03  9.501423800000000e+02
7.530000000000001e-02  7.139888999999999e+01  1.903776000000000e-01  1.660037368106393e-03  9.501552400000000e+02
7.600000000000000e-02  7.206439000000000e+01  1.903707000000000e-01  1.468533616482191e-03  9.501551500000000e+02
7.625000000000000e-02  7.230207000000000e+01  1.911815000000000e-01  2.894573634466214e-03  9.501657700000000e+02
7.675000000000000e-02  7.277744000000000e+01  1.928176000000000e-01  3.478193866118801e-03  9.501870900000000e+02
7.750000000000000e-02  7.349051000000000e+01  1.953087000000000e-01  3.520486485988968e-03  9.502193000000000e+02
7.800000000000000e-02  7.396590000000000e+01  1.969948000000000e-01  3.574450082764194e-03  9.502409300000000e+02
7.875000000000000e-02  7.467901000000001e+01  1.995630000000000e-01  3.618490095100377e-03  9.502736100000000e+02
7.925000000000000e-02  7.515443000000000e+01  2.013019000000000e-01  3.657793566902171e-03  9.502955700000000e+02
7.950000000000000e-02  7.539215000000000e+01  2.021795000000000e-01  3.703511545201997e-03  9.503066100000000e+02
7.975000000000000e-02  7.562985999999999e+01  2.030626000000000e-01  3.738319591676482e-03  9.503176700000000e+02
8.025000000000000e-02  7.610531000000000e+01  2.048455000000000e-01  3.761722343309367e-03  9.503399100000000e+02
8.050000000000000e-02  7.634303000000000e+01  2.057453000000000e-01  3.797042822229760e-03  9.503510800000000e+02
8.075000000000000e-02  7.658076000000000e+01  2.066508000000000e-01  3.832456064124534e-03  9.503622900000000e+02
8.125000000000000e-02  7.705623000000000e+01  2.084786000000000e-01  3.856148758724977e-03  9.503848200000000e+02
8.150000000000000e-02  7.729397000000000e+01  2.094010000000000e-01  3.885879027094297e-03  9.503961300000000e+02
8.175000000000000e-02  7.753171000000000e+01  2.103291000000000e-01  3.915601520668932e-03  9.504074900000001e+02
8.200000000000000e-02  7.776945000000001e+01  2.112628000000000e-01  3.945079915760397e-03  9.504188700000000e+02
8.225000000000000e-02  7.800720000000000e+01  2.122022000000000e-01  3.980021030494265e-03  9.504302900000000e+02
8.275000000000000e-02  7.848269999999999e+01  2.140975000000000e-01  4.008731053360299e-03  9.504532300000000e+02
8.325000000000000e-02  7.895820999999999e+01  2.160147000000000e-01  4.042304114631613e-03  9.504763000000000e+02
8.350000000000000e-02  7.919597000000000e+01  2.169811000000000e-01  4.080121950848920e-03  9.504878700000000e+02
8.400000000000001e-02  7.967149999999999e+01  2.189290000000000e-01  4.105907900671701e-03  9.505111000000001e+02
8.425000000000001e-02  7.990927000000001e+01  2.199101000000000e-01  4.130062665601142e-03  9.505227500000000e+02
8.450000000000001e-02  8.014704000000000e+01  2.208955000000000e-01  4.152266595877680e-03  9.505344200000000e+02
8.475000000000001e-02  8.038482000000000e+01  2.218849000000000e-01  4.167941502226601e-03  9.505461000000000e+02
8.500000000000001e-02  8.062259000000000e+01  2.228778000000000e-01  4.183870865865691e-03  9.505577900000000e+02
8.525000000000001e-02  8.086038000000001e+01  2.238738000000000e-01  4.194968652947566e-03  9.505694700000000e+02
8.575000000000001e-02  8.133595000000000e+01  2.258717000000000e-01  3.741842010115401e-03  9.505928200000000e+02
8.586000000000001e-02  8.144056999999999e+01  2.263117000000000e-01  2.237063872561632e-03  9.505979500000000e+02
8.610000000000000e-02  8.166885000000001e+01  2.263114000000000e-01  1.843593656758072e-03  9.505978900000000e+02
8.620000000000000e-02  8.176397000000000e+01  2.267231000000000e-01  3.367919485032026e-03  9.506026700000000e+02
8.630000000000000e-02  8.185908000000001e+01  2.271351000000000e-01  4.333118684464411e-03  9.506074400000000e+02
8.640000000000000e-02  8.195420000000000e+01  2.275474000000000e-01  4.335895916869143e-03  9.506122100000000e+02
8.649999999999999e-02  8.204931999999999e+01  2.279600000000000e-01  4.337867135327736e-03  9.506169800000000e+02
8.660000000000000e-02  8.214444000000000e+01  2.283727000000000e-01  4.338769665914540e-03  9.506217500000000e+02
8.670000000000000e-02  8.223954999999999e+01  2.287854000000000e-01  4.338048617897187e-03  9.506265100000001e+02
8.680000000000000e-02  8.233467000000000e+01  2.291981000000000e-01  4.335481514961525e-03  9.506312600000000e+02
8.699999999999999e-02  8.252491000000001e+01  2.300227000000000e-01  4.331851016822699e-03  9.506407500000000e+02
8.710000000000000e-02  8.262003000000000e+01  2.304344000000000e-01  4.324956514106449e-03  9.506454700000000e+02
8.720000000000000e-02  8.271516000000000e+01  2.308454000000000e-01  4.303633848993989e-03  9.506501900000000e+02
8.730000000000000e-02  8.281028000000001e+01  2.312554000000000e-01  4.276849242750761e-03  9.506548800000000e+02
8.770000000000000e-02  8.319077000000000e+01  2.328805000000000e-01  4.255913819111331e-03  9.506734500000000e+02
8.780000000000000e-02  8.328588999999999e+01  2.332808000000000e-01  4.197662326543694e-03  9.506780100000000e+02
8.790000000000001e-02  8.338102000000001e+01  2.336775000000000e-01  4.114466468764909e-03  9.506825200000000e+02
8.810000000000000e-02  8.357127000000000e+01  2.344562000000000e-01  4.051665615980625e-03  9.506913700000000e+02
8.820000000000000e-02  8.366639000000001e+01  2.348354000000000e-01  3.949256440928145e-03  9.506956700000000e+02
8.830000000000000e-02  8.376152000000000e+01  2.352051000000000e-01  3.807915401194584e-03  9.506998599999999e+02
8.840000000000001e-02  8.385665000000000e+01  2.355620000000000e-01  2.120035592784900e-03  9.507038900000000e+02
8.850000000000000e-02  8.395177000000000e+01  2.359009000000000e-01  3.562867956266000e-03  9.507077200000000e+02