6.285000000000000e-12  5.847089220000000e-09  6.064863810000000e-15  1.816997750000000e-06  9.303254232082434e+02
7.059909610000000e-12  6.568269200000000e-09  7.439701550000000e-15  1.994573120000000e-06  9.303627103664221e+02
7.930361760000000e-12  7.378239500000000e-09  9.135852560000000e-15  2.190208300000000e-06  9.303798312288543e+02
8.908136390000000e-12  8.287948390000000e-09  1.122688270000000e-14  2.403872690000000e-06  9.303808623974941e+02
1.000646580000000e-11  9.309708600000000e-09  1.380187810000000e-14  2.634465940000000e-06  9.303706811128161e+02
1.124021390000000e-11  1.045735760000000e-08  1.696814030000000e-14  2.880959790000000e-06  9.303536979968237e+02
1.262607700000000e-11  1.174644110000000e-08  2.085396630000000e-14  3.143654360000000e-06  9.303334641445874e+02
1.418281020000000e-11  1.319444610000000e-08  2.561119990000000e-14  3.423302830000000e-06  9.303143400452401e+02
1.593148100000000e-11  1.482102690000000e-08  3.142195570000000e-14  3.721100900000000e-06  9.303000971444965e+02
1.789575430000000e-11  1.664821900000000e-08  3.851246070000000e-14  4.038412830000000e-06  9.302909077412122e+02
2.010221290000000e-11  1.870076600000000e-08  4.715375160000000e-14  4.377769350000000e-06  9.302862946870690e+02
2.258071690000000e-11  2.100645840000000e-08  5.766947700000000e-14  4.743298060000000e-06  9.302856132737309e+02
2.536480840000000e-11  2.359648190000000e-08  7.046495340000000e-14  5.137890980000000e-06  9.302870336270075e+02
2.849216460000000e-11  2.650583060000000e-08  8.603609840000000e-14  5.564380840000000e-06  9.302879233014961e+02
3.200510840000000e-11  2.977377000000000e-08  1.049796120000000e-13  6.026989110000000e-06  9.302850847276617e+02
3.595118100000000e-11  3.344441690000000e-08  1.280271610000000e-13  6.529140200000000e-06  9.302766695525524e+02
4.038378490000000e-11  3.756734760000000e-08  1.560736910000000e-13  7.072818400000000e-06  9.302620783742092e+02
4.536290710000000e-11  4.219822530000000e-08  1.901961300000000e-13  7.660108950000000e-06  9.302405466013441e+02
5.095593050000000e-11  4.739960600000000e-08  2.316964330000000e-13  8.292979859999999e-06  9.302123861016139e+02
5.723854630000000e-11  5.324187390000000e-08  2.821540780000000e-13  8.972902060000000e-06  9.301800883450808e+02
6.429577780000000e-11  5.980418360000000e-08  3.434545220000000e-13  9.701542970000000e-06  9.301470345463648e+02
7.222313110000000e-11  6.717553720000000e-08  4.178534890000000e-13  1.048095010000000e-05  9.301169034125272e+02
8.112788820000000e-11  7.545589850000000e-08  5.081098470000000e-13  1.131298860000000e-05  9.300920840417857e+02
9.113055810000000e-11  8.475765890000000e-08  6.175200110000000e-13  1.220065140000000e-05  9.300752479426657e+02
1.023665080000000e-10  9.520721660000000e-08  7.499927340000000e-13  1.314903910000000e-05  9.300694968781586e+02
1.149877950000000e-10  1.069463850000000e-07  9.103223560000001e-13  1.416204050000000e-05  9.300751903482974e+02
1.291652250000000e-10  1.201343230000000e-07  1.104298930000000e-12  1.524374490000000e-05  9.300911084924753e+02
1.450906630000000e-10  1.349497880000000e-07  1.338780070000000e-12  1.640153130000000e-05  9.301158599025081e+02
1.629796280000000e-10  1.515935450000000e-07  1.622104450000000e-12  1.764203520000000e-05  9.301479514019383e+02
1.830742150000000e-10  1.702910560000000e-07  1.964453210000000e-12  1.896907700000000e-05  9.301857197815104e+02
2.056463660000000e-10  1.912954350000000e-07  2.377928040000000e-12  2.038876420000000e-05  9.302270526289777e+02
2.310015530000000e-10  2.148909160000000e-07  2.877018760000000e-12  2.190752270000000e-05  9.302699061021464e+02
2.594829090000000e-10  2.413968540000000e-07  3.479321370000000e-12  2.352610580000000e-05  9.303130377707072e+02
2.914758760000000e-10  2.711718080000000e-07  4.205681080000000e-12  2.524436440000000e-05  9.303549144529546e+02
3.274134190000000e-10  3.046183080000000e-07  5.080665100000000e-12  2.706192010000000e-05  9.303937193395851e+02
3.677818840000000e-10  3.421885530000000e-07  6.133724870000000e-12  2.897383720000000e-05  9.304283370435668e+02
4.131275830000000e-10  3.843902810000000e-07  7.399371560000000e-12  3.097298050000000e-05  9.304575540083461e+02
4.640641830000000e-10  4.317934060000000e-07  8.917446520000000e-12  3.305271820000000e-05  9.304797466916768e+02
5.212810160000000e-10  4.850379950000000e-07  1.073564560000000e-11  3.520946340000000e-05  9.304937562614020e+02
5.855524030000000e-10  5.448427970000000e-07  1.291020770000000e-11  3.744773330000000e-05  9.304986273068032e+02
6.577481360000000e-10  6.120145630000000e-07  1.550523390000000e-11  3.978832060000000e-05  9.304930485335499e+02
7.388452490000000e-10  6.874600190000000e-07  1.859916700000000e-11  4.226160900000000e-05  9.304771453798710e+02
8.299412360000000e-10  7.721994410000000e-07  2.229204960000000e-11  4.490292400000000e-05  9.304535062884862e+02
9.322689119999999e-10  8.673800640000000e-07  2.670364770000000e-11  4.777962320000000e-05  9.304254989977615e+02
1.047213090000000e-09  9.742917090000000e-07  3.198053110000000e-11  5.097992040000000e-05  9.303967825030720e+02
1.176329310000000e-09  1.094383610000000e-06  3.831216130000000e-11  5.454779780000000e-05  9.303703587571918e+02
1.321364940000000e-09  1.229285690000000e-06  4.593516550000000e-11  5.851887940000000e-05  9.303498132510614e+02
1.484282740000000e-09  1.380831250000000e-06  5.513901290000000e-11  6.291520770000000e-05  9.303391812080897e+02
1.667287500000000e-09  1.551076540000000e-06  6.624960399999999e-11  6.764646270000000e-05  9.303391224392915e+02
1.872855860000000e-09  1.742329740000000e-06  7.963816090000000e-11  7.247793750000000e-05  9.303488941006384e+02
2.103769780000000e-09  1.957183560000000e-06  9.572482960000000e-11  7.700059600000001e-05  9.303676207524952e+02
2.363154250000000e-09  2.198546660000000e-06  1.148888070000000e-10  8.087012880000001e-05  9.303927362367480e+02
2.654519560000000e-09  2.469680080000000e-06  1.373924140000000e-10  8.391017570000000e-05  9.304197677164601e+02
2.981808770000000e-09  2.774239910000000e-06  1.633332060000000e-10  8.600040740000000e-05  9.304430489035017e+02
3.349451140000000e-09  3.116333480000000e-06  1.928342500000000e-10  8.719630260000000e-05  9.304588077227484e+02
3.762422000000000e-09  3.500587150000000e-06  2.263855410000000e-10  8.793542120000000e-05  9.304680696479555e+02
4.226310140000000e-09  3.932200900000000e-06  2.645985800000000e-10  8.921905010000000e-05  9.304725323778533e+02
4.747393410000000e-09  4.417021180000000e-06  3.083615990000000e-10  9.244609170000000e-05  9.304747174089792e+02
5.332723680000000e-09  4.961630510000000e-06  3.595231690000000e-10  9.796003390000000e-05  9.304794943301845e+02
5.990222300000000e-09  5.573441390000000e-06  4.210356090000000e-10  1.054928560000000e-04  9.304934185178738e+02
6.728787270000000e-09  6.260799250000000e-06  4.970578400000000e-10  1.142767390000000e-04  9.305237417380858e+02
7.558413670000001e-09  7.033043900000000e-06  5.907087660000000e-10  1.236838970000000e-04  9.305702116679728e+02
8.490328920000001e-09  7.900632189999999e-06  7.038988410000000e-10  1.330501650000000e-04  9.306277958476312e+02
9.537144750000000e-09  8.875289630000000e-06  8.377668450000000e-10  1.412251450000000e-04  9.306902253785128e+02
1.071302780000000e-08  9.970184180000000e-06  9.941755270000001e-10  1.474615430000000e-04  9.307525885004236e+02
1.203389150000000e-08  1.120011070000000e-05  1.176748340000000e-09  1.521719370000000e-04  9.308117368633414e+02
1.351761120000000e-08  1.258166260000000e-05  1.389610550000000e-09  1.566488790000000e-04  9.308635989286330e+02
1.518426620000000e-08  1.413344990000000e-05  1.637744550000000e-09  1.624582700000000e-04  9.309035720507850e+02
1.705641160000000e-08  1.587635190000000e-05  1.927940520000000e-09  1.697392160000000e-04  9.309273376423444e+02
1.915938330000000e-08  1.783376290000000e-05  2.268671890000000e-09  1.781388010000000e-04  9.309293150312410e+02
2.152164110000000e-08  2.003192760000000e-05  2.670130190000000e-09  1.870018170000000e-04  9.309047408187661e+02
2.417515370000000e-08  2.250054030000000e-05  3.143175520000000e-09  1.960447880000000e-04  9.308599959602325e+02
2.715583130000000e-08  2.527313300000000e-05  3.699688470000000e-09  2.051243640000000e-04  9.308068093820425e+02
3.050401180000000e-08  2.838754090000000e-05  4.352781680000000e-09  2.140753870000000e-04  9.307593331602369e+02
3.426500650000000e-08  3.188627640000000e-05  5.117750160000000e-09  2.228266900000000e-04  9.307278009756105e+02
3.848971340000000e-08  3.581714610000000e-05  6.012047430000000e-09  2.314793820000000e-04  9.307203141561973e+02
4.323530590000000e-08  4.023408360000000e-05  7.054473520000000e-09  2.403705410000000e-04  9.307471575798427e+02
4.856600660000000e-08  4.519744670000000e-05  8.269399960000000e-09  2.499911120000000e-04  9.308098249107433e+02
5.455395650000000e-08  5.077428440000000e-05  9.691990590000001e-09  2.609129850000000e-04  9.308944694156143e+02
6.128019120000000e-08  5.703942480000000e-05  1.136697170000000e-08  2.741154920000000e-04  9.309826006499145e+02
6.883573760000000e-08  6.407660890000000e-05  1.334973420000000e-08  2.905034760000000e-04  9.310564667240524e+02
7.732284570000000e-08  7.198035350000000e-05  1.570572150000000e-08  3.090483980000000e-04  9.311097977541197e+02
8.685637260000000e-08  8.085667260000000e-05  1.851509730000000e-08  3.269920250000000e-04  9.311370631347320e+02
9.756533640000000e-08  9.082459170000000e-05  2.186735190000000e-08  3.399937500000000e-04  9.311345853351662e+02
1.095946630000000e-07  1.020202160000000e-04  2.579753620000000e-08  3.466142090000000e-04  9.311221070701226e+02
1.231071460000000e-07  1.145990220000000e-04  3.027028000000000e-08  3.481543070000000e-04  9.311343492602778e+02
1.382856520000000e-07  1.287381170000000e-04  3.516968850000000e-08  3.481405850000000e-04  9.312122033347321e+02
1.553355930000000e-07  1.446316440000000e-04  4.050447160000000e-08  3.496514110000000e-04  9.313522141161814e+02
1.744877090000000e-07  1.624893790000000e-04  4.652377550000000e-08  3.544315780000000e-04  9.315034491942353e+02
1.960011850000000e-07  1.825411450000000e-04  5.366394070000000e-08  3.651726750000000e-04  9.316005356840062e+02
2.201671680000000e-07  2.050469500000000e-04  6.238940590000000e-08  3.842102110000000e-04  9.316072930815006e+02
2.473126980000000e-07  2.303135020000000e-04  7.289143620000000e-08  4.109515380000000e-04  9.315590962345168e+02
2.778051380000000e-07  2.586924360000000e-04  8.524886710000000e-08  4.424633920000000e-04  9.315079149727603e+02
3.120571460000000e-07  2.905820650000000e-04  9.952338000000000e-08  4.737983180000000e-04  9.315011436398896e+02
3.505322580000000e-07  3.264151660000000e-04  1.162245940000000e-07  5.021416830000000e-04  9.315302176668717e+02
3.937511630000000e-07  3.666699770000000e-04  1.362301090000000e-07  5.246400050000000e-04  9.315685681136642e+02
4.422987460000000e-07  4.118794940000000e-04  1.606957010000000e-07  5.375353810000000e-04  9.315879672446550e+02
4.968320080000000e-07  4.626582830000000e-04  1.898098750000000e-07  5.393766030000000e-04  9.315987807190555e+02
5.580889519999999e-07  5.197145180000000e-04  2.224502830000000e-07  5.319445370000000e-04  9.316381670336310e+02
6.268985770000000e-07  5.838573870000000e-04  2.561489650000000e-07  5.206030530000000e-04  9.317512551396331e+02
7.041920900000000e-07  6.559732680000000e-04  2.898886610000000e-07  5.119093600000000e-04  9.319376999264506e+02
7.910155140000000e-07  7.370063160000000e-04  3.266030420000000e-07  5.123357680000000e-04  9.321345864804367e+02
8.885438390000000e-07  8.279809940000000e-04  3.722510630000000e-07  5.325232750000000e-04  9.322592861543661e+02
9.980969270000000e-07  9.300523500000000e-04  4.336081100000000e-07  5.819137160000000e-04  9.322601171679592e+02
1.121157370000000e-06  1.044622150000000e-03  5.119130200000000e-07  6.538008080000000e-04  9.321921177042258e+02
1.259390570000000e-06  1.173323290000000e-03  6.055005390000000e-07  7.277047990000000e-04  9.321403689238359e+02
1.414667230000000e-06  1.318025660000000e-03  7.106457850000000e-07  7.720096740000000e-04  9.321883463611440e+02
1.589088750000000e-06  1.480711260000000e-03  8.284758750000000e-07  7.810753550000000e-04  9.323203224961476e+02
1.785015580000000e-06  1.663526060000000e-03  9.634801430000000e-07  7.693175570000000e-04  9.324789983866696e+02
2.005099230000000e-06  1.868829300000000e-03  1.122330730000000e-06  7.669960400000000e-04  9.325980493893062e+02
2.252318110000000e-06  2.099352410000000e-03  1.309988970000000e-06  7.898687350000000e-04  9.326668331810379e+02
2.530017860000000e-06  2.358272660000000e-03  1.528546270000000e-06  8.316477529999999e-04  9.327211651660041e+02
2.841956630000000e-06  2.649215560000000e-03  1.778382860000000e-06  8.758601020000000e-04  9.328059108558598e+02
3.192355910000000e-06  2.976236270000000e-03  2.061961260000000e-06  9.080135949999999e-04  9.329468001768009e+02
3.585957710000000e-06  3.343788000000000e-03  2.388787520000000e-06  9.311034450000000e-04  9.331333657919797e+02
4.028088670000000e-06  3.756840660000000e-03  2.773503990000000e-06  9.557877130000000e-04  9.333494051385915e+02
4.524732200000000e-06  4.220934650000000e-03  3.233689260000000e-06  9.956221760000000e-04  9.335731160531445e+02
5.082609440000000e-06  4.742223730000000e-03  3.780000310000000e-06  1.048978300000000e-03  9.337730522748961e+02
5.709270200000000e-06  5.327512830000000e-03  4.419331820000000e-06  1.104970360000000e-03  9.339078332323454e+02
6.413195160000000e-06  5.984358690000000e-03  5.155355960000000e-06  1.145406160000000e-03  9.339360329025135e+02
7.203910600000000e-06  6.721642170000000e-03  5.996743100000000e-06  1.164257270000000e-03  9.338870631043089e+02
8.092117370000000e-06  7.549719470000000e-03  6.954960230000000e-06  1.166778100000000e-03  9.338315405860209e+02
9.089835670000000e-06  8.480541059999999e-03  8.040681539999999e-06  1.166340990000000e-03  9.338542576248796e+02
1.021056770000000e-05  9.527239860000000e-03  9.270049370000000e-06  1.173713940000000e-03  9.339842983823514e+02
1.146948050000000e-05  1.070401180000000e-02  1.066842610000000e-05  1.192478660000000e-03  9.341905438611626e+02
1.288361110000000e-05  1.202659310000000e-02  1.226873830000000e-05  1.226963410000000e-03  9.344322600904959e+02
1.447209710000000e-05  1.351251660000000e-02  1.411673100000000e-05  1.279972950000000e-03  9.346698849194427e+02
1.625643550000000e-05  1.518144390000000e-02  1.627967940000000e-05  1.347928850000000e-03  9.348742889792784e+02
1.826077410000000e-05  1.705514660000000e-02  1.885317040000000e-05  1.420596940000000e-03  9.350096374282402e+02
2.051223780000000e-05  1.915803320000000e-02  2.194884650000000e-05  1.482705670000000e-03  9.350506869855028e+02
2.304129590000000e-05  2.151912650000000e-02  2.560860120000000e-05  1.530322020000000e-03  9.350487574442373e+02
2.588217440000000e-05  2.417231610000000e-02  2.981181090000000e-05  1.565856160000000e-03  9.350886651509466e+02
2.907331930000000e-05  2.715672600000000e-02  3.447960730000000e-05  1.596289760000000e-03  9.352631987672629e+02
3.265791670000000e-05  3.051360690000000e-02  3.967694100000000e-05  1.626903770000000e-03  9.355552015661794e+02
3.668447730000000e-05  3.428626570000000e-02  4.564783130000000e-05  1.662421110000000e-03  9.358703205865221e+02
4.120749300000000e-05  3.852123660000000e-02  5.278405310000000e-05  1.711307950000000e-03  9.360923910877082e+02
4.628817440000000e-05  4.327303070000000e-02  6.139912660000000e-05  1.777264040000000e-03  9.361879224729157e+02
5.199527880000000e-05  4.860863020000000e-02  7.151872200000000e-05  1.850958520000000e-03  9.362417135841957e+02
5.840604110000000e-05  5.460646160000000e-02  8.297849500000000e-05  1.912211070000000e-03  9.363661543394695e+02
6.560721890000000e-05  6.135484200000000e-02  9.559941960000000e-05  1.940195110000000e-03  9.366414618681544e+02
7.369626650000000e-05  6.894551409999999e-02  1.097023650000000e-04  1.943202680000000e-03  9.370246247820437e+02
8.278265400000000e-05  7.747795870000000e-02  1.259173950000000e-04  1.950154240000000e-03  9.374412675268903e+02
9.298934829999999e-05  8.706143510000000e-02  1.451271080000000e-04  2.005305420000000e-03  9.378123817650199e+02
1.044544780000000e-04  9.782279269999999e-02  1.678983640000000e-04  2.110809340000000e-03  9.381186229660732e+02
1.173332020000000e-04  1.099062140000000e-01  1.945983160000000e-04  2.233201490000000e-03  9.383602461986846e+02
1.317998090000000e-04  1.234735060000000e-01  2.254540340000000e-04  2.308277230000000e-03  9.385367169538158e+02
1.480500770000000e-04  1.387082740000000e-01  2.603366280000000e-04  2.291888310000000e-03  9.386594957866857e+02
1.663039240000000e-04  1.558195400000000e-01  2.985030070000000e-04  2.173162320000000e-03  9.387514091790162e+02
1.868083810000000e-04  1.750449720000000e-01  3.382707790000000e-04  1.952300090000000e-03  9.388403338231383e+02
2.098409360000000e-04  1.966520750000000e-01  3.774730510000000e-04  1.644096130000000e-03  9.389471463804374e+02
2.357132920000000e-04  2.209390960000000e-01  4.140768030000000e-04  1.285071380000000e-03  9.390780253622694e+02
2.647755820000000e-04  2.482423970000000e-01  4.452056160000000e-04  9.541978230000000e-04  9.392391879097070e+02
2.974211100000000e-04  2.789378740000000e-01  4.684729810000000e-04  7.553586200000000e-04  9.394301130171963e+02
3.340916710000000e-04  3.134334490000000e-01  4.872354290000000e-04  7.131495330000000e-04  9.396243955719566e+02
3.752835320000000e-04  3.521743780000000e-01  5.107864890000001e-04  8.093603200000000e-04  9.397832156647896e+02
4.215541470000000e-04  3.956503310000000e-01  5.542347060000000e-04  9.884660370000000e-04  9.398663695413725e+02
4.735297010000000e-04  4.444446910000000e-01  6.218273840000000e-04  1.203704140000000e-03  9.398914523082893e+02
5.319135860000000e-04  4.992438080000000e-01  7.069142370000000e-04  1.395035410000000e-03  9.399096684042960e+02
5.974959170000000e-04  5.608413170000000e-01  7.943373110000001e-04  1.455911380000000e-03  9.399824138229214e+02
6.711642270000000e-04  6.301072750000000e-01  8.740158080000000e-04  1.329550590000000e-03  9.401295024742133e+02
7.539154770000000e-04  7.079762979999999e-01  9.484878750000000e-04  1.071102750000000e-03  9.403239587227627e+02
8.468695500000000e-04  7.954807500000000e-01  1.025690730000000e-03  8.206215300000001e-04  9.405302631674501e+02
9.512844030000000e-04  8.937779610000000e-01  1.114581320000000e-03  7.258755780000000e-04  9.407202930036897e+02
1.068573090000000e-03  1.004193170000000e+00  1.216239920000000e-03  7.794217750000000e-04  9.408896961086676e+02
1.200322900000000e-03  1.128216860000000e+00  1.329526720000000e-03  9.020499890000000e-04  9.410354386473839e+02
1.348316820000000e-03  1.267522430000000e+00  1.452551300000000e-03  9.684660560000000e-04  9.411548995583992e+02
1.514557660000000e-03  1.423993390000000e+00  1.587595510000000e-03  9.575656890000000e-04  9.412523690316285e+02
1.701295170000000e-03  1.599747950000000e+00  1.740294750000000e-03  9.059193720000000e-04  9.413347389624341e+02
1.911056500000000e-03  1.797167800000000e+00  1.919516710000000e-03  8.855247900000000e-04  9.414097996108435e+02
2.146680380000000e-03  2.018932340000000e+00  2.132897360000000e-03  9.289885660000000e-04  9.414840030167883e+02
2.411355520000000e-03  2.268057550000000e+00  2.386872220000000e-03  1.022158540000000e-03  9.415635327883959e+02
2.708663800000000e-03  2.547940330000000e+00  2.688865990000000e-03  1.127624650000000e-03  9.416558806559899e+02
3.042628730000000e-03  2.862400910000000e+00  3.048919160000000e-03  1.215133840000000e-03  9.417678209986533e+02
3.417769900000000e-03  3.215732660000000e+00  3.481392770000000e-03  1.289260670000000e-03  9.419048522751634e+02
3.839164130000000e-03  3.612770310000000e+00  4.005155470000000e-03  1.366732200000000e-03  9.420736761962819e+02
4.312514200000000e-03  4.058929660000000e+00  4.643121110000000e-03  1.468010710000000e-03  9.422746436661009e+02
4.844226000000000e-03  4.560208050000000e+00  5.419431980000000e-03  1.593683820000000e-03  9.424885383093192e+02
5.441495260000000e-03  5.123268950000000e+00  6.361731150000000e-03  1.735201920000000e-03  9.426877055021087e+02
6.112404880000000e-03  5.755549230000000e+00  7.502192100000000e-03  1.877713750000000e-03  9.428451706392851e+02
6.866034360000000e-03  6.465611810000000e+00  8.880008930000001e-03  2.016970040000000e-03  9.429739904374729e+02
7.712582650000000e-03  7.263242180000000e+00  1.054133350000000e-02  2.156108060000000e-03  9.431060701177704e+02
8.663506180000001e-03  8.159563869999999e+00  1.253933310000000e-02  2.302600840000000e-03  9.432789719669823e+02
9.731673910000000e-03  9.166985390000001e+00  1.494012220000000e-02  2.460714990000000e-03  9.435093692118996e+02
1.093154150000000e-02  1.029932040000000e+01  1.782552910000000e-02  2.629528680000000e-03  9.437960720452828e+02
1.227934680000000e-02  1.157209320000000e+01  2.129229220000000e-02  2.806932790000000e-03  9.441369871726401e+02
1.379332990000000e-02  1.300270550000000e+01  2.545055170000000e-02  2.991022620000000e-03  9.445258067596860e+02
1.549397970000000e-02  1.461059920000000e+01  3.042040820000000e-02  3.182052680000000e-03  9.449489344690440e+02
1.740431120000000e-02  1.641749450000000e+01  3.633114280000000e-02  3.381854880000000e-03  9.453879245045906e+02
1.955017730000000e-02  1.844772280000000e+01  4.334431670000000e-02  3.593501560000000e-03  9.458260573780067e+02
2.196061810000000e-02  2.072884230000000e+01  5.174111230000000e-02  3.818495300000000e-03  9.462658709182690e+02
2.466825430000000e-02  2.329186350000000e+01  6.191849340000000e-02  4.058855770000000e-03  9.467140118382840e+02
2.770972880000000e-02  2.617164140000000e+01  7.436466130000000e-02  4.318710240000000e-03  9.471765765278799e+02
3.112620220000000e-02  2.940758400000000e+01  8.927859600000000e-02  4.607305190000000e-03  9.476537614987285e+02
3.496390990000000e-02  3.304424690000000e+01  1.064923230000000e-01  4.941656020000000e-03  9.481416499989321e+02
3.927478820000000e-02  3.713196620000000e+01  1.255072870000000e-01  5.348469370000000e-03  9.486358856290407e+02
4.411717650000000e-02  4.172707590000000e+01  1.477013020000000e-01  5.828414690000000e-03  9.491717404444503e+02
4.955660760000000e-02  4.689237170000000e+01  1.780891220000000e-01  6.328537620000000e-03  9.498321838720858e+02
5.566669370000000e-02  5.269816800000000e+01  2.253690070000000e-01  6.744348060000000e-03  9.507217599848220e+02
6.253012340000000e-02  5.922471440000000e+01  2.934302260000000e-01  7.053033810000000e-03  9.518315555731016e+02
7.023978030000000e-02  6.656620920000000e+01  3.636602350000000e-01  7.589677520000000e-03  9.528769758267596e+02
7.890000000000000e-02  7.483199999999999e+01  3.962700000000000e-01  9.028992420000000e-03  9.534634980988593e+02