-16.1272  0.147447  0.565425  245.015  25.1886  73.6462  0.0163297  498.484  
-16.3154  0.143458  0.590023  258.407  28.9701  84.042  0.0167489  497.494  
-16.3771  0.14574  0.630038  255.153  33.8977  76.1386  0.0195944  500.338  
-16.2497  0.146497  0.658812  263.808  33.6301  75.4604  0.027515  497.463  
-16.4337  0.152632  0.680628  269.196  36.389  97.3724  0.035707  495.121  
-16.6296  0.151695  0.634459  283.702  33.964  100.204  0.0292401  499.841  
-16.6811  0.150316  0.645335  288.053  35.2287  81.339  0.034489  501.994  
-16.5175  0.144802  0.648023  291.74  32.6179  91.6229  0.0297917  504.509  
-16.6076  0.148288  0.598151  289.257  33.7037  69.4402  0.0212874  502.003  
-16.4578  0.149414  0.644625  278.298  37.894  92.9047  0.0134052  503.612  
-16.4898  0.148868  0.659133  291.546  33.6517  97.5431  0.0208553  501.898  
-16.574  0.153072  0.636933  292.312  36.493  85.0302  0.012916  502.66  
-16.4923  0.151705  0.610748  292.514  36.5123  83.174  0.00731154  506.049  
-16.5428  0.151146  0.579229  287.104  38.1872  82.7305  0.00539915  502.434  
-16.373  0.149769  0.596801  276.54  37.5157  78.0846  0.00306807  505.777  
-16.3464  0.14528  0.611668  277.059  35.0205  65.4676  0.000932928  501.809  
-16.4075  0.144871  0.613431  277.616  32.245  48.1848  0.00704875  499.656  
-16.4701  0.146905  0.636789  278.448  36.5029  67.9968  0.0146953  502.718  
-16.3589  0.144014  0.63992  281.908  37.1014  77.7972  0.0183287  504.609  
-16.3599  0.145495  0.645111  285.041  36.6082  88.8835  0.0118115  501.043  
-16.2493  0.145027  0.672588  279.452  35.5046  94.5697  0.00911641  501.514  
-16.3094  0.146121  0.660477  288.501  32.8106  89.2067  0.0134697  501.546  
-16.288  0.145114  0.672742  292.469  34.9172  102.179  0.00815634  498.976  
-16.3125  0.143636  0.644746  282.522  35.7898  91.5953  0.0124695  501.063  
-16.3859  0.145636  0.655374  289.772  36.8308  93.1835  0.0101754  499.681  
-16.4521  0.146096  0.632483  278.712  38.179  91.8791  0.0151925  498.759  
-16.4876  0.148819  0.616241  271.638  35.4758  74.7651  0.0204807  501.094  
-16.431  0.151925  0.607201  268.937  34.0247  78.3425  0.0176781  502.083  
-16.4712  0.149784  0.609043  276.279  36.7823  75.0868  0.0129446  501.037  
-16.3892  0.148098  0.619236  275.671  38.4761  90.7758  0.0124739  503.601  
-16.474  0.14748  0.593683  270.353  38.211  92.5974  0.0161985  502.618  
-16.4703  0.144548  0.604238  277.136  39.215  87.1792  0.012636  501.746  
-16.4804  0.143784  0.585665  286.543  37.7054  86.676  0.0143485  502.465  
-16.4572  0.141318  0.5668  289.739  36.464  88.985  0.0170788  502.299  
-16.4998  0.139884  0.555817  295.281  37.9238  85.6904  0.0167409  503.014  
-16.4419  0.142228  0.54916  299.642  36.9833  92.8472  0.0215477  502.124  
-16.467  0.14515  0.558751  296.722  36.1845  95.783  0.0269495  504.309  
-16.4196  0.144793  0.559801  288.701  37.789  94.6306  0.0297176  502.865  
-16.364  0.146647  0.556621  283.934  37.7621  104.929  0.0327984  503.186  
-16.3632  0.145545  0.556748  278.814  39.0888  112.187  0.0315259  501.039  
-16.321  0.144998  0.548812  276.728  37.9401  102.836  0.0276239  500.261  
-16.3425  0.146944  0.561762  272.825  36.9412  105.489  0.0241748  500.045  
-16.3975  0.149583  0.559692  267.09  37.2477  104.304  0.0235999  501.115  
-16.374  0.150958  0.566682  264.776  36.2158  108.796  0.0216611  502.542  
-16.4067  0.14812  0.570186  265.678  37.8571  113.724  0.0234408  502.121  
-16.3784  0.146719  0.549242  270.477  38.0155  104.432  0.021128  500.854  
-16.3423  0.147841  0.572643  264.236  36.5005  108.564  0.0211425  500.24  
-16.2973  0.149523  0.576769  263.365  35.527  108.908  0.0246578  501.076  
-16.3068  0.148543  0.594637  258.175  36.6681  109.241  0.0266816  500.45  
-16.3416  0.148725  0.584627  264.606  37.1629  109.967  0.0222958  501.268  
-16.3934  0.150905  0.582063  260.443  36.958  113.668  0.0185968  501.608  
-16.3455  0.148775  0.593105  260.599  37.2931  107.718  0.0177656  501.736  
-16.3606  0.149851  0.579815  258.43  37.6462  112.431  0.0141649  501.397  
-16.3228  0.149126  0.588661  265.495  38.1392  116.014  0.0149616  502.405  
-16.3546  0.150371  0.574815  269.74  38.3764  118.164  0.0131588  502.541  
-16.3153  0.149482  0.55578  262.599  37.447  116.046  0.0153209  501.614  
-16.3681  0.150828  0.571009  259.539  38.4198  120.27  0.0127868  502.242  
-16.3201  0.152114  0.584694  255.241  38.3049  114.235  0.00883206  501.53  
-16.272  0.15015  0.567732  248.575  37.7524  107.469  0.00659905  502.19  
-16.2988  0.15092  0.56  250.013  38.15  109.409  0.00906796  501.056  
-16.2854  0.149857  0.556674  250.071  37.4269  108.989  0.00962861  500.445  
-16.2772  0.149484  0.557311  252.448  37.6995  105.455  0.0135908  500.031  
-16.2397  0.1499  0.5677  249.441  37.2943  99.8028  0.0150784  500.491  
-16.2735  0.14938  0.559148  254.753  38.0495  101.115  0.0142737  500.659  
-16.2647  0.149618  0.55986  253.939  37.4898  101.702  0.0127078  501.18  
-16.2425  0.149348  0.552389  247.105  36.6278  105.527  0.0129483  501.099  
-16.2819  0.150216  0.56279  245.876  36.1594  110.754  0.00987236  500.597  
-16.2836  0.151834  0.556462  240.367  36.6765  108.348  0.00983505  500.907  
-16.3089  0.152834  0.554296  245.814  36.7505  112.319  0.006959  500.987  
-16.3205  0.153754  0.569624  249.89  35.8898  115.632  0.00466133  501.667  
-16.3463  0.155031  0.562215  253.157  36.0896  111.666  0.00347138  501.915  
-16.3816  0.154252  0.555428  251.66  35.8436  111.975  0.00134581  502.561  
-16.3931  0.155158  0.559658  252.035  36.2189  110.173  0.00298515  502.387  
-16.4193  0.155907  0.558191  247.791  36.6035  112.238  0.00151586  501.882  
-16.3951  0.155358  0.548174  246.25  37.3678  112.635  0.00414332  501.282  
-16.412  0.15644  0.548338  242.204  38.1146  109.803  0.00468775  500.758  
-16.4144  0.15711  0.549142  246.435  38.227  115.076  0.00334748  500.914  
-16.3847  0.156482  0.554978  242.066  37.8624  116.114  0.00267517  500.544  
-16.3795  0.157845  0.564785  239.062  38.5481  113.392  0.00496766  500.185  
-16.4079  0.15732  0.575175  242.297  38.4695  110.602  0.00759407  500.186  
-16.4012  0.156184  0.576446  247.072  38.7676  110.514  0.00991039  500.79  
-16.4025  0.155261  0.572477  244.409  38.3496  111.49  0.00841191  500.118  
-16.4039  0.156388  0.574032  243.811  38.3926  112.762  0.00566305  500.084  
-16.426  0.155853  0.573907  243.658  38.9133  113.952  0.00722164  499.363  
-16.4313  0.155195  0.58334  243.543  39.3512  116.95  0.00481326  498.875  
-16.4478  0.155361  0.57947  239.85  40.2143  117.397  0.00280209  498.81  
-16.4744  0.155438  0.579054  239.489  39.7869  118.658  0.00206014  498.565  
-16.465  0.15582  0.587975  239.575  40.4544  115.987  0.00311192  499.217  
-16.4766  0.157171  0.582378  240.6  39.5898  117.749  0.000734757  499.211  
-16.4753  0.157008  0.574571  239.34  39.6923  118.9  0.00345091  499.693  
-16.4482  0.156367  0.579722  240.254  40.0914  119.766  0.00250513  499.336  
-16.4696  0.157251  0.580613  239.825  40.7027  121.492  0.00134971  499.315  
-16.4438  0.157922  0.584285  241.665  40.9067  120.689  0.00319716  499.043  
-16.4716  0.158615  0.580371  243.24  40.7482  119.103  0.00289604  499.486  
-16.4632  0.158185  0.584199  242.322  40.6491  120.359  0.00546017  500.049  
-16.4511  0.157527  0.577506  239.906  40.0089  122.817  0.00803798  500.55  
-16.4614  0.157871  0.581881  240.218  40.349  123.706  0.00959688  500.41  
-16.4452  0.158215  0.583327  238.264  41.164  122.102  0.00703171  500.459  
-16.434  0.157805  0.581486  240.014  40.9021  120.241  0.00736556  500.025  
-16.4421  0.158654  0.583634  236.999  41.19  118.963  0.00863153  500.65  
-16.452  0.158864  0.585046  235.259  41.7906  119.235  0.0106478  500.132  
-16.4543  0.158159  0.582176  237.76  41.9687  117.467  0.0113299  500.677  
-16.4702  0.158628  0.583897  239.381  41.4024  116.486  0.0109119  500.336  
-16.4494  0.157919  0.582917  237.71  41.0914  115.117  0.0101593  500.617  
-16.4489  0.157085  0.585766  236.672  41.0455  117.062  0.0102706  500.476  
-16.4419  0.156242  0.585277  236.351  40.6035  115.672  0.00809914  501.032  
-16.445  0.155982  0.585304  237.614  40.396  116.128  0.0058616  501.09  
-16.4519  0.156696  0.585802  236.883  40.3046  116.469  0.00397008  501.417  
-16.4706  0.156293  0.585089  237.471  40.8349  116.151  0.00135789  501.251  
-16.4747  0.155776  0.584677  237.961  41.2375  114.746  0.000246177  500.976  
-16.4599  0.155395  0.586409  236.002  41.7032  114.511  0.00252168  500.993  
-16.4467  0.155513  0.586197  237.63  41.1615  115.746  0.00102547  500.557  
-16.4576  0.155817  0.586963  239.555  40.6409  116.98  0.000582494  500.708  
-16.4525  0.156717  0.58963  241.441  41.1049  116.067  0.00242761  501.146  
-16.4625  0.157175  0.590641  240.835  41.2546  115.044  0.00464216  501.183  
-16.4578  0.157822  0.589814  239.251  41.8326  113.213  0.00628629  501.694  
-16.4558  0.157643  0.591068  238.112  41.323  113.811  0.00389846  501.194  
-16.4584  0.15824  0.590834  238.406  41.9046  112.642  0.00207926  501.027  
-16.4568  0.15839  0.591748  236.822  42.4844  112.456  0.00254076  501.1  
-16.4484  0.159013  0.593485  237.107  42.2277  114.144  0.00552573  500.58  
-16.4571  0.158139  0.594312  236.214  41.9144  113.431  0.00499762  500.5  
-16.4473  0.157683  0.596478  236.477  42.3165  113.347  0.00349651  500.898  
-16.4436  0.157726  0.593971  235.048  42.0554  114.523  0.00571958  501.201  
-16.4358  0.158333  0.592057  235.454  42.4729  113.721  0.00442498  500.872  
-16.4348  0.158395  0.594222  233.715  42.4509  112.704  0.00678953  500.477  
-16.4367  0.15788  0.591524  235.147  42.9652  112.774  0.00905566  500.095  
