112.198  189.84  200.314  0  3.22622  -0.00322983  0.024046  0  0.0436993  0  0  0  498.757  782.5  763  980  
107.594  185.231  190.295  0  3.18672  -0.0023361  0.0248533  0  0.0382658  0  0  0  493.98  782.5  763  980  
111.038  189.045  202.301  0  3.15122  -0.00109352  0.0276109  0  0.0423026  0  0  0  497.325  782.5  763  980  
109.175  184.985  210.907  0  3.38028  -0.00503627  0.0214325  0  0.0500515  0  0  0  496.824  782.5  763  980  
108.921  187.539  213.716  0  3.34979  -0.00426365  0.0232015  0  0.0431618  0  0  0  493.429  782.5  763  980  
107.645  185.241  176.666  0  3.29091  -0.00347637  0.0238189  0  0.0423001  0  0  0  493.584  782.5  763  980  
110.213  186.574  181.27  0  3.24062  -0.00346843  0.023166  0  0.0427979  0  0  0  498.038  782.5  763  980  
108.478  184.034  163.031  0  3.45239  -0.00667172  0.0186272  0  0.0421228  0  0  0  496.068  782.5  763  980  
111.325  190.066  194.796  0  3.12733  -0.00142378  0.0267679  0  0.0419978  0  0  0  497.056  782.5  763  980  
111.843  192.523  212.96  0  3.01011  -0.00111885  0.0265055  0  0.043923  0  0  0  496.331  782.5  763  980  
110.753  188.844  162.923  0  3.28896  -0.00339555  0.0239428  0  0.0421262  0  0  0  496.051  782.5  763  980  
111.282  188.741  167.335  0  3.11418  -0.00213062  0.0248134  0  0.0405513  0  0  0  498.576  782.5  763  980  
109.72  187.742  193.764  0  3.27032  -0.00370253  0.0229886  0  0.0416898  0  0  0  495.217  782.5  763  980  
109.562  186.804  183.992  0  3.31527  -0.00416476  0.0226273  0  0.0394377  0  0  0  495.929  782.5  763  980  
112.457  190.681  221.907  0  3.18995  -0.00317554  0.0239293  0  0.0461566  0  0  0  498.644  782.5  763  980  
110.777  186.66  189.027  0  3.26141  -0.00410618  0.0224135  0  0.0449991  0  0  0  499.391  782.5  763  980  
111.239  190.951  206.671  0  3.19796  -0.0039959  0.0222019  0  0.0414845  0  0  0  495.611  782.5  763  980  
110.323  186.885  192.257  0  3.31238  -0.00437804  0.0223678  0  0.042487  0  0  0  497.652  782.5  763  980  
109.666  187.16  187.531  0  3.33715  -0.00384584  0.0235949  0  0.0440508  0  0  0  495.449  782.5  763  980  
107.247  180.943  181.381  0  3.53684  -0.00671432  0.0191156  0  0.0437705  0  0  0  496.44  782.5  763  980  
112.109  191.624  208.286  0  3.13927  -0.00324247  0.023275  0  0.0431686  0  0  0  497.158  782.5  763  980  
109.37  184.927  222.469  0  3.36534  -0.0050924  0.0210676  0  0.0438829  0  0  0  497.417  782.5  763  980  
107.787  182.999  193.421  0  3.41662  -0.00451986  0.022526  0  0.0463802  0  0  0  495.681  782.5  763  980  
109.894  189.553  194.629  0  3.16535  -0.00291334  0.0239999  0  0.0472973  0  0  0  494.439  782.5  763  980  
107.126  179.793  185.827  0  3.60068  -0.00823766  0.0164971  0  0.0435105  0  0  0  497.348  782.5  763  980  
108.876  184.785  195.361  0  3.34438  -0.00465905  0.0218885  0  0.0433362  0  0  0  496.668  782.5  763  980  
107.269  179.697  159.18  0  3.61922  -0.00701837  0.0193304  0  0.0425209  0  0  0  497.483  782.5  763  980  
112.22  192.964  186.937  0  3.02732  -0.000645322  0.0275447  0  0.0447936  0  0  0  496.317  782.5  763  980  
113.041  191.613  180.347  0  3.11368  -0.00138924  0.0268682  0  0.0422247  0  0  0  499.107  782.5  763  980  
112.428  190.452  170.077  0  3.18994  -0.00354909  0.023185  0  0.0402864  0  0  0  498.982  782.5  763  980  
109.469  186.24  188.697  0  3.30043  -0.00398608  0.0227628  0  0.0432645  0  0  0  496.366  782.5  763  980  
106.313  178.004  157.769  0  3.54088  -0.00559662  0.0210447  0  0.0451389  0  0  0  497.739  782.5  763  980  
109.161  183.795  217.998  0  3.38408  -0.00486911  0.0214373  0  0.0443914  0  0  0  498.086  782.5  763  980  
110.159  189.461  208.898  0  3.27619  -0.00501243  0.0207  0  0.0487446  0  0  0  494.415  782.5  763  980  
109.102  183.173  177.513  0  3.45372  -0.00508904  0.0218613  0  0.0424242  0  0  0  498.254  782.5  763  980  
107.196  184.653  151.312  0  3.28984  -0.00368562  0.0228968  0  0.0397585  0  0  0  493.026  782.5  763  980  
107.317  181.551  172.334  0  3.46082  -0.00501349  0.0218914  0  0.0407463  0  0  0  496.132  782.5  763  980  
105.627  178.219  178.249  0  3.69831  -0.00905592  0.0157127  0  0.0375891  0  0  0  495.278  782.5  763  980  
111.623  187.782  177.577  0  3.2399  -0.00402648  0.0221881  0  0.0432802  0  0  0  499.867  782.5  763  980  
110.261  187.38  178.554  0  3.31113  -0.00457197  0.0219784  0  0.0408728  0  0  0  496.919  782.5  763  980  
109.886  184.803  182.229  0  3.40235  -0.005019  0.0214242  0  0.0408173  0  0  0  498.357  782.5  763  980  
112.488  189.755  183.6  0  3.29679  -0.00406002  0.0231001  0  0.0430793  0  0  0  499.072  782.5  763  980  
110.616  187.711  176.359  0  3.30575  -0.0043369  0.0223435  0  0.0386677  0  0  0  497.316  782.5  763  980  
108.564  182.772  177.332  0  3.58366  -0.00691964  0.0194592  0  0.0423949  0  0  0  496.851  782.5  763  980  
113.202  192.11  212.437  0  3.19301  -0.0027463  0.0251303  0  0.0510356  0  0  0  498.694  782.5  763  980  
110.424  187.011  225.433  0  3.34604  -0.00431092  0.0226338  0  0.0443315  0  0  0  497.268  782.5  763  980  
113.295  193.712  177.515  0  3.20234  -0.00329467  0.024247  0  0.0435539  0  0  0  496.925  782.5  763  980  
109.816  187.5  213.876  0  3.36705  -0.00449209  0.0226672  0  0.0427517  0  0  0  495.278  782.5  763  980  
110.517  189.977  220.701  0  3.20058  -0.00343967  0.0233522  0  0.0422128  0  0  0  495.023  782.5  763  980  
107.316  182.872  166.906  0  3.43466  -0.006519  0.0187103  0  0.0494401  0  0  0  495.063  782.5  763  980  