106.435  180.326  109.218  0  3.26841  -0.00290168  0.0232017  0  0.00976262  0  0  0  496.192  782.5  763  980  
108.02  183.89  78.1496  0  3.00307  -0.000269376  0.0258481  0  0.0007529  0  0  0  497.014  782.5  763  980  
109.851  185.104  118.306  0  3.077  -0.00142713  0.0249914  0  0.0127982  0  0  0  499.618  782.5  763  980  
106.155  180.54  87.0784  0  3.14497  -0.00164179  0.0242761  0  0.00380678  0  0  0  495.94  782.5  763  980  
105.021  178.539  106.548  0  3.20391  -0.00174609  0.0243834  0  0.010061  0  0  0  495.309  782.5  763  980  
109.787  187.755  85.877  0  2.87909  0.0010626  0.0280634  0  0.00195842  0  0  0  497.29  782.5  763  980  
109.629  186.987  85.9063  0  2.93064  0.00135746  0.0293576  0  0.00313671  0  0  0  497.526  782.5  763  980  
111.282  190.379  79.2681  0  2.74905  0.00174083  0.0283037  0  0.000891181  0  0  0  498.486  782.5  763  980  
110.463  186.611  84.5656  0  2.89779  0.000861109  0.0277512  0  0.00370724  0  0  0  500.099  782.5  763  980  
108.399  184.193  81.1779  0  3.16317  -0.00343972  0.0215843  0  0.00514007  0  0  0  497.036  782.5  763  980  
111.338  188.465  92.8024  0  2.94544  5.60119e-05  0.0270981  0  0.00290046  0  0  0  499.722  782.5  763  980  
106.711  180.347  82.8957  0  3.24514  -0.00378379  0.0209659  0  0.00119163  0  0  0  497.096  782.5  763  980  
106.409  179.41  83.0347  0  3.02096  0.000310716  0.0271028  0  0.00626788  0  0  0  498.809  782.5  763  980  
109.403  187.581  94.6643  0  2.86375  0.000705796  0.0269793  0  0.00622212  0  0  0  496.661  782.5  763  980  
103.545  175.162  91.1177  0  3.2499  -0.00312254  0.0212647  0  0.00571421  0  0  0  495.783  782.5  763  980  
109.094  186.245  90.9135  0  2.97194  0.000325502  0.0274087  0  0.0021623  0  0  0  496.958  782.5  763  980  
110.478  189.257  93.4729  0  3.01679  -0.000795716  0.0263739  0  0.00388722  0  0  0  496.586  782.5  763  980  
108.412  185.74  92.3388  0  2.89489  0.000299352  0.0262554  0  0.00588874  0  0  0  496.482  782.5  763  980  
108.102  182.576  138.705  0  3.0968  -0.000605122  0.0264616  0  0.0195756  0  0  0  498.318  782.5  763  980  
111.627  191.025  83.7137  0  2.87164  -0.000427824  0.025509  0  0.00386667  0  0  0  498.065  782.5  763  980  
105.275  177.593  94.0353  0  3.2958  -0.0035513  0.0218669  0  0.00477063  0  0  0  496.915  782.5  763  980  
106.506  180.382  111.807  0  3.09701  -0.000798993  0.0259703  0  0.00672784  0  0  0  497.474  782.5  763  980  
111.646  191.45  111.217  0  2.7266  0.00260571  0.0300744  0  0.0101501  0  0  0  498.175  782.5  763  980  
114.617  196.607  90.4399  0  2.61462  0.00363154  0.0312678  0  0.00342374  0  0  0  499.285  782.5  763  980  
110.941  187.846  109.706  0  2.9406  -0.00140784  0.0236007  0  0.0144173  0  0  0  499.699  782.5  763  980  
108.836  184.235  83.9281  0  2.92724  0.000109642  0.0260644  0  0.00269904  0  0  0  499.024  782.5  763  980  
106.596  180.732  93.3791  0  3.20813  -0.00309715  0.0219295  0  0.00791  0  0  0  496.522  782.5  763  980  
107.273  184.368  83.8353  0  3.09019  -0.00230791  0.0227913  0  0.000698396  0  0  0  494.32  782.5  763  980  
107.267  179.918  90.1054  0  3.29597  -0.00388833  0.0215488  0  0.00613232  0  0  0  498.709  782.5  763  980  
108.59  183.852  117.435  0  2.93155  0.000678379  0.0272182  0  0.0117588  0  0  0  498.764  782.5  763  980  
109.569  186.191  90.5593  0  2.81202  0.00206752  0.029354  0  0.00131352  0  0  0  499.105  782.5  763  980  
110.763  189.586  74.994  0  2.87395  8.90322e-05  0.026175  0  0.00137  0  0  0  497.491  782.5  763  980  
111.345  189.628  89.0246  0  2.86634  0.00175657  0.0300233  0  0.00245971  0  0  0  498.813  782.5  763  980  
107.757  184.288  86.2926  0  2.90241  0.000203703  0.0262978  0  0.00437559  0  0  0  496.828  782.5  763  980  
109.87  187.949  78.2001  0  2.78018  0.00232658  0.0296523  0  0.0018319  0  0  0  497.85  782.5  763  980  
107.93  184.679  81.7014  0  2.88223  0.00151108  0.0290237  0  0.00103574  0  0  0  496.84  782.5  763  980  
110.603  188.693  86.5575  0  2.88115  0.000673508  0.0277223  0  0.00272193  0  0  0  498.226  782.5  763  980  
106.408  180.74  94.5048  0  3.03287  -0.00158448  0.023342  0  0.00683784  0  0  0  497.213  782.5  763  980  
108.571  186.909  88.562  0  2.80214  0.00151212  0.0278903  0  0.00707705  0  0  0  495.985  782.5  763  980  
106.654  179.653  93.5955  0  3.231  -0.00417944  0.0199602  0  0.003503  0  0  0  498.021  782.5  763  980  
107.547  180.941  88.517  0  3.00173  -0.000393863  0.025279  0  0.00448612  0  0  0  499.615  782.5  763  980  
104.34  175.084  78.4535  0  3.2787  -0.00231978  0.0237001  0  0.00238799  0  0  0  497.682  782.5  763  980  
105.32  174.997  109.734  0  3.61883  -0.00747546  0.0165619  0  0.00496694  0  0  0  498.247  782.5  763  980  
108.98  183.517  85.1617  0  3.2114  -0.00326242  0.0224112  0  0.0064574  0  0  0  498.733  782.5  763  980  
107.903  185.721  75.0581  0  2.9811  -0.000977573  0.0248381  0  0.00036837  0  0  0  494.958  782.5  763  980  
109.207  185.887  102.516  0  2.84296  0.00195121  0.029508  0  0.00605778  0  0  0  498.451  782.5  763  980  
110.121  188.897  77.7126  0  2.84887  0.00142338  0.0286173  0  0.0019021  0  0  0  496.814  782.5  763  980  
104.258  177.067  94.239  0  3.15989  -0.00150972  0.0243917  0  0.00576141  0  0  0  495.729  782.5  763  980  
108.718  185.245  90.9076  0  3.08334  -0.00140847  0.0246889  0  0.00429088  0  0  0  496.532  782.5  763  980  
109.752  189.605  95.3884  0  2.86762  0.00146044  0.0292325  0  0.00320873  0  0  0  495.282  782.5  763  980  
